

Software Version	3.03.14



Experiment File Path:	C:\Users\Public\Documents\Experiments\Task2_48hr_48well_discon_180112_134047.xpt
Protocol File Path:	C:\Users\Public\Documents\Protocols\Task2_48hr_48well_discon.prt



Plate Number	Plate 1
Date	1/12/2018
Time	1:41:23 PM
Reader Type:	Synergy H1
Reader Serial Number:	1706221C
Reading Type	Reader

Procedure Details

Plate Type	Costar 48 well
Discontinuous Kinetics	Runtime 2:00:15 (D:HH:MM), Interval 0:00:15, 194 Reads
Set Temperature	Setpoint 25°C
	Preheat before moving to next step
Read	Absorbance Endpoint
	Full Plate
	Wavelengths:  600
	Read Speed: Normal,  Delay: 100 msec,  Measurements/Data Point: 8
Shake	Linear: 15:00 (MM:SS)
	Frequency: 567 cpm (3 mm)

Layout
	1	2	3	4	5	6	7	8
A	SPL1	SPL7	SPL13	SPL19	SPL25	SPL31	SPL37	SPL43	Well ID
B	SPL2	SPL8	SPL14	SPL20	SPL26	SPL32	SPL38	SPL44	Well ID
C	SPL3	SPL9	SPL15	SPL21	SPL27	SPL33	SPL39	SPL45	Well ID
D	SPL4	SPL10	SPL16	SPL22	SPL28	SPL34	SPL40	SPL46	Well ID
E	SPL5	SPL11	SPL17	SPL23	SPL29	SPL35	SPL41	SPL47	Well ID
F	SPL6	SPL12	SPL18	SPL24	SPL30	SPL36	SPL42	SPL48	Well ID

600

Time	T° 600	A1	A2	A3	A4	A5	A6	A7	A8	B1	B2	B3	B4	B5	B6	B7	B8	C1	C2	C3	C4	C5	C6	C7	C8	D1	D2	D3	D4	D5	D6	D7	D8	E1	E2	E3	E4	E5	E6	E7	E8	F1	F2	F3	F4	F5	F6	F7	F8
0:00:00	25.0	0.040	0.045	0.039	0.040	0.040	0.040	0.042	0.039	0.040	0.041	0.040	0.048	0.049	0.048	0.048	0.047	0.040	0.045	0.040	0.040	0.040	0.040	0.049	0.039	0.039	0.043	0.039	0.048	0.048	0.049	0.048	0.048	0.039	0.048	0.040	0.041	0.039	0.040	0.050	0.039	0.040	0.040	0.040	0.048	0.048	0.048	0.048	0.048
0:15:43	25.0	0.040	0.051	0.039	0.040	0.039	0.040	0.049	0.039	0.040	0.052	0.040	0.048	0.049	0.048	0.048	0.047	0.040	0.052	0.040	0.040	0.040	0.040	0.049	0.039	0.039	0.054	0.039	0.048	0.048	0.048	0.048	0.048	0.039	0.050	0.040	0.040	0.039	0.040	0.050	0.040	0.040	0.053	0.040	0.048	0.048	0.048	0.048	0.048
0:31:26	25.1	0.039	0.051	0.039	0.040	0.039	0.040	0.049	0.039	0.040	0.054	0.040	0.047	0.048	0.048	0.048	0.047	0.040	0.052	0.040	0.040	0.040	0.040	0.050	0.039	0.039	0.054	0.039	0.048	0.048	0.048	0.048	0.048	0.039	0.050	0.040	0.040	0.039	0.040	0.050	0.040	0.040	0.054	0.040	0.048	0.048	0.048	0.048	0.048
0:47:09	25.0	0.039	0.051	0.039	0.040	0.039	0.040	0.049	0.039	0.040	0.053	0.040	0.047	0.048	0.048	0.048	0.047	0.040	0.053	0.040	0.040	0.040	0.040	0.050	0.039	0.039	0.055	0.039	0.048	0.048	0.048	0.048	0.048	0.039	0.051	0.040	0.040	0.039	0.040	0.051	0.040	0.040	0.054	0.040	0.048	0.048	0.048	0.048	0.048
1:02:51	25.0	0.039	0.053	0.039	0.040	0.039	0.040	0.050	0.039	0.040	0.054	0.040	0.047	0.048	0.048	0.048	0.047	0.040	0.054	0.040	0.040	0.040	0.040	0.051	0.039	0.039	0.055	0.039	0.048	0.048	0.048	0.048	0.048	0.039	0.052	0.040	0.040	0.039	0.040	0.051	0.039	0.040	0.054	0.040	0.048	0.048	0.048	0.048	0.048
1:18:34	25.0	0.039	0.054	0.039	0.040	0.039	0.040	0.051	0.039	0.040	0.057	0.040	0.047	0.048	0.048	0.048	0.047	0.040	0.055	0.040	0.040	0.040	0.040	0.052	0.039	0.039	0.057	0.039	0.048	0.048	0.048	0.048	0.048	0.039	0.053	0.040	0.040	0.039	0.040	0.052	0.039	0.039	0.055	0.040	0.048	0.048	0.048	0.048	0.048
1:34:17	25.0	0.039	0.055	0.039	0.040	0.039	0.040	0.052	0.039	0.040	0.056	0.040	0.047	0.048	0.048	0.048	0.047	0.040	0.056	0.040	0.040	0.040	0.040	0.053	0.039	0.039	0.058	0.039	0.048	0.048	0.048	0.048	0.048	0.039	0.054	0.040	0.040	0.039	0.040	0.053	0.040	0.040	0.056	0.040	0.048	0.048	0.048	0.048	0.048
1:50:00	25.0	0.039	0.056	0.039	0.040	0.039	0.040	0.052	0.039	0.040	0.058	0.040	0.047	0.048	0.048	0.048	0.047	0.040	0.058	0.040	0.040	0.040	0.040	0.054	0.039	0.039	0.059	0.039	0.048	0.048	0.048	0.048	0.048	0.039	0.055	0.040	0.040	0.039	0.040	0.054	0.039	0.040	0.057	0.040	0.048	0.048	0.048	0.048	0.048
2:05:43	25.0	0.039	0.057	0.039	0.040	0.039	0.040	0.053	0.039	0.040	0.059	0.040	0.047	0.048	0.048	0.048	0.047	0.040	0.059	0.040	0.040	0.040	0.040	0.055	0.039	0.039	0.061	0.039	0.048	0.048	0.048	0.048	0.048	0.039	0.057	0.040	0.040	0.039	0.040	0.055	0.039	0.040	0.059	0.040	0.048	0.048	0.048	0.048	0.048
2:21:25	25.0	0.039	0.059	0.039	0.040	0.039	0.040	0.054	0.039	0.040	0.061	0.040	0.047	0.049	0.048	0.048	0.047	0.040	0.061	0.040	0.040	0.040	0.040	0.056	0.039	0.039	0.063	0.039	0.048	0.048	0.048	0.048	0.048	0.039	0.058	0.040	0.040	0.039	0.040	0.057	0.039	0.040	0.060	0.040	0.048	0.048	0.048	0.048	0.048
2:37:08	25.1	0.039	0.060	0.039	0.040	0.039	0.040	0.056	0.039	0.040	0.062	0.040	0.047	0.048	0.048	0.048	0.047	0.040	0.063	0.040	0.040	0.040	0.040	0.057	0.039	0.039	0.064	0.039	0.048	0.048	0.048	0.048	0.048	0.039	0.060	0.040	0.040	0.039	0.040	0.058	0.039	0.039	0.062	0.040	0.048	0.048	0.048	0.048	0.047
2:52:51	25.1	0.039	0.062	0.039	0.040	0.039	0.040	0.057	0.039	0.040	0.064	0.040	0.047	0.048	0.048	0.048	0.047	0.040	0.064	0.040	0.040	0.040	0.040	0.059	0.039	0.039	0.066	0.039	0.048	0.048	0.048	0.048	0.048	0.039	0.061	0.040	0.040	0.039	0.040	0.059	0.039	0.039	0.064	0.040	0.048	0.048	0.048	0.048	0.048
3:08:34	25.1	0.039	0.064	0.039	0.040	0.039	0.040	0.058	0.039	0.040	0.066	0.040	0.047	0.048	0.048	0.048	0.047	0.040	0.067	0.040	0.040	0.040	0.040	0.060	0.039	0.039	0.069	0.039	0.048	0.048	0.048	0.048	0.048	0.039	0.063	0.040	0.040	0.039	0.040	0.061	0.040	0.040	0.065	0.040	0.048	0.048	0.048	0.048	0.048
3:24:17	25.1	0.039	0.066	0.039	0.040	0.039	0.040	0.059	0.039	0.040	0.068	0.040	0.047	0.048	0.048	0.048	0.047	0.040	0.069	0.040	0.040	0.040	0.040	0.062	0.039	0.039	0.071	0.039	0.047	0.048	0.048	0.048	0.048	0.039	0.065	0.040	0.040	0.039	0.040	0.062	0.039	0.039	0.066	0.040	0.048	0.048	0.048	0.048	0.048
3:39:59	25.1	0.039	0.068	0.039	0.040	0.039	0.040	0.061	0.039	0.040	0.070	0.040	0.047	0.048	0.048	0.048	0.047	0.040	0.071	0.040	0.040	0.040	0.040	0.063	0.039	0.039	0.073	0.039	0.047	0.048	0.048	0.048	0.048	0.039	0.067	0.040	0.040	0.039	0.040	0.064	0.039	0.039	0.067	0.040	0.048	0.048	0.048	0.048	0.048
3:55:42	25.1	0.039	0.070	0.039	0.040	0.039	0.040	0.062	0.039	0.040	0.072	0.040	0.047	0.049	0.048	0.048	0.047	0.040	0.073	0.040	0.040	0.040	0.040	0.065	0.039	0.039	0.075	0.039	0.048	0.048	0.048	0.048	0.048	0.039	0.069	0.040	0.040	0.039	0.040	0.066	0.039	0.039	0.069	0.040	0.048	0.048	0.048	0.048	0.048
4:11:25	25.1	0.039	0.072	0.039	0.040	0.039	0.040	0.064	0.039	0.040	0.074	0.040	0.047	0.048	0.048	0.048	0.047	0.040	0.076	0.040	0.040	0.040	0.040	0.067	0.039	0.039	0.078	0.039	0.048	0.048	0.048	0.048	0.048	0.039	0.077	0.040	0.040	0.039	0.040	0.067	0.039	0.039	0.071	0.040	0.048	0.048	0.048	0.048	0.047
4:27:07	25.1	0.039	0.075	0.039	0.040	0.039	0.040	0.066	0.039	0.040	0.077	0.040	0.047	0.048	0.048	0.048	0.047	0.040	0.079	0.040	0.040	0.039	0.040	0.069	0.039	0.039	0.082	0.039	0.047	0.048	0.048	0.048	0.048	0.039	0.074	0.040	0.040	0.039	0.040	0.070	0.039	0.039	0.073	0.040	0.048	0.048	0.048	0.048	0.047
4:42:50	25.1	0.039	0.078	0.039	0.040	0.039	0.040	0.068	0.039	0.040	0.080	0.040	0.047	0.048	0.048	0.048	0.047	0.040	0.082	0.040	0.040	0.039	0.040	0.072	0.039	0.039	0.085	0.039	0.048	0.048	0.048	0.048	0.048	0.039	0.077	0.040	0.040	0.039	0.040	0.072	0.039	0.039	0.075	0.040	0.048	0.048	0.048	0.048	0.047
4:58:32	25.0	0.039	0.081	0.039	0.040	0.039	0.040	0.070	0.039	0.040	0.083	0.040	0.047	0.048	0.048	0.048	0.047	0.040	0.086	0.040	0.040	0.040	0.040	0.074	0.039	0.039	0.089	0.039	0.048	0.048	0.048	0.048	0.048	0.039	0.080	0.040	0.040	0.039	0.040	0.075	0.039	0.040	0.077	0.040	0.048	0.048	0.048	0.048	0.048
5:14:15	25.1	0.039	0.084	0.039	0.040	0.039	0.040	0.073	0.039	0.040	0.087	0.040	0.047	0.048	0.048	0.048	0.047	0.040	0.089	0.040	0.040	0.040	0.040	0.077	0.039	0.039	0.093	0.039	0.047	0.048	0.048	0.048	0.048	0.039	0.084	0.040	0.040	0.039	0.040	0.077	0.039	0.039	0.080	0.040	0.048	0.048	0.048	0.048	0.047
5:29:58	25.1	0.039	0.088	0.039	0.040	0.039	0.040	0.075	0.039	0.040	0.091	0.040	0.047	0.048	0.048	0.048	0.047	0.040	0.094	0.040	0.040	0.040	0.040	0.080	0.039	0.039	0.098	0.039	0.048	0.048	0.048	0.048	0.048	0.039	0.091	0.040	0.040	0.039	0.040	0.080	0.039	0.039	0.083	0.040	0.048	0.048	0.048	0.048	0.048
5:45:41	25.1	0.039	0.092	0.039	0.040	0.039	0.040	0.078	0.039	0.040	0.096	0.040	0.047	0.048	0.048	0.048	0.047	0.040	0.099	0.040	0.040	0.040	0.040	0.084	0.039	0.039	0.103	0.039	0.048	0.048	0.048	0.048	0.048	0.039	0.092	0.040	0.040	0.039	0.040	0.083	0.039	0.039	0.086	0.040	0.048	0.048	0.048	0.048	0.048
6:01:23	25.1	0.039	0.095	0.039	0.040	0.039	0.040	0.082	0.039	0.040	0.101	0.040	0.047	0.048	0.048	0.048	0.047	0.040	0.103	0.040	0.040	0.039	0.040	0.087	0.039	0.039	0.110	0.039	0.047	0.048	0.048	0.048	0.048	0.039	0.096	0.040	0.040	0.039	0.040	0.087	0.039	0.039	0.090	0.040	0.048	0.048	0.048	0.048	0.048
6:17:06	25.0	0.039	0.100	0.039	0.040	0.039	0.040	0.085	0.039	0.040	0.107	0.040	0.047	0.048	0.048	0.048	0.047	0.040	0.109	0.040	0.040	0.040	0.040	0.092	0.039	0.039	0.117	0.039	0.048	0.048	0.048	0.048	0.048	0.039	0.101	0.040	0.040	0.039	0.040	0.091	0.039	0.040	0.094	0.040	0.048	0.048	0.048	0.048	0.048
6:32:49	25.1	0.039	0.104	0.039	0.040	0.039	0.040	0.089	0.039	0.040	0.113	0.040	0.047	0.048	0.048	0.048	0.047	0.040	0.114	0.040	0.040	0.040	0.040	0.096	0.039	0.039	0.124	0.039	0.048	0.048	0.048	0.048	0.048	0.039	0.107	0.040	0.040	0.039	0.040	0.096	0.039	0.039	0.099	0.040	0.048	0.048	0.048	0.048	0.047
6:48:32	25.1	0.039	0.110	0.039	0.040	0.039	0.040	0.093	0.039	0.040	0.119	0.040	0.047	0.048	0.048	0.048	0.047	0.040	0.122	0.040	0.040	0.040	0.040	0.101	0.039	0.039	0.131	0.039	0.047	0.048	0.048	0.048	0.048	0.039	0.112	0.040	0.040	0.039	0.040	0.101	0.039	0.039	0.103	0.040	0.048	0.048	0.048	0.048	0.048
7:04:14	25.1	0.039	0.115	0.039	0.040	0.039	0.040	0.098	0.039	0.040	0.128	0.040	0.047	0.048	0.048	0.048	0.047	0.040	0.126	0.040	0.040	0.040	0.040	0.106	0.039	0.039	0.141	0.039	0.048	0.048	0.048	0.048	0.048	0.039	0.119	0.040	0.040	0.039	0.040	0.106	0.039	0.039	0.109	0.040	0.048	0.048	0.048	0.048	0.047
7:19:57	25.1	0.039	0.120	0.039	0.040	0.039	0.040	0.103	0.039	0.041	0.137	0.040	0.047	0.048	0.048	0.048	0.047	0.040	0.134	0.040	0.040	0.040	0.040	0.113	0.039	0.039	0.150	0.039	0.048	0.048	0.048	0.048	0.048	0.039	0.126	0.040	0.040	0.039	0.040	0.111	0.039	0.039	0.115	0.040	0.048	0.048	0.048	0.048	0.047
7:35:40	25.1	0.039	0.127	0.039	0.040	0.039	0.040	0.108	0.039	0.041	0.146	0.040	0.047	0.048	0.048	0.048	0.047	0.040	0.143	0.040	0.040	0.039	0.040	0.118	0.039	0.039	0.162	0.039	0.047	0.048	0.048	0.048	0.048	0.039	0.131	0.040	0.040	0.039	0.040	0.117	0.039	0.039	0.122	0.040	0.048	0.048	0.048	0.048	0.047
7:51:23	25.1	0.039	0.134	0.039	0.040	0.039	0.040	0.114	0.039	0.041	0.157	0.040	0.047	0.048	0.048	0.048	0.047	0.040	0.152	0.040	0.040	0.039	0.040	0.125	0.039	0.039	0.175	0.039	0.047	0.048	0.048	0.048	0.048	0.039	0.141	0.040	0.040	0.039	0.040	0.124	0.039	0.039	0.129	0.040	0.048	0.048	0.048	0.048	0.047
8:07:05	25.1	0.039	0.142	0.039	0.040	0.039	0.040	0.121	0.039	0.041	0.168	0.040	0.047	0.048	0.048	0.048	0.047	0.040	0.162	0.040	0.040	0.040	0.040	0.133	0.039	0.039	0.189	0.039	0.048	0.048	0.048	0.048	0.048	0.039	0.152	0.040	0.040	0.039	0.040	0.131	0.039	0.039	0.138	0.040	0.048	0.048	0.048	0.048	0.048
8:22:48	25.0	0.039	0.151	0.039	0.040	0.039	0.040	0.128	0.039	0.041	0.182	0.040	0.047	0.048	0.048	0.048	0.047	0.040	0.173	0.040	0.040	0.040	0.040	0.141	0.039	0.039	0.206	0.039	0.048	0.048	0.048	0.048	0.048	0.039	0.158	0.040	0.040	0.039	0.040	0.139	0.039	0.039	0.148	0.040	0.048	0.048	0.048	0.048	0.048
8:38:31	25.0	0.039	0.159	0.039	0.040	0.039	0.040	0.135	0.039	0.041	0.196	0.040	0.047	0.048	0.048	0.048	0.047	0.040	0.183	0.040	0.040	0.040	0.040	0.149	0.039	0.039	0.223	0.039	0.048	0.048	0.048	0.048	0.048	0.039	0.167	0.040	0.040	0.039	0.040	0.147	0.039	0.039	0.157	0.040	0.048	0.048	0.048	0.048	0.048
8:54:14	25.1	0.039	0.169	0.039	0.039	0.039	0.040	0.142	0.039	0.041	0.212	0.040	0.047	0.048	0.048	0.048	0.047	0.040	0.197	0.040	0.040	0.040	0.040	0.158	0.039	0.039	0.240	0.039	0.048	0.048	0.048	0.048	0.048	0.039	0.178	0.040	0.040	0.039	0.040	0.155	0.039	0.039	0.169	0.040	0.048	0.048	0.048	0.048	0.047
9:09:56	25.1	0.039	0.179	0.039	0.040	0.039	0.040	0.150	0.039	0.041	0.229	0.040	0.047	0.048	0.048	0.048	0.047	0.040	0.209	0.040	0.040	0.040	0.040	0.167	0.039	0.039	0.261	0.039	0.048	0.048	0.048	0.048	0.048	0.039	0.215	0.040	0.040	0.039	0.040	0.164	0.039	0.039	0.181	0.040	0.048	0.048	0.048	0.048	0.048
9:25:39	25.1	0.039	0.190	0.039	0.039	0.039	0.040	0.159	0.039	0.041	0.249	0.040	0.047	0.048	0.048	0.048	0.047	0.040	0.224	0.040	0.040	0.039	0.040	0.177	0.039	0.039	0.282	0.039	0.048	0.048	0.048	0.048	0.048	0.039	0.200	0.040	0.040	0.039	0.040	0.174	0.039	0.039	0.197	0.040	0.048	0.048	0.048	0.048	0.047
9:41:22	25.1	0.039	0.200	0.039	0.040	0.039	0.040	0.169	0.039	0.042	0.269	0.040	0.047	0.048	0.048	0.048	0.047	0.040	0.241	0.040	0.040	0.039	0.040	0.188	0.039	0.039	0.307	0.039	0.047	0.048	0.048	0.048	0.048	0.039	0.211	0.040	0.040	0.039	0.040	0.183	0.039	0.039	0.214	0.040	0.048	0.048	0.048	0.048	0.047
9:57:05	25.1	0.039	0.210	0.039	0.040	0.039	0.040	0.179	0.039	0.042	0.292	0.040	0.047	0.048	0.048	0.048	0.047	0.040	0.256	0.040	0.040	0.040	0.040	0.201	0.039	0.039	0.336	0.039	0.048	0.048	0.048	0.048	0.048	0.039	0.226	0.040	0.040	0.039	0.040	0.195	0.039	0.039	0.231	0.040	0.048	0.048	0.048	0.048	0.048
10:12:48	25.1	0.039	0.216	0.039	0.040	0.039	0.040	0.190	0.039	0.042	0.316	0.040	0.047	0.048	0.048	0.048	0.047	0.040	0.274	0.040	0.040	0.040	0.040	0.210	0.039	0.039	0.359	0.039	0.048	0.048	0.048	0.048	0.048	0.039	0.244	0.040	0.040	0.039	0.040	0.205	0.039	0.039	0.252	0.040	0.048	0.048	0.048	0.048	0.047
10:28:30	25.1	0.039	0.229	0.039	0.040	0.039	0.040	0.200	0.039	0.042	0.340	0.040	0.047	0.048	0.048	0.048	0.047	0.040	0.293	0.040	0.040	0.039	0.040	0.222	0.039	0.039	0.385	0.039	0.047	0.048	0.048	0.048	0.048	0.039	0.255	0.040	0.040	0.039	0.040	0.218	0.039	0.039	0.270	0.040	0.048	0.048	0.048	0.048	0.047
10:44:13	25.1	0.039	0.242	0.039	0.039	0.039	0.040	0.211	0.039	0.042	0.366	0.040	0.047	0.048	0.048	0.048	0.047	0.040	0.312	0.040	0.040	0.040	0.040	0.234	0.039	0.039	0.412	0.039	0.048	0.048	0.048	0.048	0.048	0.039	0.273	0.040	0.040	0.039	0.040	0.230	0.039	0.039	0.289	0.040	0.048	0.048	0.048	0.048	0.048
10:59:56	25.1	0.039	0.256	0.039	0.039	0.039	0.040	0.224	0.039	0.043	0.395	0.040	0.047	0.048	0.048	0.048	0.047	0.040	0.335	0.040	0.040	0.040	0.040	0.249	0.039	0.039	0.439	0.039	0.048	0.048	0.048	0.048	0.048	0.039	0.318	0.040	0.040	0.039	0.040	0.242	0.039	0.039	0.312	0.040	0.048	0.048	0.048	0.048	0.048
11:15:38	25.1	0.039	0.271	0.039	0.039	0.039	0.040	0.236	0.039	0.043	0.419	0.040	0.047	0.048	0.048	0.048	0.047	0.040	0.355	0.040	0.040	0.039	0.040	0.262	0.039	0.039	0.462	0.039	0.048	0.048	0.048	0.048	0.048	0.039	0.312	0.040	0.040	0.039	0.040	0.254	0.039	0.039	0.334	0.040	0.048	0.048	0.048	0.048	0.047
11:31:21	25.1	0.039	0.288	0.039	0.039	0.039	0.040	0.248	0.039	0.043	0.439	0.040	0.047	0.048	0.048	0.048	0.047	0.040	0.378	0.040	0.040	0.040	0.040	0.273	0.039	0.039	0.478	0.039	0.048	0.048	0.048	0.048	0.048	0.039	0.335	0.040	0.040	0.039	0.040	0.267	0.039	0.039	0.352	0.040	0.048	0.048	0.048	0.048	0.047
11:47:04	25.1	0.039	0.304	0.039	0.039	0.039	0.040	0.260	0.039	0.043	0.460	0.040	0.047	0.048	0.048	0.048	0.047	0.040	0.401	0.040	0.040	0.039	0.040	0.286	0.039	0.039	0.496	0.039	0.048	0.048	0.048	0.048	0.048	0.039	0.353	0.040	0.040	0.039	0.040	0.279	0.039	0.039	0.370	0.040	0.048	0.048	0.048	0.048	0.047
12:02:47	25.1	0.039	0.320	0.039	0.039	0.039	0.040	0.273	0.039	0.044	0.482	0.040	0.047	0.048	0.048	0.048	0.047	0.040	0.423	0.040	0.040	0.039	0.040	0.300	0.039	0.039	0.518	0.039	0.048	0.048	0.048	0.048	0.048	0.039	0.378	0.040	0.040	0.039	0.040	0.292	0.039	0.039	0.389	0.040	0.048	0.048	0.048	0.048	0.047
12:18:29	25.1	0.039	0.339	0.039	0.039	0.039	0.040	0.285	0.039	0.044	0.499	0.040	0.047	0.048	0.048	0.048	0.047	0.040	0.448	0.040	0.040	0.039	0.040	0.313	0.039	0.039	0.537	0.039	0.048	0.048	0.048	0.048	0.048	0.039	0.400	0.040	0.040	0.039	0.040	0.305	0.039	0.039	0.404	0.040	0.048	0.048	0.048	0.048	0.048
12:34:12	25.1	0.039	0.358	0.039	0.039	0.039	0.040	0.298	0.039	0.044	0.513	0.040	0.047	0.048	0.048	0.048	0.047	0.040	0.470	0.040	0.040	0.039	0.040	0.323	0.039	0.039	0.546	0.039	0.047	0.048	0.048	0.048	0.048	0.039	0.423	0.040	0.040	0.039	0.040	0.316	0.039	0.039	0.417	0.040	0.048	0.048	0.048	0.048	0.047
12:49:55	25.1	0.039	0.378	0.039	0.039	0.039	0.040	0.311	0.039	0.045	0.528	0.040	0.047	0.048	0.048	0.048	0.047	0.040	0.492	0.040	0.040	0.039	0.040	0.335	0.039	0.039	0.559	0.039	0.048	0.048	0.048	0.048	0.048	0.039	0.438	0.040	0.040	0.039	0.040	0.329	0.039	0.039	0.429	0.040	0.048	0.048	0.048	0.048	0.047
13:05:37	25.1	0.039	0.396	0.039	0.040	0.039	0.040	0.323	0.039	0.045	0.541	0.040	0.047	0.049	0.048	0.048	0.047	0.040	0.516	0.040	0.040	0.040	0.040	0.348	0.039	0.039	0.572	0.039	0.048	0.048	0.049	0.048	0.048	0.039	0.460	0.040	0.040	0.039	0.040	0.341	0.039	0.039	0.443	0.040	0.048	0.048	0.048	0.048	0.048
13:21:20	25.1	0.039	0.414	0.039	0.039	0.039	0.040	0.336	0.039	0.046	0.553	0.040	0.047	0.049	0.048	0.048	0.047	0.040	0.539	0.040	0.040	0.039	0.040	0.358	0.039	0.039	0.583	0.039	0.048	0.048	0.048	0.048	0.048	0.039	0.484	0.040	0.040	0.039	0.040	0.352	0.039	0.039	0.456	0.040	0.048	0.048	0.048	0.048	0.047
13:37:03	25.1	0.039	0.433	0.039	0.039	0.039	0.040	0.346	0.039	0.046	0.562	0.040	0.047	0.048	0.048	0.048	0.047	0.040	0.563	0.040	0.040	0.040	0.040	0.368	0.039	0.039	0.595	0.039	0.048	0.048	0.048	0.048	0.048	0.039	0.506	0.040	0.040	0.039	0.040	0.363	0.039	0.039	0.465	0.040	0.048	0.048	0.048	0.048	0.048
13:52:45	25.0	0.039	0.450	0.039	0.039	0.039	0.040	0.357	0.039	0.046	0.576	0.040	0.047	0.048	0.048	0.048	0.047	0.040	0.590	0.040	0.040	0.039	0.040	0.379	0.039	0.039	0.605	0.039	0.048	0.048	0.048	0.048	0.048	0.039	0.524	0.040	0.040	0.039	0.040	0.374	0.039	0.039	0.475	0.040	0.048	0.048	0.048	0.048	0.047
14:08:28	25.1	0.039	0.469	0.039	0.039	0.039	0.040	0.364	0.039	0.047	0.586	0.040	0.047	0.048	0.048	0.048	0.047	0.040	0.610	0.040	0.040	0.039	0.040	0.392	0.039	0.039	0.620	0.039	0.048	0.048	0.048	0.048	0.048	0.039	0.549	0.040	0.040	0.039	0.040	0.386	0.039	0.039	0.486	0.040	0.048	0.048	0.048	0.048	0.048
14:24:11	25.1	0.039	0.488	0.039	0.039	0.039	0.040	0.373	0.039	0.048	0.598	0.040	0.048	0.049	0.048	0.048	0.047	0.040	0.633	0.040	0.040	0.040	0.040	0.402	0.039	0.039	0.629	0.039	0.048	0.048	0.048	0.048	0.048	0.039	0.572	0.040	0.040	0.039	0.040	0.395	0.039	0.039	0.495	0.040	0.048	0.048	0.048	0.048	0.048
14:39:54	25.1	0.039	0.508	0.039	0.039	0.039	0.040	0.383	0.039	0.048	0.605	0.040	0.047	0.048	0.048	0.048	0.047	0.040	0.651	0.040	0.040	0.039	0.040	0.410	0.039	0.039	0.634	0.039	0.048	0.048	0.048	0.048	0.048	0.039	0.588	0.040	0.040	0.039	0.040	0.403	0.039	0.039	0.500	0.040	0.048	0.048	0.048	0.048	0.047
14:55:37	25.1	0.039	0.525	0.039	0.039	0.039	0.040	0.390	0.039	0.049	0.614	0.040	0.047	0.048	0.048	0.048	0.047	0.040	0.672	0.040	0.040	0.039	0.040	0.420	0.039	0.039	0.643	0.039	0.048	0.048	0.048	0.048	0.048	0.039	0.631	0.040	0.040	0.039	0.040	0.412	0.039	0.039	0.509	0.040	0.048	0.048	0.048	0.048	0.047
15:11:19	25.1	0.039	0.543	0.039	0.039	0.039	0.040	0.398	0.039	0.050	0.621	0.040	0.047	0.048	0.048	0.048	0.047	0.040	0.691	0.040	0.040	0.039	0.040	0.429	0.039	0.039	0.652	0.039	0.048	0.048	0.048	0.048	0.048	0.039	0.628	0.040	0.040	0.039	0.040	0.422	0.039	0.039	0.519	0.040	0.048	0.048	0.048	0.048	0.048
15:27:02	25.1	0.039	0.559	0.039	0.039	0.039	0.040	0.403	0.039	0.050	0.632	0.040	0.047	0.048	0.048	0.048	0.047	0.040	0.711	0.040	0.040	0.040	0.040	0.440	0.039	0.039	0.665	0.039	0.048	0.048	0.048	0.048	0.048	0.039	0.650	0.040	0.040	0.039	0.040	0.431	0.039	0.039	0.528	0.040	0.048	0.048	0.048	0.048	0.048
15:42:45	25.0	0.039	0.579	0.039	0.039	0.039	0.040	0.409	0.039	0.051	0.639	0.040	0.047	0.048	0.048	0.048	0.047	0.040	0.726	0.040	0.040	0.040	0.040	0.446	0.039	0.039	0.668	0.039	0.048	0.048	0.048	0.048	0.048	0.039	0.671	0.040	0.040	0.039	0.040	0.437	0.039	0.039	0.533	0.040	0.048	0.048	0.048	0.048	0.048
15:58:27	25.1	0.039	0.592	0.039	0.039	0.039	0.040	0.416	0.039	0.052	0.645	0.040	0.047	0.048	0.048	0.048	0.047	0.040	0.743	0.040	0.040	0.039	0.040	0.453	0.039	0.039	0.676	0.039	0.048	0.048	0.048	0.048	0.048	0.039	0.681	0.040	0.040	0.039	0.040	0.444	0.039	0.039	0.540	0.040	0.048	0.048	0.048	0.048	0.048
16:14:10	25.1	0.039	0.610	0.039	0.039	0.039	0.040	0.421	0.039	0.053	0.655	0.040	0.047	0.048	0.048	0.048	0.047	0.040	0.760	0.040	0.040	0.039	0.040	0.461	0.039	0.039	0.686	0.039	0.048	0.048	0.048	0.048	0.048	0.039	0.699	0.040	0.040	0.039	0.040	0.451	0.039	0.039	0.547	0.040	0.048	0.048	0.048	0.048	0.048
16:29:53	25.1	0.039	0.624	0.039	0.039	0.039	0.040	0.427	0.039	0.054	0.662	0.040	0.047	0.048	0.048	0.048	0.047	0.040	0.774	0.040	0.040	0.039	0.040	0.467	0.039	0.039	0.696	0.039	0.048	0.048	0.048	0.048	0.048	0.039	0.715	0.040	0.040	0.039	0.040	0.458	0.039	0.039	0.553	0.040	0.048	0.048	0.048	0.048	0.047
16:45:35	25.1	0.039	0.639	0.039	0.039	0.039	0.040	0.431	0.039	0.055	0.672	0.040	0.047	0.048	0.048	0.048	0.047	0.040	0.790	0.040	0.040	0.039	0.040	0.475	0.039	0.039	0.703	0.039	0.048	0.048	0.048	0.048	0.048	0.039	0.731	0.040	0.040	0.039	0.040	0.464	0.039	0.039	0.559	0.040	0.048	0.048	0.048	0.048	0.047
17:01:18	25.1	0.039	0.652	0.039	0.039	0.039	0.039	0.436	0.039	0.056	0.679	0.040	0.047	0.048	0.048	0.048	0.047	0.040	0.804	0.040	0.040	0.039	0.040	0.483	0.039	0.039	0.710	0.039	0.047	0.048	0.048	0.048	0.048	0.038	0.744	0.040	0.040	0.039	0.040	0.470	0.039	0.039	0.567	0.040	0.048	0.048	0.048	0.048	0.047
17:17:01	25.1	0.039	0.666	0.039	0.039	0.039	0.040	0.441	0.039	0.057	0.685	0.040	0.047	0.048	0.048	0.048	0.047	0.040	0.818	0.040	0.040	0.039	0.040	0.488	0.039	0.039	0.721	0.039	0.048	0.048	0.048	0.048	0.048	0.039	0.761	0.040	0.040	0.039	0.040	0.476	0.039	0.039	0.573	0.040	0.048	0.048	0.048	0.048	0.047
17:32:43	25.1	0.039	0.678	0.039	0.039	0.039	0.040	0.445	0.039	0.059	0.696	0.040	0.047	0.048	0.048	0.048	0.047	0.040	0.834	0.040	0.040	0.039	0.040	0.496	0.039	0.039	0.728	0.039	0.048	0.048	0.048	0.048	0.048	0.039	0.780	0.040	0.040	0.039	0.040	0.482	0.039	0.039	0.580	0.040	0.048	0.048	0.048	0.048	0.048
17:48:26	25.1	0.039	0.690	0.039	0.039	0.039	0.040	0.449	0.039	0.060	0.702	0.040	0.048	0.049	0.048	0.048	0.047	0.040	0.846	0.040	0.040	0.039	0.040	0.502	0.039	0.039	0.739	0.039	0.048	0.048	0.048	0.048	0.048	0.039	0.788	0.040	0.040	0.039	0.040	0.488	0.039	0.039	0.585	0.040	0.048	0.048	0.048	0.048	0.048
18:04:09	25.1	0.039	0.702	0.039	0.039	0.039	0.039	0.452	0.039	0.061	0.710	0.040	0.047	0.048	0.048	0.048	0.047	0.040	0.861	0.040	0.040	0.039	0.040	0.510	0.039	0.039	0.745	0.039	0.048	0.048	0.048	0.048	0.048	0.039	0.801	0.040	0.040	0.039	0.040	0.493	0.039	0.039	0.592	0.040	0.048	0.048	0.048	0.048	0.048
18:19:51	25.0	0.039	0.711	0.039	0.039	0.039	0.040	0.455	0.039	0.063	0.719	0.040	0.047	0.048	0.048	0.048	0.047	0.040	0.873	0.040	0.040	0.039	0.040	0.515	0.039	0.039	0.753	0.039	0.048	0.048	0.048	0.048	0.048	0.039	0.813	0.040	0.040	0.039	0.040	0.498	0.039	0.039	0.598	0.040	0.048	0.048	0.048	0.048	0.047
18:35:34	25.1	0.039	0.722	0.039	0.039	0.039	0.039	0.459	0.039	0.064	0.726	0.040	0.047	0.048	0.048	0.048	0.047	0.040	0.886	0.040	0.040	0.039	0.040	0.521	0.039	0.039	0.761	0.039	0.048	0.048	0.048	0.048	0.048	0.038	0.825	0.040	0.040	0.039	0.040	0.504	0.039	0.039	0.605	0.040	0.048	0.048	0.048	0.048	0.047
18:51:17	25.1	0.039	0.732	0.039	0.039	0.039	0.040	0.463	0.039	0.066	0.733	0.040	0.048	0.048	0.048	0.048	0.047	0.040	0.899	0.040	0.040	0.039	0.040	0.527	0.039	0.039	0.770	0.039	0.048	0.048	0.048	0.048	0.048	0.039	0.839	0.040	0.040	0.039	0.040	0.509	0.039	0.039	0.610	0.040	0.048	0.048	0.048	0.048	0.048
19:07:00	25.1	0.039	0.741	0.039	0.039	0.039	0.039	0.466	0.039	0.068	0.741	0.040	0.047	0.048	0.048	0.048	0.047	0.040	0.911	0.040	0.040	0.039	0.040	0.534	0.039	0.039	0.778	0.039	0.048	0.048	0.048	0.048	0.048	0.039	0.885	0.040	0.040	0.039	0.040	0.513	0.039	0.039	0.616	0.040	0.048	0.048	0.048	0.048	0.048
19:22:42	25.1	0.039	0.752	0.039	0.039	0.039	0.039	0.467	0.039	0.070	0.749	0.040	0.047	0.048	0.048	0.048	0.047	0.040	0.921	0.040	0.040	0.039	0.040	0.540	0.039	0.039	0.785	0.039	0.048	0.048	0.048	0.048	0.048	0.039	0.866	0.040	0.040	0.039	0.040	0.517	0.039	0.039	0.622	0.040	0.048	0.048	0.048	0.048	0.047
19:38:25	25.1	0.039	0.760	0.039	0.039	0.039	0.039	0.471	0.039	0.072	0.754	0.040	0.047	0.048	0.048	0.048	0.047	0.040	0.930	0.040	0.040	0.039	0.040	0.545	0.039	0.039	0.795	0.039	0.047	0.048	0.048	0.048	0.048	0.039	0.874	0.040	0.040	0.039	0.040	0.522	0.039	0.039	0.626	0.040	0.048	0.048	0.048	0.048	0.048
19:54:08	25.1	0.039	0.768	0.039	0.039	0.039	0.039	0.473	0.039	0.075	0.762	0.040	0.047	0.048	0.048	0.048	0.047	0.040	0.940	0.040	0.040	0.039	0.040	0.551	0.039	0.039	0.801	0.039	0.048	0.048	0.048	0.048	0.048	0.039	0.892	0.040	0.040	0.039	0.040	0.526	0.039	0.039	0.633	0.040	0.048	0.048	0.048	0.048	0.048
20:09:51	25.1	0.039	0.777	0.039	0.039	0.039	0.039	0.475	0.039	0.077	0.769	0.040	0.047	0.048	0.048	0.048	0.047	0.040	0.949	0.040	0.040	0.039	0.040	0.557	0.039	0.039	0.809	0.039	0.048	0.048	0.048	0.048	0.048	0.039	0.890	0.040	0.040	0.039	0.040	0.530	0.039	0.039	0.638	0.040	0.048	0.048	0.048	0.048	0.048
20:25:33	25.1	0.039	0.788	0.039	0.039	0.039	0.040	0.476	0.039	0.080	0.776	0.040	0.047	0.048	0.048	0.048	0.047	0.040	0.958	0.040	0.040	0.039	0.040	0.564	0.039	0.039	0.818	0.039	0.048	0.048	0.048	0.048	0.048	0.039	0.917	0.040	0.040	0.039	0.040	0.534	0.039	0.039	0.641	0.040	0.048	0.048	0.048	0.048	0.048
20:41:16	25.1	0.039	0.798	0.039	0.039	0.039	0.039	0.479	0.039	0.083	0.783	0.040	0.047	0.048	0.048	0.048	0.047	0.040	0.966	0.040	0.040	0.039	0.040	0.569	0.039	0.039	0.824	0.039	0.048	0.048	0.048	0.048	0.048	0.038	0.906	0.040	0.040	0.039	0.040	0.539	0.039	0.039	0.647	0.040	0.048	0.048	0.048	0.048	0.048
20:56:59	25.1	0.039	0.808	0.039	0.039	0.039	0.039	0.481	0.039	0.086	0.790	0.040	0.047	0.048	0.048	0.048	0.047	0.040	0.976	0.040	0.040	0.039	0.039	0.574	0.039	0.039	0.833	0.039	0.048	0.048	0.048	0.048	0.048	0.039	0.922	0.040	0.040	0.039	0.039	0.544	0.039	0.039	0.651	0.040	0.048	0.048	0.048	0.048	0.048
21:12:42	25.1	0.039	0.817	0.039	0.039	0.039	0.040	0.483	0.039	0.089	0.796	0.040	0.047	0.048	0.048	0.048	0.047	0.040	0.984	0.040	0.040	0.039	0.040	0.580	0.039	0.039	0.839	0.039	0.048	0.048	0.048	0.048	0.048	0.039	0.924	0.040	0.040	0.039	0.040	0.547	0.039	0.039	0.654	0.040	0.048	0.048	0.048	0.048	0.048
21:28:25	25.1	0.039	0.824	0.039	0.039	0.039	0.039	0.484	0.039	0.092	0.805	0.040	0.047	0.048	0.048	0.048	0.047	0.040	0.995	0.040	0.040	0.039	0.040	0.586	0.039	0.039	0.846	0.039	0.048	0.048	0.048	0.048	0.048	0.039	0.932	0.040	0.040	0.039	0.040	0.552	0.039	0.039	0.660	0.040	0.048	0.048	0.048	0.048	0.048
21:44:07	25.0	0.039	0.832	0.039	0.039	0.039	0.039	0.486	0.039	0.096	0.810	0.040	0.047	0.048	0.048	0.048	0.047	0.040	1.004	0.040	0.040	0.039	0.040	0.592	0.039	0.039	0.855	0.039	0.048	0.048	0.048	0.048	0.048	0.039	0.941	0.040	0.040	0.039	0.040	0.555	0.039	0.039	0.662	0.040	0.048	0.048	0.048	0.048	0.048
21:59:50	25.1	0.039	0.835	0.039	0.039	0.039	0.039	0.489	0.039	0.099	0.816	0.040	0.048	0.049	0.048	0.048	0.047	0.040	1.013	0.040	0.040	0.039	0.040	0.597	0.039	0.039	0.862	0.039	0.048	0.048	0.048	0.048	0.048	0.039	0.951	0.040	0.040	0.039	0.040	0.560	0.039	0.039	0.665	0.040	0.048	0.048	0.048	0.048	0.048
22:15:33	25.1	0.039	0.842	0.039	0.039	0.039	0.039	0.489	0.039	0.103	0.824	0.040	0.047	0.048	0.048	0.048	0.047	0.040	1.023	0.040	0.040	0.039	0.040	0.603	0.039	0.039	0.868	0.039	0.048	0.048	0.048	0.048	0.048	0.039	0.958	0.040	0.040	0.039	0.040	0.564	0.039	0.039	0.668	0.040	0.048	0.048	0.048	0.048	0.048
22:31:15	25.1	0.039	0.847	0.039	0.039	0.039	0.039	0.492	0.039	0.108	0.829	0.040	0.048	0.048	0.048	0.048	0.047	0.040	1.035	0.040	0.040	0.039	0.039	0.607	0.039	0.039	0.876	0.039	0.048	0.048	0.048	0.048	0.048	0.039	0.985	0.040	0.040	0.039	0.040	0.569	0.039	0.039	0.670	0.040	0.048	0.048	0.048	0.048	0.048
22:46:58	25.1	0.039	0.851	0.039	0.039	0.039	0.039	0.493	0.039	0.112	0.838	0.040	0.047	0.048	0.048	0.048	0.047	0.040	1.042	0.040	0.040	0.039	0.039	0.613	0.039	0.039	0.881	0.039	0.048	0.048	0.048	0.048	0.048	0.038	0.974	0.040	0.040	0.039	0.039	0.571	0.039	0.039	0.673	0.040	0.048	0.048	0.048	0.048	0.048
23:02:41	25.1	0.039	0.851	0.039	0.039	0.039	0.039	0.494	0.039	0.116	0.843	0.040	0.047	0.048	0.048	0.048	0.047	0.040	1.049	0.040	0.040	0.039	0.039	0.619	0.039	0.039	0.889	0.039	0.048	0.048	0.048	0.048	0.048	0.038	0.983	0.040	0.040	0.039	0.039	0.574	0.039	0.039	0.675	0.040	0.048	0.048	0.048	0.048	0.048
23:18:24	25.1	0.039	0.850	0.039	0.039	0.039	0.039	0.498	0.039	0.121	0.850	0.040	0.047	0.049	0.048	0.048	0.047	0.040	1.059	0.040	0.040	0.039	0.040	0.622	0.039	0.039	0.897	0.039	0.048	0.048	0.048	0.048	0.048	0.039	0.993	0.040	0.040	0.039	0.040	0.579	0.039	0.039	0.677	0.040	0.048	0.048	0.048	0.048	0.048
23:34:06	25.0	0.039	0.852	0.039	0.039	0.039	0.039	0.497	0.039	0.126	0.855	0.040	0.047	0.048	0.048	0.048	0.047	0.040	1.067	0.040	0.040	0.039	0.039	0.628	0.039	0.039	0.904	0.039	0.048	0.048	0.048	0.048	0.048	0.039	1.000	0.040	0.040	0.039	0.039	0.581	0.039	0.039	0.678	0.040	0.048	0.048	0.048	0.048	0.048
23:49:49	25.1	0.039	0.851	0.039	0.039	0.039	0.039	0.500	0.039	0.131	0.861	0.040	0.047	0.048	0.048	0.048	0.047	0.040	1.076	0.040	0.040	0.039	0.040	0.632	0.039	0.039	0.911	0.039	0.048	0.048	0.048	0.048	0.048	0.039	1.012	0.040	0.040	0.039	0.040	0.587	0.039	0.039	0.679	0.040	0.048	0.048	0.048	0.048	0.048
24:05:32	25.1	0.039	0.852	0.039	0.039	0.039	0.039	0.502	0.039	0.136	0.868	0.040	0.047	0.048	0.048	0.048	0.047	0.040	1.085	0.040	0.040	0.039	0.040	0.636	0.039	0.039	0.918	0.039	0.048	0.048	0.048	0.048	0.048	0.038	1.027	0.040	0.040	0.039	0.039	0.590	0.039	0.039	0.681	0.040	0.048	0.048	0.048	0.048	0.048
24:21:15	25.1	0.039	0.853	0.039	0.039	0.039	0.039	0.504	0.038	0.141	0.873	0.040	0.047	0.048	0.048	0.048	0.047	0.040	1.094	0.040	0.040	0.039	0.039	0.640	0.039	0.039	0.924	0.039	0.048	0.048	0.048	0.048	0.048	0.039	1.028	0.040	0.040	0.039	0.039	0.593	0.039	0.039	0.682	0.040	0.048	0.048	0.048	0.048	0.048
24:36:58	25.1	0.039	0.852	0.039	0.039	0.039	0.039	0.505	0.038	0.146	0.881	0.040	0.047	0.048	0.048	0.048	0.047	0.040	1.102	0.040	0.040	0.039	0.039	0.643	0.039	0.039	0.930	0.039	0.048	0.048	0.048	0.048	0.048	0.038	1.032	0.040	0.040	0.039	0.039	0.596	0.039	0.039	0.682	0.040	0.048	0.048	0.048	0.048	0.047
24:52:40	25.1	0.039	0.907	0.039	0.039	0.039	0.039	0.506	0.038	0.152	0.885	0.040	0.047	0.048	0.048	0.048	0.047	0.040	1.109	0.040	0.040	0.039	0.039	0.648	0.039	0.039	0.937	0.039	0.048	0.048	0.048	0.048	0.048	0.038	1.039	0.040	0.040	0.039	0.039	0.599	0.039	0.039	0.683	0.040	0.048	0.048	0.048	0.048	0.048
25:08:23	25.1	0.039	0.853	0.039	0.039	0.039	0.039	0.506	0.039	0.157	0.895	0.040	0.048	0.048	0.048	0.048	0.047	0.040	1.119	0.040	0.040	0.039	0.040	0.653	0.039	0.039	0.942	0.039	0.048	0.048	0.048	0.048	0.048	0.039	1.045	0.040	0.040	0.039	0.039	0.600	0.039	0.039	0.683	0.040	0.048	0.048	0.048	0.048	0.048
25:24:06	25.1	0.039	0.883	0.039	0.039	0.039	0.039	0.507	0.039	0.163	0.900	0.040	0.048	0.048	0.048	0.048	0.047	0.040	1.127	0.040	0.040	0.039	0.039	0.657	0.039	0.039	0.949	0.039	0.048	0.048	0.048	0.048	0.048	0.039	1.052	0.040	0.040	0.039	0.039	0.603	0.039	0.039	0.683	0.040	0.048	0.048	0.048	0.048	0.048
25:39:48	25.1	0.039	1.065	0.039	0.039	0.039	0.039	0.509	0.038	0.169	0.905	0.040	0.048	0.048	0.048	0.048	0.047	0.040	1.134	0.040	0.040	0.039	0.040	0.659	0.039	0.039	0.956	0.039	0.048	0.048	0.048	0.048	0.048	0.039	1.058	0.040	0.040	0.039	0.040	0.607	0.039	0.039	0.683	0.040	0.048	0.048	0.048	0.048	0.048
25:55:31	25.1	0.039	0.880	0.039	0.039	0.039	0.039	0.509	0.038	0.174	0.911	0.040	0.047	0.048	0.048	0.048	0.047	0.040	1.142	0.040	0.040	0.039	0.040	0.665	0.039	0.039	0.962	0.039	0.048	0.048	0.048	0.048	0.048	0.039	1.075	0.040	0.040	0.039	0.039	0.607	0.039	0.039	0.682	0.040	0.048	0.048	0.048	0.048	0.048
26:11:14	25.1	0.039	0.998	0.039	0.039	0.039	0.039	0.509	0.038	0.180	0.917	0.040	0.048	0.048	0.048	0.048	0.047	0.040	1.148	0.040	0.040	0.039	0.039	0.668	0.039	0.039	0.968	0.039	0.048	0.048	0.048	0.048	0.048	0.039	1.073	0.040	0.040	0.039	0.039	0.610	0.039	0.039	0.682	0.040	0.048	0.048	0.048	0.048	0.048
26:26:56	25.1	0.039	0.862	0.039	0.039	0.039	0.039	0.510	0.039	0.186	0.922	0.040	0.047	0.048	0.048	0.048	0.047	0.040	1.157	0.040	0.040	0.039	0.040	0.671	0.039	0.039	0.974	0.039	0.048	0.048	0.048	0.048	0.048	0.039	1.078	0.040	0.040	0.039	0.040	0.613	0.039	0.039	0.682	0.040	0.048	0.048	0.048	0.048	0.048
26:42:39	25.1	0.039	1.076	0.039	0.039	0.039	0.039	0.511	0.038	0.193	0.927	0.040	0.047	0.048	0.048	0.048	0.047	0.040	1.162	0.040	0.040	0.039	0.039	0.674	0.039	0.039	0.980	0.039	0.048	0.048	0.048	0.048	0.048	0.038	1.087	0.040	0.040	0.039	0.039	0.616	0.039	0.039	0.682	0.040	0.048	0.048	0.048	0.048	0.048
26:58:22	25.1	0.039	1.100	0.039	0.039	0.039	0.039	0.510	0.039	0.198	0.933	0.040	0.047	0.049	0.048	0.048	0.047	0.040	1.170	0.040	0.040	0.039	0.040	0.679	0.039	0.039	0.986	0.039	0.048	0.048	0.049	0.048	0.048	0.039	1.092	0.040	0.040	0.039	0.039	0.617	0.039	0.039	0.682	0.040	0.048	0.048	0.048	0.048	0.048
27:14:05	25.1	0.039	0.847	0.039	0.039	0.039	0.039	0.512	0.038	0.205	0.937	0.040	0.047	0.048	0.048	0.048	0.047	0.040	1.183	0.040	0.040	0.039	0.039	0.680	0.039	0.039	0.992	0.039	0.048	0.048	0.048	0.048	0.048	0.038	1.099	0.040	0.040	0.039	0.039	0.620	0.039	0.039	0.682	0.040	0.048	0.048	0.048	0.048	0.048
27:29:47	25.0	0.039	1.109	0.039	0.039	0.039	0.039	0.511	0.038	0.211	0.944	0.040	0.047	0.048	0.048	0.048	0.047	0.040	1.184	0.040	0.040	0.039	0.040	0.684	0.039	0.039	0.998	0.039	0.048	0.048	0.048	0.048	0.048	0.039	1.106	0.040	0.040	0.039	0.040	0.621	0.039	0.039	0.683	0.040	0.048	0.048	0.048	0.048	0.048
27:45:30	25.0	0.039	0.867	0.039	0.039	0.039	0.039	0.510	0.038	0.217	0.951	0.040	0.048	0.048	0.048	0.048	0.047	0.040	1.192	0.040	0.040	0.039	0.039	0.688	0.039	0.039	1.002	0.039	0.048	0.048	0.048	0.048	0.048	0.038	1.133	0.040	0.040	0.039	0.039	0.623	0.039	0.039	0.683	0.040	0.048	0.048	0.048	0.048	0.048
28:01:13	25.1	0.039	0.865	0.039	0.039	0.039	0.039	0.511	0.038	0.223	0.954	0.040	0.048	0.048	0.048	0.048	0.047	0.040	1.196	0.040	0.040	0.039	0.039	0.690	0.039	0.039	1.009	0.039	0.048	0.048	0.048	0.048	0.048	0.038	1.125	0.040	0.040	0.039	0.039	0.624	0.039	0.039	0.683	0.040	0.048	0.048	0.048	0.048	0.048
28:16:55	25.1	0.039	0.854	0.039	0.039	0.039	0.039	0.509	0.038	0.229	0.960	0.040	0.048	0.048	0.048	0.048	0.047	0.040	1.205	0.040	0.040	0.039	0.040	0.694	0.039	0.039	1.015	0.039	0.048	0.048	0.048	0.048	0.048	0.038	1.127	0.040	0.040	0.039	0.039	0.626	0.039	0.039	0.683	0.040	0.048	0.048	0.048	0.048	0.048
28:32:38	25.1	0.039	0.846	0.039	0.039	0.039	0.039	0.509	0.038	0.234	0.963	0.040	0.047	0.049	0.048	0.048	0.047	0.040	1.228	0.040	0.040	0.039	0.039	0.697	0.039	0.039	1.022	0.039	0.048	0.048	0.048	0.048	0.048	0.038	1.139	0.040	0.040	0.039	0.039	0.626	0.039	0.039	0.683	0.040	0.048	0.048	0.048	0.048	0.048
28:48:21	25.0	0.039	0.904	0.039	0.039	0.039	0.039	0.507	0.038	0.239	0.972	0.040	0.047	0.048	0.048	0.048	0.047	0.040	1.339	0.040	0.040	0.039	0.039	0.702	0.039	0.039	1.025	0.039	0.048	0.048	0.048	0.048	0.048	0.038	1.132	0.040	0.040	0.039	0.039	0.627	0.039	0.039	0.684	0.040	0.048	0.048	0.048	0.048	0.048
29:04:04	25.1	0.039	1.036	0.039	0.039	0.039	0.039	0.505	0.038	0.243	0.976	0.040	0.048	0.048	0.048	0.048	0.047	0.040	1.267	0.040	0.040	0.039	0.040	0.706	0.039	0.039	1.031	0.039	0.048	0.048	0.048	0.048	0.048	0.038	1.137	0.040	0.040	0.039	0.039	0.626	0.039	0.039	0.685	0.040	0.048	0.048	0.048	0.048	0.048
29:19:46	25.1	0.039	0.865	0.039	0.039	0.039	0.039	0.506	0.038	0.249	0.980	0.040	0.047	0.048	0.048	0.048	0.047	0.040	1.278	0.040	0.040	0.039	0.039	0.707	0.039	0.039	1.036	0.039	0.048	0.048	0.048	0.048	0.048	0.038	1.142	0.040	0.040	0.039	0.039	0.629	0.039	0.039	0.684	0.040	0.048	0.048	0.048	0.048	0.048
29:35:29	25.1	0.039	0.846	0.039	0.039	0.039	0.039	0.502	0.038	0.253	0.985	0.040	0.048	0.048	0.048	0.048	0.047	0.040	1.307	0.040	0.040	0.039	0.039	0.711	0.039	0.039	1.041	0.039	0.048	0.048	0.048	0.048	0.048	0.038	1.218	0.040	0.040	0.039	0.039	0.628	0.039	0.039	0.686	0.040	0.048	0.048	0.048	0.048	0.048
29:51:12	25.1	0.039	0.897	0.039	0.039	0.039	0.039	0.504	0.038	0.257	0.988	0.040	0.047	0.048	0.048	0.048	0.047	0.040	1.292	0.040	0.040	0.039	0.039	0.715	0.039	0.039	1.048	0.039	0.048	0.048	0.048	0.048	0.048	0.039	1.152	0.040	0.040	0.039	0.039	0.630	0.039	0.039	0.686	0.040	0.048	0.048	0.048	0.048	0.048
30:06:54	25.1	0.039	0.847	0.039	0.039	0.039	0.039	0.500	0.038	0.261	0.994	0.040	0.047	0.048	0.048	0.048	0.047	0.040	1.369	0.040	0.040	0.039	0.039	0.717	0.039	0.039	1.052	0.039	0.048	0.048	0.048	0.048	0.048	0.038	1.175	0.040	0.040	0.039	0.039	0.629	0.039	0.039	0.687	0.040	0.048	0.048	0.048	0.048	0.048
30:22:37	25.1	0.039	0.845	0.039	0.039	0.039	0.039	0.500	0.038	0.265	0.998	0.040	0.048	0.049	0.048	0.048	0.047	0.040	1.397	0.040	0.040	0.039	0.039	0.718	0.039	0.039	1.059	0.039	0.048	0.048	0.048	0.048	0.048	0.039	1.177	0.040	0.040	0.039	0.039	0.630	0.039	0.039	0.687	0.040	0.048	0.048	0.048	0.048	0.048
30:38:20	25.1	0.039	0.846	0.039	0.039	0.039	0.039	0.501	0.038	0.268	1.002	0.040	0.047	0.048	0.048	0.048	0.047	0.040	1.407	0.040	0.040	0.039	0.039	0.722	0.039	0.039	1.063	0.039	0.048	0.048	0.048	0.048	0.048	0.038	1.175	0.040	0.040	0.039	0.039	0.631	0.039	0.039	0.687	0.040	0.048	0.048	0.048	0.048	0.048
30:54:02	25.1	0.039	0.846	0.039	0.039	0.039	0.039	0.499	0.038	0.271	1.006	0.040	0.048	0.048	0.048	0.048	0.047	0.040	1.411	0.040	0.040	0.039	0.039	0.723	0.039	0.039	1.068	0.039	0.048	0.048	0.048	0.048	0.048	0.038	1.195	0.040	0.040	0.039	0.039	0.631	0.039	0.039	0.687	0.040	0.048	0.048	0.048	0.048	0.048
31:09:45	25.1	0.039	0.846	0.039	0.039	0.039	0.039	0.497	0.038	0.274	1.009	0.040	0.048	0.048	0.048	0.048	0.047	0.040	1.342	0.040	0.040	0.039	0.039	0.726	0.038	0.039	1.073	0.039	0.048	0.048	0.048	0.048	0.048	0.038	1.188	0.040	0.040	0.039	0.039	0.632	0.039	0.039	0.688	0.040	0.048	0.048	0.048	0.048	0.048
31:25:28	25.1	0.039	0.846	0.039	0.039	0.039	0.039	0.492	0.038	0.277	1.016	0.040	0.047	0.048	0.048	0.048	0.047	0.040	1.332	0.040	0.040	0.039	0.039	0.729	0.038	0.039	1.076	0.039	0.048	0.048	0.048	0.048	0.048	0.038	1.185	0.040	0.040	0.039	0.039	0.631	0.039	0.039	0.689	0.040	0.048	0.048	0.048	0.048	0.048
31:41:11	25.0	0.039	0.845	0.039	0.039	0.039	0.039	0.492	0.038	0.279	1.018	0.040	0.048	0.048	0.048	0.048	0.047	0.040	1.367	0.040	0.040	0.039	0.039	0.730	0.039	0.039	1.083	0.039	0.048	0.048	0.048	0.048	0.048	0.039	1.183	0.040	0.040	0.039	0.039	0.632	0.039	0.039	0.689	0.040	0.048	0.048	0.048	0.048	0.048
31:56:53	25.0	0.039	0.847	0.039	0.039	0.039	0.039	0.488	0.038	0.282	1.023	0.040	0.048	0.048	0.048	0.048	0.047	0.040	1.299	0.040	0.040	0.039	0.039	0.733	0.039	0.039	1.087	0.039	0.048	0.048	0.048	0.048	0.048	0.038	1.189	0.040	0.040	0.039	0.039	0.631	0.039	0.039	0.690	0.040	0.048	0.048	0.048	0.048	0.048
32:12:36	25.1	0.039	0.847	0.039	0.039	0.039	0.039	0.486	0.038	0.284	1.026	0.040	0.047	0.048	0.048	0.048	0.047	0.040	1.306	0.040	0.040	0.039	0.039	0.735	0.039	0.039	1.091	0.039	0.048	0.048	0.048	0.048	0.048	0.038	1.190	0.040	0.040	0.039	0.039	0.629	0.039	0.039	0.690	0.040	0.048	0.048	0.048	0.048	0.048
32:28:19	25.1	0.039	0.845	0.039	0.039	0.039	0.039	0.481	0.038	0.287	1.029	0.040	0.048	0.049	0.048	0.048	0.047	0.040	1.349	0.040	0.040	0.039	0.040	0.736	0.039	0.039	1.096	0.039	0.048	0.048	0.048	0.048	0.048	0.039	1.212	0.040	0.040	0.039	0.039	0.631	0.039	0.039	0.690	0.040	0.048	0.048	0.048	0.048	0.048
32:44:01	25.0	0.039	0.845	0.039	0.039	0.039	0.039	0.479	0.038	0.289	1.034	0.040	0.048	0.048	0.048	0.048	0.047	0.040	1.317	0.040	0.040	0.039	0.039	0.738	0.038	0.039	1.100	0.039	0.048	0.048	0.048	0.048	0.048	0.038	1.222	0.040	0.040	0.039	0.039	0.631	0.039	0.039	0.690	0.040	0.048	0.048	0.048	0.048	0.048
32:59:44	25.1	0.039	0.847	0.039	0.039	0.039	0.039	0.472	0.038	0.291	1.039	0.040	0.048	0.048	0.048	0.048	0.047	0.040	1.337	0.040	0.040	0.039	0.039	0.739	0.038	0.039	1.105	0.039	0.048	0.048	0.048	0.048	0.048	0.038	1.206	0.040	0.040	0.039	0.039	0.630	0.039	0.039	0.691	0.040	0.048	0.048	0.048	0.048	0.048
33:15:27	25.1	0.039	0.848	0.039	0.039	0.039	0.039	0.466	0.038	0.292	1.041	0.040	0.047	0.048	0.048	0.048	0.047	0.040	1.309	0.040	0.040	0.039	0.039	0.741	0.038	0.039	1.109	0.039	0.048	0.048	0.048	0.048	0.048	0.038	1.206	0.040	0.040	0.039	0.039	0.630	0.039	0.039	0.691	0.040	0.048	0.048	0.048	0.048	0.048
33:31:10	25.1	0.039	0.846	0.039	0.039	0.039	0.039	0.461	0.038	0.294	1.045	0.040	0.048	0.048	0.048	0.048	0.047	0.040	1.363	0.040	0.040	0.039	0.039	0.741	0.039	0.039	1.112	0.039	0.048	0.048	0.048	0.048	0.048	0.038	1.199	0.040	0.040	0.039	0.039	0.628	0.039	0.039	0.691	0.040	0.048	0.048	0.048	0.048	0.048
33:46:52	25.1	0.039	0.844	0.039	0.039	0.039	0.039	0.455	0.038	0.295	1.047	0.040	0.048	0.049	0.048	0.048	0.047	0.040	1.334	0.040	0.040	0.039	0.039	0.742	0.038	0.039	1.117	0.039	0.048	0.048	0.048	0.048	0.048	0.038	1.186	0.040	0.040	0.039	0.039	0.627	0.039	0.039	0.690	0.040	0.048	0.048	0.048	0.048	0.048
34:02:35	25.1	0.038	0.845	0.039	0.039	0.039	0.039	0.445	0.038	0.297	1.051	0.040	0.048	0.048	0.048	0.048	0.047	0.040	1.326	0.040	0.040	0.039	0.039	0.745	0.038	0.039	1.118	0.039	0.048	0.048	0.048	0.048	0.048	0.038	1.182	0.040	0.040	0.039	0.039	0.624	0.039	0.039	0.692	0.039	0.048	0.048	0.048	0.048	0.048
34:18:18	25.1	0.039	0.844	0.039	0.039	0.039	0.039	0.441	0.037	0.299	1.052	0.040	0.048	0.048	0.048	0.048	0.047	0.040	1.357	0.040	0.040	0.039	0.039	0.744	0.038	0.039	1.125	0.039	0.048	0.048	0.048	0.048	0.048	0.038	1.180	0.040	0.040	0.039	0.039	0.625	0.039	0.039	0.692	0.040	0.048	0.048	0.048	0.048	0.048
34:34:00	25.1	0.039	0.849	0.039	0.039	0.039	0.039	0.434	0.037	0.300	1.055	0.040	0.047	0.048	0.048	0.048	0.047	0.040	1.293	0.040	0.040	0.039	0.039	0.745	0.038	0.039	1.128	0.039	0.048	0.048	0.048	0.048	0.048	0.038	1.173	0.040	0.040	0.039	0.039	0.624	0.039	0.039	0.691	0.040	0.048	0.048	0.048	0.048	0.048
34:49:43	25.1	0.038	0.848	0.038	0.039	0.039	0.039	0.427	0.037	0.301	1.057	0.040	0.048	0.048	0.048	0.048	0.047	0.040	1.315	0.040	0.040	0.039	0.039	0.745	0.038	0.039	1.132	0.039	0.048	0.048	0.048	0.048	0.048	0.038	1.190	0.040	0.040	0.039	0.039	0.622	0.039	0.039	0.691	0.040	0.048	0.048	0.048	0.048	0.048
35:05:26	25.0	0.038	0.852	0.038	0.039	0.039	0.039	0.419	0.037	0.303	1.060	0.040	0.047	0.048	0.048	0.048	0.047	0.039	1.321	0.040	0.040	0.039	0.039	0.746	0.038	0.039	1.134	0.039	0.048	0.048	0.048	0.048	0.048	0.038	1.171	0.040	0.040	0.039	0.039	0.617	0.039	0.039	0.692	0.040	0.048	0.048	0.048	0.048	0.048
35:21:09	25.1	0.038	0.853	0.038	0.039	0.039	0.039	0.414	0.037	0.304	1.061	0.040	0.048	0.048	0.048	0.048	0.047	0.040	1.243	0.040	0.040	0.039	0.039	0.745	0.038	0.039	1.139	0.039	0.048	0.048	0.048	0.048	0.048	0.038	1.181	0.040	0.040	0.039	0.039	0.618	0.039	0.039	0.692	0.040	0.048	0.048	0.048	0.048	0.048
35:36:52	25.1	0.038	0.851	0.039	0.039	0.039	0.039	0.405	0.037	0.305	1.063	0.040	0.048	0.048	0.048	0.048	0.047	0.039	1.298	0.040	0.040	0.039	0.039	0.745	0.038	0.039	1.143	0.039	0.048	0.048	0.048	0.048	0.048	0.038	1.148	0.040	0.040	0.039	0.039	0.616	0.039	0.039	0.691	0.040	0.048	0.048	0.048	0.048	0.048
35:52:34	25.1	0.038	0.845	0.039	0.039	0.039	0.039	0.397	0.037	0.306	1.063	0.040	0.048	0.048	0.048	0.048	0.047	0.039	1.258	0.040	0.040	0.039	0.039	0.747	0.038	0.039	1.144	0.039	0.048	0.048	0.048	0.048	0.048	0.038	1.163	0.040	0.040	0.039	0.039	0.612	0.039	0.039	0.691	0.039	0.048	0.048	0.048	0.048	0.048
36:08:17	25.0	0.038	0.855	0.039	0.039	0.039	0.039	0.391	0.037	0.308	1.065	0.040	0.048	0.048	0.048	0.048	0.047	0.040	1.259	0.040	0.040	0.039	0.039	0.745	0.038	0.039	1.149	0.039	0.048	0.048	0.048	0.048	0.048	0.038	1.152	0.040	0.040	0.039	0.039	0.612	0.039	0.039	0.692	0.040	0.048	0.048	0.048	0.048	0.048
36:24:00	25.1	0.038	0.840	0.038	0.039	0.039	0.039	0.385	0.037	0.308	1.063	0.040	0.048	0.048	0.048	0.048	0.047	0.040	1.325	0.040	0.040	0.039	0.039	0.746	0.038	0.039	1.152	0.039	0.048	0.048	0.048	0.048	0.048	0.038	1.158	0.040	0.040	0.039	0.039	0.607	0.039	0.039	0.692	0.039	0.048	0.048	0.048	0.048	0.048
36:39:43	25.0	0.038	0.840	0.038	0.039	0.039	0.039	0.377	0.037	0.310	1.066	0.040	0.047	0.048	0.048	0.048	0.047	0.039	1.230	0.040	0.040	0.039	0.039	0.745	0.038	0.039	1.154	0.039	0.048	0.048	0.048	0.048	0.048	0.038	1.134	0.040	0.040	0.039	0.039	0.607	0.039	0.039	0.692	0.039	0.048	0.048	0.048	0.048	0.048
36:55:25	25.1	0.038	0.838	0.038	0.039	0.039	0.039	0.370	0.037	0.311	1.064	0.040	0.048	0.048	0.048	0.048	0.047	0.040	1.245	0.040	0.040	0.039	0.039	0.745	0.038	0.039	1.157	0.039	0.048	0.048	0.048	0.048	0.048	0.038	1.112	0.040	0.040	0.039	0.039	0.604	0.039	0.039	0.692	0.039	0.048	0.048	0.048	0.048	0.048
37:11:08	25.1	0.038	0.833	0.038	0.039	0.039	0.039	0.362	0.037	0.311	1.064	0.040	0.047	0.048	0.048	0.048	0.047	0.039	1.250	0.040	0.040	0.039	0.039	0.745	0.038	0.039	1.160	0.039	0.048	0.048	0.048	0.048	0.048	0.038	1.137	0.040	0.040	0.039	0.039	0.602	0.039	0.039	0.690	0.039	0.048	0.048	0.048	0.048	0.048
37:26:51	25.1	0.038	0.831	0.038	0.039	0.039	0.039	0.355	0.037	0.312	1.064	0.040	0.048	0.048	0.048	0.048	0.047	0.039	1.249	0.040	0.040	0.039	0.039	0.743	0.038	0.039	1.164	0.039	0.048	0.048	0.048	0.048	0.048	0.038	1.114	0.040	0.040	0.039	0.039	0.602	0.039	0.039	0.691	0.039	0.048	0.048	0.048	0.048	0.048
37:42:34	25.0	0.038	0.829	0.038	0.039	0.039	0.039	0.348	0.037	0.313	1.062	0.040	0.047	0.048	0.048	0.048	0.047	0.039	1.202	0.040	0.040	0.039	0.039	0.742	0.038	0.039	1.167	0.039	0.048	0.048	0.048	0.048	0.048	0.038	1.118	0.040	0.040	0.039	0.039	0.602	0.039	0.039	0.689	0.039	0.048	0.048	0.048	0.048	0.048
37:58:17	25.0	0.038	0.824	0.038	0.039	0.039	0.039	0.341	0.037	0.313	1.060	0.040	0.048	0.048	0.048	0.048	0.047	0.039	1.259	0.040	0.040	0.039	0.039	0.743	0.038	0.039	1.169	0.039	0.048	0.048	0.048	0.048	0.048	0.038	1.085	0.040	0.040	0.039	0.039	0.598	0.039	0.039	0.687	0.039	0.048	0.048	0.048	0.048	0.048
38:13:59	25.1	0.038	0.823	0.038	0.039	0.039	0.039	0.334	0.037	0.313	1.057	0.040	0.047	0.048	0.048	0.048	0.047	0.039	1.245	0.040	0.040	0.039	0.039	0.741	0.038	0.039	1.172	0.039	0.048	0.048	0.048	0.048	0.048	0.038	1.106	0.040	0.040	0.039	0.039	0.597	0.039	0.039	0.685	0.039	0.048	0.048	0.048	0.048	0.048
38:29:42	25.1	0.038	0.816	0.038	0.039	0.039	0.039	0.325	0.038	0.314	1.056	0.040	0.047	0.048	0.048	0.048	0.047	0.039	1.224	0.040	0.040	0.039	0.039	0.741	0.038	0.039	1.175	0.039	0.048	0.048	0.048	0.048	0.048	0.038	1.092	0.040	0.040	0.039	0.039	0.595	0.039	0.039	0.684	0.039	0.048	0.048	0.048	0.048	0.048
38:45:24	25.1	0.038	0.812	0.038	0.039	0.039	0.039	0.319	0.037	0.314	1.054	0.040	0.048	0.048	0.048	0.048	0.047	0.039	1.269	0.040	0.040	0.039	0.039	0.740	0.038	0.039	1.178	0.039	0.048	0.048	0.048	0.048	0.048	0.038	1.085	0.040	0.040	0.039	0.039	0.588	0.039	0.038	0.683	0.039	0.048	0.048	0.048	0.048	0.048
39:01:07	25.1	0.038	0.810	0.038	0.039	0.039	0.039	0.310	0.038	0.314	1.050	0.040	0.048	0.049	0.048	0.048	0.047	0.040	1.182	0.040	0.040	0.039	0.039	0.739	0.038	0.039	1.181	0.039	0.048	0.048	0.048	0.048	0.048	0.038	1.081	0.040	0.040	0.039	0.039	0.588	0.038	0.039	0.681	0.039	0.048	0.048	0.048	0.048	0.048
39:16:50	25.1	0.038	0.797	0.038	0.039	0.038	0.039	0.302	0.041	0.314	1.047	0.040	0.047	0.048	0.048	0.048	0.047	0.039	1.194	0.040	0.040	0.039	0.039	0.740	0.038	0.039	1.183	0.039	0.048	0.048	0.048	0.048	0.048	0.038	1.074	0.040	0.040	0.039	0.039	0.584	0.038	0.039	0.679	0.039	0.048	0.048	0.048	0.048	0.048
39:32:33	25.1	0.038	0.795	0.038	0.039	0.039	0.039	0.294	0.043	0.314	1.045	0.040	0.048	0.048	0.048	0.048	0.047	0.039	1.185	0.040	0.040	0.039	0.039	0.739	0.038	0.039	1.186	0.039	0.048	0.048	0.048	0.048	0.048	0.038	1.069	0.040	0.040	0.039	0.039	0.578	0.038	0.038	0.676	0.039	0.048	0.048	0.048	0.048	0.048
39:48:16	25.1	0.038	0.783	0.038	0.039	0.038	0.039	0.285	0.043	0.314	1.042	0.040	0.047	0.048	0.048	0.048	0.047	0.039	1.199	0.040	0.040	0.039	0.039	0.736	0.038	0.039	1.189	0.039	0.048	0.048	0.048	0.048	0.048	0.038	1.059	0.040	0.040	0.039	0.039	0.582	0.038	0.038	0.673	0.039	0.048	0.048	0.048	0.048	0.048
40:03:58	25.1	0.038	0.779	0.038	0.039	0.039	0.039	0.277	0.042	0.314	1.037	0.040	0.048	0.048	0.048	0.048	0.047	0.039	1.244	0.040	0.040	0.039	0.039	0.736	0.038	0.039	1.191	0.039	0.048	0.048	0.048	0.048	0.048	0.038	1.065	0.040	0.040	0.039	0.039	0.570	0.038	0.038	0.672	0.039	0.048	0.048	0.048	0.048	0.048
40:19:41	25.1	0.038	0.770	0.038	0.039	0.038	0.039	0.267	0.042	0.314	1.035	0.040	0.047	0.048	0.048	0.048	0.047	0.039	1.187	0.040	0.040	0.039	0.039	0.735	0.038	0.039	1.194	0.039	0.048	0.048	0.048	0.048	0.048	0.038	1.068	0.040	0.040	0.039	0.039	0.571	0.038	0.038	0.669	0.039	0.048	0.048	0.048	0.048	0.048
40:35:24	25.1	0.038	0.759	0.038	0.039	0.038	0.039	0.258	0.042	0.313	1.031	0.040	0.047	0.048	0.048	0.048	0.047	0.039	1.237	0.040	0.040	0.039	0.039	0.734	0.038	0.039	1.197	0.039	0.048	0.048	0.048	0.048	0.048	0.038	1.057	0.040	0.040	0.039	0.039	0.566	0.038	0.038	0.664	0.039	0.048	0.048	0.048	0.048	0.048
40:51:07	25.1	0.038	0.751	0.038	0.039	0.038	0.039	0.249	0.043	0.312	1.027	0.040	0.047	0.048	0.048	0.048	0.047	0.039	1.209	0.040	0.040	0.039	0.039	0.733	0.038	0.039	1.198	0.039	0.048	0.048	0.048	0.048	0.048	0.038	1.048	0.040	0.040	0.039	0.039	0.560	0.038	0.038	0.659	0.039	0.048	0.048	0.048	0.048	0.048
41:06:49	25.1	0.038	0.737	0.038	0.039	0.038	0.039	0.239	0.043	0.312	1.024	0.040	0.048	0.048	0.048	0.048	0.047	0.039	1.212	0.040	0.040	0.039	0.039	0.730	0.038	0.039	1.202	0.039	0.048	0.048	0.048	0.048	0.048	0.038	1.032	0.040	0.040	0.039	0.039	0.552	0.038	0.038	0.653	0.039	0.048	0.048	0.048	0.048	0.048
41:22:32	25.1	0.038	0.726	0.038	0.039	0.038	0.039	0.228	0.043	0.310	1.020	0.039	0.047	0.048	0.048	0.048	0.047	0.039	1.235	0.040	0.040	0.039	0.039	0.728	0.038	0.039	1.204	0.039	0.048	0.048	0.048	0.048	0.048	0.038	1.008	0.039	0.040	0.039	0.039	0.546	0.038	0.038	0.648	0.039	0.048	0.048	0.048	0.048	0.048
41:38:15	25.1	0.038	0.715	0.038	0.039	0.038	0.039	0.217	0.043	0.309	1.016	0.039	0.047	0.048	0.048	0.048	0.047	0.039	1.212	0.040	0.040	0.039	0.039	0.726	0.038	0.039	1.206	0.039	0.048	0.048	0.048	0.048	0.048	0.038	1.021	0.040	0.040	0.039	0.039	0.538	0.038	0.038	0.640	0.039	0.048	0.048	0.048	0.048	0.048
41:53:58	25.1	0.038	0.705	0.038	0.039	0.038	0.039	0.205	0.044	0.306	1.013	0.040	0.048	0.048	0.048	0.048	0.047	0.039	1.198	0.040	0.040	0.039	0.039	0.727	0.038	0.039	1.207	0.039	0.048	0.048	0.048	0.048	0.048	0.038	1.030	0.040	0.040	0.039	0.039	0.530	0.038	0.038	0.635	0.039	0.048	0.048	0.048	0.048	0.048
42:09:40	25.1	0.038	0.691	0.038	0.039	0.038	0.039	0.193	0.044	0.305	1.010	0.040	0.048	0.048	0.048	0.048	0.047	0.039	1.153	0.040	0.040	0.039	0.039	0.724	0.038	0.039	1.210	0.039	0.048	0.048	0.048	0.048	0.048	0.038	1.017	0.040	0.040	0.039	0.039	0.523	0.038	0.038	0.630	0.039	0.048	0.048	0.048	0.048	0.048
42:25:23	25.1	0.038	0.682	0.038	0.039	0.038	0.039	0.180	0.044	0.303	1.006	0.040	0.048	0.048	0.048	0.048	0.047	0.039	1.213	0.040	0.040	0.039	0.039	0.721	0.038	0.039	1.213	0.039	0.048	0.048	0.048	0.048	0.048	0.038	1.017	0.040	0.040	0.039	0.039	0.514	0.038	0.038	0.624	0.039	0.048	0.048	0.048	0.048	0.048
42:41:05	25.1	0.038	0.669	0.038	0.039	0.038	0.039	0.167	0.044	0.301	1.004	0.039	0.047	0.048	0.048	0.048	0.047	0.039	1.202	0.040	0.039	0.039	0.039	0.721	0.038	0.039	1.214	0.039	0.048	0.048	0.048	0.048	0.048	0.038	1.017	0.040	0.040	0.039	0.039	0.505	0.038	0.038	0.616	0.039	0.048	0.048	0.048	0.048	0.048
42:56:48	25.1	0.038	0.656	0.038	0.039	0.038	0.039	0.153	0.045	0.298	0.999	0.039	0.048	0.048	0.048	0.048	0.047	0.039	1.136	0.040	0.040	0.039	0.039	0.716	0.038	0.039	1.215	0.039	0.048	0.048	0.048	0.048	0.048	0.038	1.006	0.040	0.040	0.039	0.039	0.498	0.038	0.038	0.611	0.039	0.048	0.048	0.048	0.048	0.048
43:12:31	25.1	0.039	0.641	0.038	0.039	0.038	0.039	0.139	0.045	0.296	0.997	0.039	0.048	0.048	0.048	0.048	0.047	0.039	1.225	0.040	0.040	0.039	0.039	0.714	0.038	0.039	1.217	0.039	0.048	0.048	0.048	0.048	0.048	0.038	0.996	0.040	0.040	0.039	0.039	0.490	0.038	0.038	0.603	0.039	0.048	0.048	0.048	0.048	0.048
43:28:14	25.1	0.043	0.627	0.038	0.039	0.038	0.039	0.124	0.045	0.293	0.994	0.040	0.048	0.048	0.048	0.048	0.047	0.039	1.140	0.040	0.040	0.039	0.039	0.713	0.038	0.039	1.217	0.039	0.048	0.048	0.048	0.048	0.048	0.038	1.002	0.040	0.040	0.039	0.039	0.478	0.038	0.038	0.596	0.039	0.048	0.048	0.048	0.048	0.048
43:43:57	25.1	0.044	0.611	0.038	0.039	0.038	0.039	0.111	0.046	0.290	0.990	0.040	0.048	0.048	0.048	0.048	0.047	0.039	1.109	0.040	0.040	0.039	0.039	0.712	0.038	0.039	1.217	0.039	0.048	0.048	0.048	0.048	0.048	0.038	0.984	0.040	0.040	0.039	0.039	0.469	0.038	0.038	0.590	0.039	0.048	0.048	0.048	0.048	0.048
43:59:40	25.1	0.043	0.596	0.038	0.039	0.038	0.038	0.099	0.046	0.288	0.988	0.039	0.048	0.048	0.048	0.048	0.047	0.039	1.179	0.040	0.040	0.039	0.039	0.707	0.038	0.039	1.216	0.039	0.048	0.048	0.048	0.048	0.048	0.038	0.963	0.040	0.040	0.039	0.039	0.464	0.037	0.038	0.584	0.039	0.048	0.048	0.048	0.048	0.048
44:15:22	25.1	0.043	0.581	0.038	0.039	0.038	0.038	0.088	0.047	0.285	0.986	0.039	0.047	0.048	0.048	0.048	0.047	0.039	1.147	0.040	0.040	0.039	0.039	0.701	0.038	0.039	1.216	0.039	0.048	0.048	0.048	0.048	0.048	0.038	0.982	0.040	0.040	0.039	0.039	0.453	0.037	0.038	0.577	0.039	0.048	0.048	0.048	0.048	0.048
44:31:05	25.0	0.043	0.565	0.038	0.039	0.038	0.038	0.078	0.047	0.282	0.983	0.040	0.048	0.048	0.048	0.048	0.047	0.039	1.115	0.040	0.040	0.039	0.039	0.698	0.038	0.039	1.216	0.039	0.048	0.048	0.048	0.048	0.048	0.038	0.956	0.040	0.040	0.039	0.039	0.447	0.038	0.037	0.571	0.039	0.048	0.048	0.048	0.048	0.048
44:46:48	25.0	0.043	0.550	0.038	0.039	0.038	0.038	0.070	0.047	0.279	0.981	0.039	0.048	0.048	0.048	0.048	0.047	0.039	1.203	0.040	0.040	0.039	0.039	0.695	0.038	0.039	1.214	0.039	0.048	0.048	0.048	0.048	0.048	0.038	0.965	0.039	0.040	0.039	0.039	0.438	0.037	0.037	0.565	0.039	0.048	0.048	0.048	0.048	0.048
45:02:31	25.1	0.043	0.536	0.038	0.039	0.038	0.038	0.065	0.047	0.277	0.979	0.039	0.047	0.048	0.048	0.048	0.047	0.039	1.118	0.040	0.040	0.039	0.039	0.696	0.038	0.039	1.210	0.039	0.048	0.048	0.048	0.048	0.048	0.038	0.978	0.040	0.040	0.039	0.039	0.430	0.037	0.038	0.558	0.039	0.048	0.048	0.048	0.048	0.048
45:18:14	25.1	0.044	0.522	0.038	0.039	0.038	0.038	0.062	0.047	0.274	0.977	0.039	0.048	0.048	0.048	0.048	0.047	0.039	1.091	0.040	0.039	0.039	0.039	0.691	0.038	0.039	1.206	0.039	0.048	0.048	0.048	0.048	0.048	0.038	0.957	0.040	0.040	0.039	0.039	0.421	0.037	0.038	0.552	0.039	0.048	0.048	0.048	0.048	0.048
45:33:56	25.1	0.044	0.509	0.038	0.039	0.038	0.038	0.059	0.047	0.271	0.974	0.039	0.047	0.048	0.048	0.048	0.047	0.039	1.081	0.040	0.040	0.039	0.039	0.687	0.038	0.039	1.203	0.039	0.048	0.048	0.048	0.048	0.048	0.038	0.961	0.039	0.040	0.039	0.039	0.413	0.038	0.038	0.546	0.039	0.048	0.048	0.048	0.048	0.048
45:49:39	25.1	0.044	0.496	0.038	0.039	0.038	0.038	0.056	0.047	0.268	0.972	0.040	0.048	0.048	0.048	0.048	0.047	0.039	1.145	0.040	0.040	0.039	0.039	0.684	0.038	0.039	1.204	0.039	0.048	0.048	0.048	0.048	0.048	0.038	0.938	0.040	0.040	0.039	0.039	0.404	0.037	0.037	0.541	0.039	0.048	0.048	0.048	0.048	0.048
46:05:22	25.1	0.045	0.484	0.038	0.039	0.038	0.038	0.054	0.047	0.265	0.969	0.039	0.048	0.048	0.048	0.048	0.047	0.039	1.106	0.040	0.040	0.039	0.039	0.679	0.038	0.039	1.195	0.039	0.048	0.048	0.048	0.048	0.048	0.038	0.965	0.040	0.040	0.039	0.039	0.395	0.037	0.037	0.534	0.039	0.048	0.048	0.048	0.048	0.048
46:21:04	25.1	0.045	0.472	0.038	0.039	0.038	0.038	0.053	0.047	0.263	0.967	0.039	0.048	0.048	0.048	0.048	0.047	0.039	1.150	0.040	0.039	0.039	0.039	0.676	0.038	0.039	1.190	0.039	0.048	0.048	0.048	0.048	0.048	0.038	0.956	0.040	0.040	0.038	0.039	0.387	0.038	0.038	0.529	0.039	0.048	0.048	0.048	0.048	0.048
46:36:47	25.1	0.045	0.459	0.038	0.039	0.038	0.038	0.053	0.047	0.260	0.964	0.039	0.048	0.049	0.048	0.048	0.047	0.039	1.066	0.040	0.040	0.039	0.039	0.674	0.038	0.039	1.186	0.039	0.048	0.048	0.048	0.048	0.048	0.038	0.941	0.040	0.040	0.039	0.039	0.377	0.037	0.037	0.523	0.039	0.048	0.048	0.048	0.048	0.048
46:52:30	25.1	0.045	0.452	0.038	0.039	0.038	0.038	0.055	0.047	0.256	0.962	0.039	0.047	0.048	0.048	0.048	0.047	0.039	1.062	0.040	0.039	0.039	0.039	0.669	0.038	0.039	1.180	0.039	0.048	0.048	0.048	0.048	0.048	0.038	0.942	0.039	0.040	0.039	0.039	0.369	0.037	0.038	0.516	0.039	0.048	0.048	0.048	0.048	0.048
47:08:13	25.1	0.045	0.440	0.038	0.039	0.038	0.038	0.060	0.047	0.254	0.960	0.039	0.047	0.048	0.048	0.048	0.047	0.039	1.094	0.040	0.039	0.039	0.039	0.664	0.038	0.039	1.174	0.039	0.048	0.048	0.048	0.048	0.048	0.038	0.936	0.039	0.040	0.038	0.039	0.360	0.038	0.037	0.510	0.039	0.048	0.048	0.048	0.048	0.048
47:23:56	25.0	0.045	0.428	0.038	0.039	0.038	0.038	0.049	0.047	0.251	0.956	0.039	0.048	0.049	0.048	0.048	0.047	0.039	1.085	0.040	0.040	0.039	0.039	0.665	0.038	0.040	1.168	0.039	0.048	0.048	0.048	0.048	0.048	0.038	0.935	0.040	0.040	0.039	0.039	0.350	0.038	0.038	0.504	0.039	0.048	0.048	0.048	0.048	0.048
47:39:38	25.1	0.046	0.412	0.038	0.039	0.038	0.038	0.043	0.047	0.248	0.952	0.039	0.048	0.048	0.048	0.048	0.047	0.039	1.219	0.040	0.039	0.039	0.039	0.659	0.038	0.040	1.161	0.039	0.048	0.048	0.048	0.048	0.048	0.038	0.917	0.040	0.040	0.038	0.039	0.342	0.038	0.038	0.497	0.039	0.048	0.048	0.048	0.048	0.048
47:55:21	25.1	0.046	0.400	0.038	0.039	0.038	0.038	0.043	0.047	0.246	0.949	0.040	0.048	0.049	0.048	0.048	0.047	0.039	1.224	0.040	0.039	0.039	0.039	0.656	0.038	0.040	1.155	0.039	0.048	0.048	0.048	0.048	0.048	0.038	0.927	0.040	0.040	0.038	0.039	0.333	0.038	0.039	0.490	0.039	0.048	0.048	0.048	0.048	0.048
48:11:04	25.1	0.046	0.387	0.038	0.039	0.038	0.038	0.042	0.047	0.242	0.944	0.039	0.048	0.048	0.048	0.048	0.047	0.039	1.046	0.040	0.039	0.039	0.039	0.645	0.038	0.040	1.148	0.039	0.048	0.048	0.048	0.048	0.048	0.038	0.907	0.040	0.040	0.038	0.039	0.323	0.038	0.043	0.483	0.039	0.048	0.048	0.048	0.048	0.048
48:26:47	25.1	0.046	0.374	0.038	0.039	0.038	0.038	0.042	0.047	0.238	0.940	0.039	0.048	0.048	0.048	0.048	0.047	0.039	1.044	0.040	0.039	0.039	0.039	0.646	0.037	0.040	1.141	0.039	0.048	0.048	0.048	0.048	0.048	0.038	0.918	0.040	0.040	0.038	0.039	0.313	0.038	0.047	0.478	0.039	0.048	0.048	0.048	0.048	0.048
48:42:30	25.0	0.047	0.362	0.038	0.038	0.037	0.038	0.040	0.047	0.234	0.935	0.039	0.047	0.048	0.048	0.048	0.047	0.039	1.037	0.040	0.039	0.039	0.039	0.639	0.037	0.040	1.134	0.039	0.048	0.048	0.048	0.048	0.048	0.038	0.911	0.040	0.040	0.038	0.039	0.303	0.038	0.047	0.473	0.039	0.048	0.048	0.048	0.048	0.048
48:58:12	25.1	0.047	0.349	0.038	0.038	0.037	0.038	0.040	0.047	0.230	0.930	0.039	0.047	0.048	0.048	0.048	0.047	0.039	1.035	0.040	0.039	0.039	0.039	0.632	0.037	0.040	1.126	0.039	0.048	0.048	0.048	0.048	0.048	0.038	0.905	0.040	0.040	0.038	0.039	0.292	0.039	0.047	0.466	0.039	0.048	0.048	0.048	0.048	0.048
49:13:55	25.1	0.048	0.337	0.038	0.038	0.037	0.038	0.041	0.047	0.226	0.925	0.039	0.048	0.048	0.048	0.048	0.047	0.039	1.035	0.040	0.039	0.039	0.039	0.625	0.037	0.040	1.118	0.039	0.048	0.048	0.048	0.048	0.048	0.038	0.908	0.040	0.040	0.038	0.039	0.282	0.041	0.047	0.461	0.039	0.048	0.048	0.048	0.048	0.048
49:29:38	25.1	0.048	0.324	0.038	0.038	0.037	0.038	0.041	0.047	0.221	0.919	0.039	0.048	0.048	0.048	0.048	0.047	0.039	1.027	0.040	0.039	0.039	0.039	0.619	0.037	0.040	1.110	0.039	0.048	0.048	0.048	0.048	0.048	0.038	0.885	0.040	0.040	0.038	0.039	0.272	0.042	0.048	0.454	0.039	0.048	0.048	0.048	0.048	0.048
49:45:20	25.1	0.048	0.313	0.038	0.038	0.037	0.038	0.041	0.047	0.217	0.914	0.039	0.048	0.048	0.048	0.048	0.047	0.039	1.040	0.040	0.039	0.039	0.039	0.610	0.037	0.040	1.103	0.039	0.048	0.048	0.048	0.048	0.048	0.038	0.895	0.040	0.040	0.038	0.039	0.261	0.043	0.048	0.447	0.039	0.048	0.048	0.048	0.048	0.048
50:01:03	25.1	0.048	0.299	0.038	0.038	0.037	0.038	0.041	0.047	0.212	0.910	0.039	0.048	0.048	0.048	0.048	0.047	0.039	1.019	0.040	0.039	0.039	0.039	0.603	0.037	0.040	1.095	0.039	0.048	0.048	0.048	0.048	0.048	0.038	0.898	0.040	0.040	0.038	0.039	0.249	0.041	0.048	0.439	0.039	0.048	0.048	0.048	0.048	0.048
50:16:46	25.1	0.048	0.286	0.038	0.038	0.037	0.038	0.042	0.047	0.207	0.903	0.039	0.048	0.048	0.048	0.048	0.047	0.039	1.015	0.040	0.039	0.039	0.039	0.596	0.037	0.040	1.086	0.039	0.048	0.048	0.048	0.048	0.048	0.038	0.888	0.040	0.040	0.038	0.039	0.237	0.040	0.048	0.430	0.039	0.048	0.048	0.048	0.048	0.048
50:32:29	25.1	0.048	0.272	0.038	0.038	0.037	0.038	0.042	0.047	0.203	0.897	0.039	0.047	0.048	0.048	0.048	0.047	0.039	1.011	0.040	0.039	0.039	0.039	0.585	0.037	0.040	1.079	0.039	0.048	0.048	0.048	0.048	0.048	0.038	0.882	0.040	0.040	0.038	0.039	0.224	0.040	0.048	0.421	0.039	0.048	0.048	0.048	0.048	0.048

Results
	1	2	3	4	5	6	7	8
A	0.235	16.637	-0.013	0.013	-0.013	0.013	-0.935	0.172	Max V [600]
	1.000	1.000	1.000	1.000	1.000	1.000	1.000	1.000	R-Squared [600]
	43:20:23	27:21:56	48:34:39	12:57:46	0:07:52	49:53:12	43:20:23	39:08:59	t at Max V [600]
	43:15:04	26:25:53	47:08:12	13:21:19	0:00:00	?????	44:56:14	39:07:31	Lagtime [600]
B	0.420	1.845	0.013	-0.013	0.013	0.013	0.013	0.013	Max V [600]
	1.000	1.000	1.000	1.000	1.000	1.000	1.000	1.000	R-Squared [600]
	26:34:48	10:52:05	12:57:46	14:32:03	12:57:46	4:50:41	12:57:46	41:46:07	t at Max V [600]
	20:38:47	7:47:58	13:05:37	14:24:11	13:05:37	4:50:41	13:13:28	41:53:58	Lagtime [600]
C	0.013	-11.338	-0.013	-0.013	0.013	-0.013	0.916	-0.013	Max V [600]
	1.000	1.000	1.000	1.000	1.000	1.000	1.000	1.000	R-Squared [600]
	7:59:14	48:03:13	39:40:25	16:22:02	4:50:41	32:36:10	10:52:05	47:31:47	t at Max V [600]
	8:07:05	49:39:21	39:24:42	16:14:10	4:50:41	32:04:46	7:21:45	45:57:35	Lagtime [600]
D	0.013	1.807	-0.013	-0.013	0.013	0.013	0.013	0.013	Max V [600]
	1.000	1.000	1.000	1.000	1.000	1.000	1.000	1.000	R-Squared [600]
	6:09:15	9:49:14	3:32:08	0:07:52	6:09:15	12:57:46	12:57:46	12:57:46	t at Max V [600]
	6:24:58	7:15:16	3:16:26	0:00:00	6:17:06	13:05:37	12:57:46	13:05:37	Lagtime [600]
E	-0.013	4.861	0.013	0.013	0.006	0.013	0.854	-0.146	Max V [600]
	1.000	1.000	1.000	1.000	1.000	1.000	1.000	1.000	R-Squared [600]
	3:32:08	29:27:38	12:57:46	6:09:15	31:49:02	27:21:56	12:10:38	49:53:12	t at Max V [600]
	3:16:26	25:34:48	13:13:28	6:24:58	32:43:59	27:53:20	7:19:57	50:09:56	Lagtime [600]
F	0.261	1.476	-0.013	-0.013	0.013	0.013	-0.006	-0.013	Max V [600]
	1.000	1.000	1.000	1.000	1.000	1.000	1.000	1.000	R-Squared [600]
	48:03:13	10:52:05	5:53:32	19:30:34	25:00:32	1:26:26	28:09:04	0:07:52	t at Max V [600]
	47:58:02	7:55:16	5:45:41	19:22:42	25:08:23	1:26:26	28:01:13	0:00:00	Lagtime [600]

