

Software Version	3.03.14



Experiment File Path:	C:\Users\Public\Documents\Experiments\Task2_48hr_48well_discon_180124_124600.xpt
Protocol File Path:	C:\Users\Public\Documents\Protocols\Task2_48hr_48well_discon.prt



Plate Number	Plate 1
Date	1/24/2018
Time	12:46:19 PM
Reader Type:	Synergy H1
Reader Serial Number:	1706221C
Reading Type	Reader

Procedure Details

Plate Type	Costar 48 well
Discontinuous Kinetics	Runtime 2:00:15 (D:HH:MM), Interval 0:00:15, 194 Reads
Set Temperature	Setpoint 25°C
	Preheat before moving to next step
Read	Absorbance Endpoint
	Full Plate
	Wavelengths:  600
	Read Speed: Normal,  Delay: 100 msec,  Measurements/Data Point: 8
Shake	Linear: 15:00 (MM:SS)
	Frequency: 567 cpm (3 mm)

Layout
	1	2	3	4	5	6	7	8
A	SPL1	SPL7	SPL13	SPL19	SPL25	SPL31	SPL37	SPL43	Well ID
B	SPL2	SPL8	SPL14	SPL20	SPL26	SPL32	SPL38	SPL44	Well ID
C	SPL3	SPL9	SPL15	SPL21	SPL27	SPL33	SPL39	SPL45	Well ID
D	SPL4	SPL10	SPL16	SPL22	SPL28	SPL34	SPL40	SPL46	Well ID
E	SPL5	SPL11	SPL17	SPL23	SPL29	SPL35	SPL41	SPL47	Well ID
F	SPL6	SPL12	SPL18	SPL24	SPL30	SPL36	SPL42	SPL48	Well ID

600

Time	T° 600	A1	A2	A3	A4	A5	A6	A7	A8	B1	B2	B3	B4	B5	B6	B7	B8	C1	C2	C3	C4	C5	C6	C7	C8	D1	D2	D3	D4	D5	D6	D7	D8	E1	E2	E3	E4	E5	E6	E7	E8	F1	F2	F3	F4	F5	F6	F7	F8
0:00:00	25.0	0.040	0.045	0.052	0.040	0.055	0.040	0.041	0.053	0.045	0.040	0.040	0.048	0.048	0.048	0.048	0.047	0.043	0.080	0.052	0.042	0.053	0.040	0.042	0.042	0.044	0.048	0.039	0.048	0.048	0.048	0.048	0.048	0.048	0.042	0.050	0.041	0.041	0.044	0.041	0.043	0.048	0.042	0.040	0.048	0.048	0.048	0.048	0.048
0:15:44	25.1	0.053	0.053	0.054	0.056	0.056	0.051	0.053	0.057	0.052	0.052	0.040	0.048	0.048	0.048	0.048	0.047	0.055	0.055	0.055	0.057	0.055	0.052	0.053	0.053	0.053	0.052	0.039	0.048	0.048	0.048	0.048	0.048	0.052	0.053	0.055	0.056	0.053	0.052	0.054	0.053	0.052	0.054	0.040	0.048	0.048	0.048	0.048	0.048
0:31:26	25.1	0.054	0.053	0.054	0.057	0.055	0.050	0.053	0.058	0.052	0.052	0.040	0.047	0.048	0.048	0.048	0.047	0.056	0.060	0.055	0.057	0.055	0.053	0.053	0.052	0.053	0.053	0.039	0.048	0.048	0.048	0.048	0.048	0.052	0.053	0.055	0.056	0.054	0.051	0.055	0.053	0.052	0.054	0.040	0.048	0.048	0.048	0.048	0.048
0:47:09	25.0	0.055	0.054	0.055	0.057	0.055	0.051	0.054	0.058	0.052	0.052	0.040	0.048	0.048	0.048	0.048	0.047	0.057	0.057	0.056	0.058	0.057	0.053	0.061	0.055	0.053	0.053	0.039	0.047	0.048	0.048	0.048	0.048	0.053	0.055	0.056	0.057	0.055	0.052	0.054	0.054	0.052	0.055	0.040	0.048	0.048	0.048	0.048	0.048
1:02:52	25.0	0.056	0.055	0.056	0.058	0.056	0.051	0.056	0.058	0.053	0.053	0.040	0.048	0.048	0.048	0.048	0.047	0.058	0.058	0.057	0.060	0.058	0.054	0.055	0.057	0.055	0.055	0.039	0.048	0.048	0.048	0.048	0.048	0.054	0.058	0.058	0.058	0.056	0.053	0.055	0.055	0.053	0.057	0.040	0.048	0.048	0.048	0.048	0.048
1:18:34	25.1	0.057	0.056	0.058	0.060	0.057	0.052	0.055	0.060	0.054	0.054	0.040	0.047	0.048	0.048	0.048	0.047	0.059	0.059	0.059	0.061	0.058	0.055	0.056	0.056	0.055	0.055	0.039	0.048	0.048	0.048	0.048	0.048	0.055	0.057	0.058	0.060	0.057	0.053	0.056	0.056	0.053	0.062	0.040	0.048	0.048	0.048	0.048	0.048
1:34:17	25.0	0.058	0.057	0.058	0.061	0.058	0.053	0.057	0.064	0.054	0.055	0.040	0.047	0.048	0.048	0.048	0.047	0.060	0.063	0.060	0.062	0.061	0.056	0.056	0.056	0.056	0.056	0.039	0.047	0.048	0.048	0.048	0.048	0.056	0.057	0.059	0.061	0.058	0.054	0.057	0.056	0.054	0.057	0.040	0.048	0.048	0.048	0.048	0.047
1:50:00	25.0	0.059	0.058	0.060	0.062	0.060	0.053	0.059	0.065	0.055	0.056	0.040	0.047	0.048	0.048	0.048	0.047	0.062	0.062	0.061	0.064	0.061	0.057	0.057	0.057	0.056	0.057	0.039	0.047	0.048	0.048	0.048	0.048	0.058	0.058	0.060	0.062	0.059	0.056	0.058	0.059	0.055	0.058	0.040	0.048	0.048	0.048	0.048	0.047
2:05:42	25.0	0.060	0.059	0.061	0.064	0.061	0.055	0.059	0.063	0.056	0.057	0.040	0.048	0.048	0.048	0.048	0.047	0.064	0.064	0.063	0.066	0.062	0.059	0.058	0.058	0.058	0.058	0.039	0.048	0.048	0.048	0.048	0.048	0.059	0.060	0.062	0.064	0.060	0.057	0.059	0.059	0.056	0.059	0.040	0.048	0.048	0.048	0.048	0.048
2:21:25	25.1	0.062	0.061	0.062	0.065	0.062	0.056	0.060	0.064	0.057	0.058	0.040	0.047	0.048	0.048	0.048	0.047	0.065	0.072	0.064	0.067	0.064	0.060	0.059	0.059	0.058	0.059	0.039	0.047	0.048	0.048	0.048	0.048	0.060	0.062	0.064	0.065	0.062	0.058	0.059	0.060	0.057	0.061	0.040	0.048	0.048	0.048	0.048	0.047
2:37:08	25.1	0.063	0.062	0.064	0.067	0.063	0.060	0.063	0.066	0.058	0.060	0.040	0.047	0.048	0.048	0.048	0.047	0.067	0.067	0.066	0.070	0.065	0.061	0.061	0.060	0.059	0.061	0.039	0.047	0.048	0.048	0.048	0.048	0.062	0.063	0.065	0.067	0.064	0.060	0.060	0.062	0.058	0.062	0.040	0.048	0.048	0.048	0.048	0.047
2:52:51	25.1	0.065	0.065	0.066	0.068	0.065	0.058	0.061	0.066	0.059	0.062	0.040	0.047	0.048	0.048	0.048	0.047	0.069	0.073	0.068	0.071	0.067	0.062	0.062	0.061	0.061	0.062	0.039	0.047	0.048	0.048	0.048	0.048	0.064	0.064	0.067	0.069	0.065	0.061	0.061	0.063	0.059	0.064	0.039	0.048	0.048	0.048	0.048	0.047
3:08:34	25.1	0.067	0.065	0.068	0.070	0.067	0.059	0.062	0.067	0.060	0.063	0.040	0.047	0.048	0.048	0.048	0.047	0.072	0.072	0.070	0.074	0.069	0.064	0.063	0.063	0.062	0.064	0.039	0.047	0.048	0.048	0.048	0.048	0.066	0.068	0.069	0.071	0.067	0.063	0.062	0.065	0.060	0.066	0.040	0.048	0.048	0.048	0.048	0.047
3:24:16	25.1	0.070	0.067	0.070	0.073	0.069	0.061	0.066	0.069	0.062	0.065	0.040	0.047	0.048	0.048	0.048	0.047	0.075	0.081	0.073	0.076	0.072	0.066	0.064	0.064	0.063	0.066	0.039	0.047	0.048	0.048	0.048	0.048	0.068	0.069	0.071	0.073	0.069	0.065	0.063	0.067	0.061	0.068	0.040	0.048	0.048	0.048	0.048	0.047
3:39:59	25.1	0.072	0.069	0.071	0.075	0.072	0.062	0.065	0.070	0.063	0.067	0.040	0.047	0.048	0.048	0.048	0.047	0.078	0.076	0.075	0.079	0.074	0.068	0.066	0.066	0.065	0.068	0.039	0.047	0.048	0.048	0.048	0.048	0.071	0.070	0.074	0.076	0.070	0.066	0.065	0.068	0.063	0.070	0.040	0.048	0.048	0.048	0.048	0.047
3:55:42	25.0	0.074	0.071	0.073	0.078	0.073	0.064	0.066	0.072	0.065	0.069	0.040	0.047	0.048	0.048	0.048	0.047	0.081	0.079	0.078	0.082	0.076	0.071	0.068	0.068	0.066	0.070	0.039	0.048	0.048	0.048	0.048	0.048	0.073	0.073	0.076	0.079	0.073	0.068	0.065	0.069	0.064	0.072	0.040	0.048	0.048	0.048	0.048	0.047
4:11:24	25.0	0.077	0.074	0.076	0.081	0.076	0.087	0.065	0.074	0.066	0.071	0.040	0.047	0.048	0.048	0.048	0.047	0.084	0.081	0.080	0.085	0.079	0.072	0.069	0.069	0.068	0.072	0.039	0.048	0.048	0.048	0.048	0.048	0.076	0.076	0.079	0.082	0.075	0.070	0.067	0.071	0.065	0.075	0.040	0.048	0.048	0.048	0.048	0.048
4:27:07	25.1	0.080	0.076	0.078	0.083	0.078	0.069	0.068	0.077	0.067	0.074	0.040	0.047	0.048	0.048	0.048	0.047	0.088	0.085	0.083	0.089	0.083	0.074	0.070	0.071	0.069	0.075	0.039	0.047	0.048	0.048	0.048	0.048	0.080	0.079	0.081	0.084	0.078	0.073	0.068	0.073	0.067	0.077	0.039	0.048	0.048	0.048	0.048	0.047
4:42:50	25.1	0.084	0.079	0.081	0.087	0.080	0.070	0.071	0.079	0.069	0.077	0.040	0.047	0.048	0.048	0.048	0.047	0.092	0.089	0.087	0.093	0.086	0.077	0.072	0.073	0.071	0.077	0.039	0.048	0.048	0.048	0.048	0.048	0.083	0.082	0.084	0.088	0.081	0.075	0.070	0.076	0.069	0.080	0.040	0.048	0.048	0.048	0.048	0.048
4:58:33	25.1	0.088	0.082	0.083	0.091	0.082	0.072	0.071	0.081	0.071	0.080	0.040	0.047	0.048	0.048	0.048	0.047	0.097	0.093	0.090	0.098	0.089	0.079	0.074	0.075	0.073	0.081	0.039	0.048	0.048	0.048	0.048	0.048	0.087	0.086	0.087	0.092	0.085	0.078	0.071	0.078	0.070	0.083	0.040	0.048	0.048	0.048	0.048	0.047
5:14:16	25.1	0.091	0.086	0.086	0.096	0.083	0.075	0.072	0.084	0.073	0.083	0.040	0.047	0.048	0.048	0.048	0.047	0.102	0.098	0.095	0.103	0.094	0.083	0.075	0.078	0.075	0.085	0.039	0.047	0.048	0.048	0.048	0.048	0.092	0.090	0.090	0.097	0.088	0.081	0.074	0.080	0.074	0.086	0.040	0.048	0.048	0.048	0.048	0.047
5:29:59	25.1	0.096	0.089	0.088	0.101	0.085	0.077	0.074	0.087	0.075	0.088	0.040	0.047	0.048	0.048	0.048	0.047	0.108	0.112	0.099	0.109	0.099	0.086	0.078	0.081	0.077	0.089	0.039	0.047	0.048	0.048	0.048	0.048	0.097	0.094	0.095	0.102	0.092	0.084	0.076	0.083	0.075	0.090	0.039	0.048	0.048	0.048	0.048	0.047
5:45:41	25.1	0.101	0.093	0.092	0.107	0.088	0.080	0.077	0.092	0.078	0.092	0.040	0.047	0.048	0.048	0.048	0.047	0.115	0.110	0.105	0.116	0.104	0.089	0.079	0.084	0.080	0.093	0.039	0.047	0.048	0.048	0.048	0.048	0.102	0.099	0.102	0.108	0.097	0.088	0.078	0.086	0.078	0.094	0.039	0.048	0.048	0.048	0.048	0.047
6:01:24	25.1	0.108	0.099	0.096	0.113	0.090	0.084	0.080	0.094	0.081	0.098	0.040	0.047	0.048	0.048	0.048	0.047	0.123	0.126	0.113	0.123	0.111	0.092	0.081	0.088	0.083	0.099	0.039	0.047	0.048	0.048	0.048	0.048	0.109	0.105	0.106	0.114	0.102	0.092	0.081	0.091	0.080	0.099	0.039	0.048	0.048	0.048	0.048	0.047
6:17:07	25.0	0.114	0.103	0.100	0.120	0.095	0.087	0.082	0.099	0.084	0.104	0.040	0.047	0.048	0.048	0.048	0.047	0.131	0.131	0.118	0.130	0.117	0.098	0.086	0.091	0.087	0.105	0.039	0.048	0.048	0.048	0.048	0.048	0.116	0.112	0.112	0.121	0.107	0.097	0.084	0.094	0.084	0.105	0.040	0.048	0.048	0.048	0.048	0.048
6:32:50	25.0	0.121	0.109	0.105	0.127	0.100	0.091	0.086	0.103	0.088	0.110	0.040	0.047	0.048	0.048	0.048	0.047	0.142	0.134	0.124	0.139	0.125	0.102	0.088	0.095	0.091	0.112	0.039	0.047	0.048	0.048	0.048	0.048	0.123	0.119	0.119	0.129	0.114	0.102	0.088	0.099	0.087	0.111	0.039	0.048	0.048	0.048	0.048	0.047
6:48:32	25.1	0.130	0.116	0.108	0.135	0.105	0.096	0.090	0.108	0.092	0.117	0.040	0.047	0.048	0.048	0.048	0.047	0.152	0.143	0.135	0.150	0.133	0.107	0.092	0.099	0.095	0.120	0.039	0.047	0.048	0.048	0.048	0.048	0.132	0.128	0.127	0.137	0.120	0.107	0.092	0.102	0.091	0.119	0.040	0.048	0.048	0.048	0.048	0.047
7:04:15	25.1	0.138	0.123	0.113	0.144	0.110	0.102	0.093	0.112	0.097	0.126	0.040	0.047	0.048	0.048	0.048	0.047	0.163	0.153	0.146	0.159	0.142	0.112	0.097	0.102	0.100	0.129	0.039	0.047	0.048	0.048	0.048	0.048	0.141	0.136	0.135	0.147	0.128	0.112	0.095	0.107	0.095	0.126	0.039	0.048	0.048	0.048	0.048	0.047
7:19:58	25.1	0.148	0.132	0.119	0.155	0.116	0.105	0.098	0.117	0.101	0.135	0.040	0.047	0.048	0.048	0.048	0.047	0.176	0.173	0.154	0.171	0.151	0.118	0.104	0.107	0.104	0.140	0.039	0.048	0.048	0.048	0.048	0.048	0.152	0.147	0.145	0.156	0.136	0.119	0.099	0.114	0.099	0.135	0.039	0.048	0.048	0.048	0.048	0.047
7:35:41	25.1	0.160	0.142	0.125	0.165	0.124	0.112	0.102	0.123	0.107	0.146	0.040	0.047	0.048	0.048	0.048	0.047	0.190	0.181	0.165	0.184	0.162	0.125	0.108	0.112	0.110	0.152	0.039	0.047	0.048	0.048	0.048	0.048	0.164	0.156	0.154	0.168	0.144	0.126	0.105	0.120	0.104	0.146	0.039	0.048	0.048	0.048	0.048	0.047
7:51:24	25.1	0.169	0.153	0.133	0.178	0.132	0.118	0.106	0.127	0.113	0.158	0.040	0.047	0.048	0.048	0.048	0.047	0.206	0.197	0.178	0.198	0.174	0.133	0.115	0.118	0.116	0.165	0.039	0.047	0.048	0.048	0.048	0.048	0.177	0.169	0.165	0.181	0.155	0.132	0.110	0.129	0.110	0.156	0.039	0.048	0.048	0.048	0.048	0.047
8:07:06	25.1	0.183	0.163	0.140	0.190	0.142	0.124	0.113	0.134	0.118	0.170	0.040	0.047	0.048	0.048	0.048	0.047	0.223	0.211	0.190	0.213	0.186	0.140	0.122	0.123	0.122	0.179	0.039	0.048	0.048	0.048	0.048	0.048	0.190	0.181	0.178	0.194	0.165	0.140	0.115	0.136	0.116	0.168	0.039	0.048	0.048	0.048	0.048	0.047
8:22:49	25.1	0.198	0.175	0.150	0.205	0.151	0.141	0.118	0.142	0.125	0.185	0.040	0.047	0.048	0.048	0.048	0.047	0.242	0.231	0.206	0.229	0.199	0.147	0.129	0.129	0.129	0.193	0.039	0.047	0.048	0.048	0.048	0.048	0.204	0.195	0.191	0.208	0.179	0.147	0.122	0.142	0.121	0.183	0.040	0.048	0.048	0.048	0.048	0.047
8:38:32	25.0	0.216	0.187	0.159	0.220	0.160	0.140	0.124	0.152	0.132	0.200	0.040	0.047	0.048	0.048	0.048	0.047	0.261	0.248	0.228	0.246	0.212	0.157	0.136	0.137	0.136	0.211	0.039	0.048	0.048	0.048	0.048	0.048	0.221	0.210	0.205	0.223	0.191	0.156	0.128	0.153	0.128	0.196	0.040	0.048	0.048	0.048	0.048	0.047
8:54:15	25.0	0.232	0.202	0.170	0.236	0.173	0.149	0.131	0.160	0.141	0.218	0.040	0.047	0.048	0.048	0.048	0.047	0.282	0.266	0.236	0.264	0.230	0.165	0.143	0.146	0.145	0.228	0.039	0.048	0.048	0.048	0.048	0.048	0.239	0.227	0.219	0.240	0.204	0.166	0.134	0.161	0.135	0.213	0.039	0.048	0.048	0.048	0.048	0.048
9:09:58	25.1	0.250	0.216	0.182	0.254	0.185	0.259	0.137	0.171	0.148	0.237	0.040	0.047	0.048	0.048	0.048	0.047	0.306	0.292	0.253	0.284	0.250	0.175	0.152	0.153	0.152	0.245	0.039	0.047	0.048	0.048	0.048	0.048	0.259	0.245	0.239	0.258	0.221	0.174	0.142	0.172	0.143	0.231	0.039	0.048	0.048	0.048	0.048	0.047
9:25:41	25.1	0.270	0.235	0.195	0.274	0.198	0.171	0.145	0.184	0.157	0.255	0.040	0.047	0.048	0.048	0.048	0.047	0.329	0.328	0.270	0.304	0.270	0.186	0.160	0.165	0.161	0.265	0.039	0.048	0.048	0.048	0.048	0.048	0.279	0.266	0.255	0.277	0.237	0.185	0.151	0.183	0.150	0.247	0.039	0.048	0.048	0.048	0.048	0.047
9:41:23	25.1	0.294	0.254	0.208	0.292	0.210	0.178	0.153	0.197	0.165	0.274	0.040	0.047	0.048	0.048	0.048	0.047	0.354	0.336	0.291	0.326	0.291	0.197	0.172	0.176	0.170	0.283	0.039	0.047	0.048	0.048	0.048	0.048	0.301	0.287	0.272	0.297	0.256	0.196	0.159	0.194	0.159	0.263	0.039	0.048	0.048	0.048	0.048	0.047
9:57:06	25.1	0.316	0.273	0.223	0.313	0.225	0.221	0.161	0.208	0.174	0.293	0.040	0.047	0.048	0.048	0.048	0.047	0.379	0.360	0.312	0.348	0.313	0.209	0.179	0.187	0.179	0.303	0.039	0.047	0.048	0.048	0.048	0.048	0.323	0.310	0.290	0.318	0.275	0.206	0.167	0.204	0.167	0.278	0.039	0.048	0.048	0.048	0.048	0.047
10:12:49	25.1	0.334	0.294	0.237	0.336	0.241	0.203	0.170	0.222	0.184	0.313	0.040	0.047	0.048	0.048	0.048	0.047	0.404	0.384	0.336	0.371	0.338	0.221	0.189	0.197	0.188	0.323	0.039	0.047	0.048	0.048	0.048	0.048	0.346	0.334	0.309	0.340	0.298	0.220	0.177	0.217	0.175	0.295	0.039	0.048	0.048	0.048	0.048	0.047
10:28:32	25.1	0.361	0.314	0.251	0.357	0.258	0.213	0.179	0.233	0.193	0.331	0.040	0.047	0.048	0.048	0.048	0.047	0.431	0.407	0.358	0.394	0.362	0.234	0.200	0.209	0.197	0.341	0.039	0.047	0.048	0.048	0.048	0.048	0.370	0.356	0.329	0.363	0.317	0.235	0.186	0.230	0.184	0.311	0.039	0.048	0.048	0.048	0.048	0.047
10:44:15	25.1	0.384	0.336	0.265	0.379	0.275	0.230	0.188	0.245	0.202	0.348	0.040	0.048	0.048	0.048	0.048	0.047	0.456	0.431	0.383	0.419	0.387	0.246	0.221	0.222	0.206	0.361	0.039	0.047	0.048	0.048	0.048	0.048	0.395	0.379	0.350	0.387	0.340	0.248	0.196	0.244	0.192	0.328	0.039	0.048	0.048	0.048	0.048	0.047
10:59:58	25.1	0.404	0.357	0.281	0.402	0.292	0.243	0.198	0.261	0.212	0.365	0.040	0.047	0.048	0.048	0.048	0.047	0.482	0.455	0.406	0.442	0.410	0.260	0.225	0.234	0.216	0.378	0.039	0.048	0.048	0.048	0.048	0.048	0.418	0.401	0.374	0.411	0.360	0.262	0.206	0.259	0.203	0.342	0.039	0.048	0.048	0.048	0.048	0.047
11:15:40	25.1	0.429	0.379	0.295	0.423	0.309	0.260	0.207	0.272	0.221	0.381	0.040	0.047	0.048	0.048	0.048	0.047	0.507	0.478	0.430	0.468	0.433	0.274	0.236	0.246	0.224	0.390	0.039	0.047	0.048	0.048	0.048	0.048	0.443	0.424	0.395	0.436	0.381	0.273	0.218	0.272	0.209	0.354	0.039	0.048	0.048	0.048	0.048	0.047
11:31:23	25.1	0.455	0.403	0.312	0.452	0.327	0.273	0.218	0.285	0.231	0.395	0.040	0.047	0.048	0.048	0.048	0.047	0.532	0.502	0.455	0.493	0.458	0.288	0.248	0.259	0.233	0.405	0.039	0.048	0.048	0.048	0.048	0.048	0.466	0.446	0.416	0.460	0.402	0.288	0.228	0.285	0.217	0.367	0.039	0.048	0.048	0.048	0.048	0.047
11:47:06	25.1	0.475	0.422	0.328	0.473	0.344	0.289	0.229	0.298	0.239	0.408	0.040	0.047	0.048	0.048	0.048	0.047	0.556	0.525	0.478	0.517	0.481	0.301	0.260	0.271	0.242	0.417	0.039	0.048	0.048	0.048	0.048	0.048	0.490	0.469	0.437	0.485	0.423	0.302	0.239	0.299	0.225	0.376	0.039	0.048	0.048	0.048	0.048	0.047
12:02:49	25.1	0.498	0.443	0.346	0.498	0.362	0.325	0.240	0.308	0.248	0.420	0.040	0.047	0.048	0.048	0.048	0.047	0.580	0.547	0.503	0.541	0.504	0.315	0.272	0.282	0.251	0.427	0.039	0.047	0.048	0.048	0.048	0.048	0.512	0.491	0.459	0.508	0.443	0.314	0.250	0.313	0.233	0.385	0.039	0.048	0.048	0.048	0.048	0.047
12:18:32	25.0	0.519	0.463	0.364	0.523	0.380	0.317	0.251	0.317	0.256	0.433	0.040	0.047	0.048	0.048	0.048	0.047	0.598	0.569	0.531	0.567	0.527	0.328	0.284	0.291	0.260	0.437	0.039	0.047	0.048	0.048	0.048	0.048	0.536	0.512	0.480	0.534	0.465	0.327	0.261	0.323	0.240	0.394	0.039	0.048	0.048	0.048	0.048	0.047
12:34:15	25.1	0.540	0.484	0.383	0.548	0.398	0.330	0.264	0.327	0.265	0.444	0.040	0.048	0.048	0.048	0.048	0.047	0.623	0.591	0.552	0.591	0.549	0.338	0.296	0.300	0.269	0.446	0.039	0.048	0.048	0.048	0.048	0.048	0.559	0.535	0.502	0.558	0.487	0.340	0.273	0.334	0.248	0.401	0.039	0.048	0.048	0.048	0.048	0.048
12:49:57	25.1	0.557	0.504	0.399	0.576	0.415	0.434	0.276	0.336	0.272	0.452	0.040	0.047	0.048	0.048	0.048	0.047	0.645	0.611	0.577	0.615	0.570	0.350	0.310	0.309	0.276	0.455	0.039	0.047	0.048	0.048	0.048	0.048	0.580	0.555	0.523	0.581	0.506	0.352	0.284	0.343	0.260	0.409	0.039	0.048	0.048	0.048	0.048	0.047
13:05:40	25.1	0.574	0.523	0.418	0.601	0.433	0.563	0.286	0.344	0.281	0.461	0.040	0.047	0.048	0.048	0.048	0.047	0.667	0.631	0.599	0.640	0.594	0.360	0.321	0.316	0.285	0.464	0.039	0.048	0.048	0.048	0.048	0.048	0.601	0.576	0.546	0.607	0.527	0.363	0.298	0.350	0.263	0.415	0.039	0.048	0.048	0.048	0.048	0.047
13:21:23	25.1	0.587	0.543	0.436	0.624	0.451	0.436	0.297	0.348	0.288	0.470	0.040	0.047	0.048	0.048	0.048	0.047	0.684	0.650	0.621	0.665	0.615	0.371	0.333	0.323	0.292	0.471	0.039	0.048	0.048	0.048	0.048	0.048	0.624	0.597	0.567	0.632	0.547	0.373	0.306	0.359	0.270	0.421	0.039	0.048	0.048	0.048	0.048	0.047
13:37:06	25.1	0.602	0.563	0.454	0.649	0.469	0.379	0.307	0.356	0.295	0.476	0.040	0.048	0.048	0.048	0.048	0.047	0.703	0.668	0.644	0.688	0.634	0.423	0.344	0.331	0.299	0.479	0.039	0.048	0.048	0.048	0.048	0.048	0.644	0.616	0.587	0.656	0.566	0.382	0.318	0.366	0.276	0.428	0.039	0.048	0.048	0.048	0.048	0.047
13:52:48	25.1	0.614	0.582	0.471	0.673	0.485	0.391	0.317	0.361	0.302	0.484	0.040	0.048	0.048	0.048	0.048	0.047	0.718	0.684	0.664	0.707	0.652	0.389	0.355	0.338	0.305	0.486	0.039	0.048	0.048	0.048	0.048	0.048	0.662	0.635	0.607	0.677	0.585	0.391	0.328	0.373	0.284	0.434	0.039	0.048	0.048	0.048	0.048	0.048
14:08:31	25.1	0.625	0.600	0.490	0.698	0.505	0.400	0.326	0.366	0.307	0.491	0.040	0.047	0.048	0.048	0.048	0.047	0.734	0.702	0.686	0.728	0.670	0.397	0.365	0.344	0.310	0.494	0.039	0.048	0.048	0.048	0.048	0.048	0.678	0.653	0.627	0.697	0.603	0.399	0.338	0.380	0.288	0.440	0.039	0.048	0.048	0.048	0.048	0.047
14:24:14	25.1	0.635	0.618	0.509	0.720	0.522	0.416	0.333	0.369	0.314	0.499	0.040	0.048	0.048	0.048	0.048	0.047	0.746	0.718	0.708	0.745	0.688	0.405	0.374	0.349	0.317	0.500	0.039	0.048	0.048	0.048	0.048	0.048	0.692	0.670	0.647	0.716	0.622	0.408	0.346	0.388	0.294	0.446	0.039	0.048	0.048	0.048	0.048	0.048
14:39:57	25.1	0.645	0.634	0.526	0.740	0.537	0.416	0.340	0.373	0.318	0.505	0.040	0.047	0.048	0.048	0.048	0.047	0.758	0.733	0.726	0.760	0.705	0.412	0.381	0.355	0.322	0.507	0.039	0.047	0.048	0.048	0.048	0.048	0.705	0.686	0.665	0.731	0.638	0.414	0.353	0.394	0.299	0.451	0.039	0.048	0.048	0.048	0.048	0.047
14:55:40	25.1	0.653	0.651	0.543	0.755	0.554	0.619	0.347	0.378	0.324	0.512	0.040	0.047	0.048	0.048	0.048	0.047	0.771	0.748	0.744	0.775	0.721	0.419	0.389	0.362	0.328	0.515	0.039	0.047	0.048	0.048	0.048	0.048	0.716	0.701	0.683	0.746	0.654	0.422	0.360	0.401	0.304	0.457	0.039	0.048	0.048	0.048	0.048	0.047
15:11:23	25.1	0.661	0.666	0.561	0.770	0.569	0.430	0.353	0.381	0.328	0.518	0.040	0.047	0.048	0.048	0.048	0.047	0.782	0.760	0.761	0.787	0.736	0.426	0.397	0.367	0.333	0.521	0.039	0.047	0.048	0.048	0.048	0.048	0.727	0.717	0.700	0.760	0.670	0.428	0.367	0.408	0.308	0.463	0.039	0.048	0.048	0.048	0.048	0.047
15:27:05	25.1	0.668	0.678	0.575	0.784	0.582	0.484	0.359	0.384	0.333	0.524	0.040	0.047	0.048	0.048	0.048	0.047	0.792	0.772	0.777	0.798	0.749	0.433	0.429	0.373	0.338	0.528	0.039	0.048	0.048	0.048	0.048	0.048	0.739	0.731	0.717	0.773	0.684	0.434	0.373	0.413	0.315	0.468	0.039	0.048	0.048	0.048	0.048	0.047
15:42:48	25.1	0.675	0.694	0.594	0.794	0.596	0.444	0.365	0.387	0.338	0.531	0.040	0.047	0.048	0.048	0.048	0.047	0.803	0.786	0.793	0.812	0.762	0.440	0.410	0.378	0.343	0.535	0.039	0.048	0.048	0.048	0.048	0.048	0.750	0.743	0.732	0.785	0.698	0.441	0.379	0.418	0.315	0.473	0.039	0.048	0.048	0.048	0.048	0.047
15:58:31	25.1	0.681	0.707	0.610	0.807	0.612	0.822	0.370	0.389	0.342	0.537	0.040	0.047	0.048	0.048	0.048	0.047	0.814	0.797	0.808	0.824	0.776	0.446	0.422	0.383	0.347	0.541	0.039	0.047	0.048	0.048	0.048	0.048	0.760	0.756	0.747	0.797	0.712	0.447	0.386	0.424	0.319	0.478	0.039	0.048	0.048	0.048	0.048	0.047
16:14:14	25.1	0.686	0.719	0.625	0.817	0.624	0.710	0.374	0.391	0.346	0.544	0.040	0.047	0.048	0.048	0.048	0.047	0.825	0.810	0.823	0.837	0.789	0.453	0.423	0.388	0.352	0.548	0.039	0.048	0.048	0.048	0.048	0.048	0.770	0.769	0.762	0.811	0.725	0.454	0.392	0.429	0.321	0.483	0.039	0.048	0.048	0.048	0.048	0.047
16:29:56	25.1	0.691	0.731	0.639	0.828	0.636	0.459	0.380	0.394	0.351	0.550	0.040	0.047	0.048	0.048	0.048	0.047	0.836	0.821	0.836	0.846	0.801	0.459	0.430	0.394	0.356	0.555	0.039	0.047	0.048	0.048	0.048	0.048	0.780	0.780	0.775	0.821	0.737	0.460	0.398	0.435	0.324	0.488	0.039	0.048	0.048	0.048	0.048	0.047
16:45:39	25.1	0.696	0.742	0.653	0.837	0.648	0.501	0.383	0.395	0.354	0.557	0.040	0.047	0.048	0.048	0.048	0.047	0.845	0.831	0.850	0.857	0.812	0.465	0.436	0.399	0.360	0.562	0.039	0.047	0.048	0.048	0.048	0.048	0.791	0.792	0.789	0.832	0.749	0.467	0.404	0.439	0.326	0.493	0.039	0.048	0.048	0.048	0.048	0.048
17:01:22	25.1	0.699	0.752	0.667	0.848	0.660	0.502	0.388	0.396	0.358	0.563	0.040	0.047	0.048	0.048	0.048	0.047	0.856	0.839	0.863	0.869	0.824	0.472	0.443	0.404	0.364	0.568	0.039	0.047	0.048	0.048	0.048	0.048	0.800	0.803	0.802	0.842	0.761	0.473	0.410	0.444	0.331	0.498	0.039	0.048	0.048	0.048	0.048	0.047
17:17:05	25.1	0.704	0.762	0.678	0.856	0.669	0.515	0.392	0.398	0.363	0.569	0.040	0.047	0.048	0.048	0.048	0.047	0.866	0.849	0.875	0.880	0.832	0.478	0.450	0.409	0.369	0.575	0.039	0.047	0.048	0.048	0.048	0.048	0.811	0.813	0.814	0.854	0.769	0.480	0.415	0.448	0.332	0.502	0.039	0.048	0.048	0.048	0.048	0.047
17:32:48	25.0	0.709	0.772	0.690	0.865	0.679	0.480	0.396	0.401	0.366	0.575	0.040	0.047	0.048	0.048	0.048	0.047	0.876	0.858	0.887	0.891	0.843	0.512	0.456	0.414	0.373	0.582	0.039	0.048	0.048	0.048	0.048	0.048	0.821	0.821	0.827	0.865	0.779	0.485	0.421	0.453	0.336	0.507	0.039	0.048	0.048	0.048	0.048	0.048
17:48:31	25.1	0.711	0.779	0.704	0.876	0.689	0.611	0.399	0.402	0.371	0.583	0.040	0.048	0.048	0.048	0.048	0.047	0.888	0.870	0.898	0.903	0.853	0.491	0.463	0.420	0.377	0.589	0.039	0.048	0.048	0.048	0.048	0.048	0.831	0.831	0.839	0.876	0.788	0.492	0.426	0.457	0.339	0.512	0.039	0.048	0.048	0.048	0.048	0.048
18:04:13	25.1	0.712	0.784	0.714	0.885	0.699	0.851	0.404	0.404	0.374	0.589	0.040	0.048	0.048	0.048	0.048	0.047	0.897	0.879	0.909	0.913	0.863	0.502	0.469	0.425	0.381	0.596	0.039	0.048	0.048	0.048	0.048	0.048	0.840	0.839	0.849	0.885	0.797	0.498	0.432	0.462	0.339	0.517	0.039	0.048	0.048	0.048	0.048	0.048
18:19:56	25.1	0.715	0.788	0.724	0.893	0.708	0.493	0.408	0.406	0.378	0.595	0.040	0.047	0.048	0.048	0.048	0.047	0.907	0.889	0.919	0.923	0.873	0.504	0.475	0.430	0.385	0.602	0.039	0.048	0.048	0.048	0.048	0.048	0.851	0.849	0.860	0.897	0.806	0.505	0.437	0.466	0.336	0.522	0.039	0.048	0.048	0.048	0.048	0.047
18:35:39	25.0	0.717	0.795	0.735	0.903	0.716	0.497	0.410	0.407	0.381	0.602	0.040	0.047	0.048	0.048	0.048	0.047	0.918	0.899	0.930	0.936	0.884	0.511	0.481	0.435	0.388	0.609	0.039	0.047	0.048	0.048	0.048	0.048	0.860	0.858	0.868	0.908	0.816	0.511	0.443	0.470	0.337	0.526	0.039	0.048	0.048	0.048	0.048	0.047
18:51:22	25.1	0.719	0.803	0.745	0.913	0.724	0.500	0.413	0.408	0.385	0.608	0.040	0.047	0.048	0.048	0.048	0.047	0.929	0.909	0.942	0.946	0.895	0.517	0.487	0.439	0.396	0.616	0.039	0.048	0.048	0.048	0.048	0.048	0.870	0.867	0.878	0.918	0.825	0.517	0.448	0.474	0.340	0.531	0.039	0.048	0.048	0.048	0.048	0.047
19:07:05	25.1	0.722	0.808	0.755	0.921	0.727	0.659	0.416	0.410	0.389	0.615	0.040	0.047	0.048	0.048	0.048	0.047	0.938	0.919	0.953	0.957	0.905	0.577	0.492	0.443	0.400	0.623	0.039	0.047	0.048	0.048	0.048	0.048	0.879	0.876	0.888	0.930	0.835	0.523	0.453	0.477	0.339	0.535	0.039	0.048	0.048	0.048	0.048	0.047
19:22:47	25.1	0.724	0.815	0.764	0.930	0.732	0.516	0.420	0.410	0.392	0.621	0.040	0.048	0.048	0.048	0.048	0.047	0.949	0.929	0.965	0.968	0.915	0.593	0.499	0.448	0.402	0.629	0.039	0.048	0.048	0.048	0.048	0.048	0.888	0.886	0.898	0.940	0.844	0.529	0.458	0.482	0.339	0.541	0.039	0.048	0.048	0.048	0.048	0.048
19:38:30	25.1	0.726	0.822	0.773	0.937	0.733	0.510	0.423	0.412	0.395	0.628	0.040	0.047	0.048	0.048	0.048	0.047	0.959	0.938	0.975	0.978	0.925	0.536	0.505	0.453	0.407	0.636	0.039	0.047	0.048	0.048	0.048	0.048	0.898	0.895	0.909	0.951	0.852	0.534	0.462	0.485	0.343	0.545	0.039	0.048	0.048	0.048	0.048	0.047
19:54:13	25.1	0.728	0.829	0.783	0.948	0.740	0.515	0.426	0.412	0.399	0.634	0.040	0.047	0.048	0.048	0.048	0.047	0.969	0.949	0.987	0.989	0.935	0.542	0.511	0.458	0.411	0.643	0.039	0.048	0.048	0.048	0.048	0.048	0.907	0.904	0.920	0.960	0.862	0.540	0.468	0.490	0.345	0.550	0.039	0.048	0.048	0.048	0.048	0.047
20:09:56	25.1	0.731	0.835	0.790	0.959	0.742	0.522	0.429	0.414	0.402	0.640	0.040	0.047	0.048	0.048	0.048	0.047	0.978	0.961	0.997	0.999	0.945	0.548	0.528	0.463	0.415	0.650	0.039	0.047	0.048	0.048	0.048	0.048	0.917	0.913	0.929	0.972	0.871	0.546	0.472	0.494	0.342	0.555	0.039	0.048	0.048	0.048	0.048	0.047
20:25:39	25.0	0.732	0.842	0.795	0.964	0.749	0.554	0.432	0.415	0.406	0.647	0.040	0.048	0.048	0.048	0.048	0.047	0.989	0.968	1.009	1.010	0.957	0.554	0.522	0.466	0.419	0.656	0.039	0.048	0.048	0.048	0.048	0.048	0.926	0.923	0.940	0.983	0.881	0.551	0.476	0.497	0.346	0.559	0.039	0.048	0.048	0.048	0.048	0.048
20:41:22	25.0	0.735	0.848	0.799	0.978	0.753	0.520	0.434	0.416	0.409	0.654	0.040	0.047	0.048	0.048	0.048	0.047	0.998	0.976	1.020	1.019	0.965	0.560	0.528	0.469	0.422	0.663	0.039	0.047	0.048	0.048	0.048	0.048	0.935	0.932	0.951	0.992	0.888	0.556	0.480	0.500	0.344	0.564	0.039	0.048	0.048	0.048	0.048	0.048
20:57:04	25.1	0.737	0.854	0.802	0.981	0.761	0.526	0.437	0.417	0.412	0.660	0.040	0.047	0.048	0.048	0.048	0.047	1.007	1.001	1.030	1.030	0.975	0.566	0.534	0.475	0.424	0.670	0.039	0.048	0.048	0.048	0.048	0.048	0.945	0.942	0.960	1.003	0.899	0.562	0.485	0.505	0.346	0.569	0.039	0.048	0.048	0.048	0.048	0.048
21:12:47	25.1	0.739	0.859	0.807	0.994	0.765	0.530	0.439	0.418	0.415	0.666	0.040	0.048	0.048	0.048	0.048	0.047	1.017	0.994	1.040	1.041	0.985	0.571	0.540	0.479	0.427	0.677	0.039	0.048	0.048	0.048	0.048	0.048	0.953	0.948	0.971	1.013	0.907	0.567	0.489	0.509	0.350	0.573	0.039	0.048	0.048	0.048	0.048	0.048
21:28:30	25.1	0.741	0.866	0.812	0.996	0.770	0.536	0.442	0.419	0.418	0.673	0.040	0.047	0.048	0.048	0.048	0.047	1.027	1.004	1.051	1.052	0.996	0.579	0.545	0.482	0.433	0.684	0.039	0.048	0.048	0.048	0.048	0.048	0.962	0.959	0.982	1.023	0.915	0.572	0.493	0.512	0.350	0.577	0.039	0.048	0.048	0.048	0.048	0.048
21:44:12	25.1	0.744	0.872	0.820	1.010	0.775	0.784	0.443	0.421	0.421	0.679	0.040	0.047	0.048	0.048	0.048	0.047	1.036	1.014	1.060	1.062	1.004	0.585	0.550	0.485	0.437	0.691	0.039	0.048	0.048	0.048	0.048	0.048	0.971	0.968	0.991	1.035	0.925	0.576	0.497	0.515	0.350	0.582	0.039	0.048	0.048	0.048	0.048	0.047
21:59:55	25.1	0.746	0.877	0.824	1.011	0.781	0.538	0.446	0.421	0.422	0.685	0.040	0.047	0.048	0.048	0.048	0.047	1.044	1.022	1.071	1.072	1.015	0.591	0.556	0.489	0.440	0.697	0.039	0.047	0.048	0.048	0.048	0.048	0.979	0.976	1.000	1.044	0.934	0.582	0.501	0.519	0.356	0.586	0.039	0.048	0.048	0.048	0.048	0.047
22:15:38	25.1	0.750	0.881	0.832	1.022	0.785	0.740	0.448	0.422	0.426	0.691	0.040	0.047	0.048	0.048	0.048	0.047	1.054	1.030	1.082	1.082	1.024	0.597	0.562	0.494	0.444	0.704	0.039	0.047	0.048	0.048	0.048	0.048	0.988	0.985	1.011	1.054	0.942	0.587	0.505	0.522	0.348	0.591	0.039	0.048	0.048	0.048	0.048	0.047
22:31:21	25.0	0.753	0.886	0.837	1.027	0.789	0.552	0.450	0.423	0.430	0.697	0.040	0.048	0.048	0.048	0.048	0.047	1.063	1.045	1.092	1.093	1.034	0.602	0.568	0.499	0.448	0.711	0.039	0.048	0.048	0.048	0.048	0.048	0.996	0.993	1.020	1.063	0.950	0.592	0.509	0.526	0.351	0.595	0.039	0.048	0.048	0.048	0.048	0.047
22:47:04	25.0	0.756	0.890	0.843	1.035	0.794	0.543	0.452	0.424	0.433	0.704	0.040	0.048	0.048	0.048	0.048	0.047	1.072	1.049	1.101	1.102	1.043	0.609	0.574	0.502	0.451	0.717	0.039	0.048	0.048	0.048	0.048	0.048	1.004	1.000	1.030	1.074	0.958	0.596	0.513	0.529	0.351	0.599	0.039	0.048	0.048	0.048	0.048	0.048
23:02:47	25.1	0.758	0.938	0.849	1.037	0.850	0.728	0.454	0.425	0.435	0.710	0.040	0.048	0.048	0.048	0.048	0.047	1.081	1.058	1.113	1.111	1.052	0.613	0.579	0.505	0.454	0.724	0.039	0.048	0.048	0.048	0.048	0.048	1.012	1.010	1.039	1.082	0.967	0.601	0.517	0.531	0.357	0.603	0.039	0.048	0.048	0.048	0.048	0.048
23:18:29	25.1	0.761	0.900	0.856	1.044	0.800	0.635	0.456	0.425	0.438	0.716	0.040	0.047	0.048	0.048	0.048	0.047	1.089	1.066	1.122	1.121	1.061	0.626	0.584	0.510	0.457	0.730	0.039	0.047	0.048	0.048	0.048	0.048	1.019	1.018	1.048	1.091	0.975	0.605	0.520	0.533	0.359	0.607	0.039	0.048	0.048	0.048	0.048	0.047
23:34:12	25.1	0.764	0.991	0.861	1.048	0.803	0.563	0.458	0.425	0.440	0.722	0.040	0.048	0.048	0.048	0.048	0.047	1.098	1.075	1.132	1.132	1.072	0.625	0.591	0.513	0.460	0.736	0.039	0.048	0.048	0.048	0.048	0.048	1.026	1.026	1.059	1.101	0.981	0.610	0.524	0.536	0.357	0.611	0.039	0.048	0.048	0.048	0.048	0.048
23:49:55	25.1	0.767	1.003	0.868	1.051	0.806	0.756	0.460	0.426	0.443	0.728	0.040	0.048	0.048	0.048	0.048	0.047	1.106	1.084	1.141	1.140	1.080	0.637	0.596	0.517	0.463	0.743	0.039	0.048	0.048	0.048	0.048	0.048	1.034	1.035	1.068	1.109	0.989	0.614	0.528	0.538	0.356	0.614	0.039	0.048	0.048	0.048	0.048	0.048
24:05:38	25.1	0.770	0.934	0.957	1.056	0.809	0.556	0.462	0.424	0.444	0.734	0.040	0.047	0.048	0.048	0.048	0.047	1.115	1.092	1.150	1.149	1.089	0.636	0.603	0.522	0.466	0.749	0.039	0.048	0.048	0.048	0.048	0.048	1.040	1.043	1.077	1.117	0.995	0.618	0.531	0.540	0.360	0.618	0.039	0.048	0.048	0.048	0.048	0.047
24:21:20	25.1	0.772	0.986	0.878	1.060	0.885	0.893	0.463	0.425	0.447	0.740	0.040	0.048	0.048	0.048	0.048	0.047	1.122	1.101	1.161	1.158	1.098	0.649	0.606	0.524	0.469	0.756	0.039	0.048	0.048	0.048	0.048	0.048	1.048	1.051	1.085	1.126	1.004	0.623	0.535	0.542	0.358	0.621	0.039	0.048	0.048	0.048	0.048	0.047
24:37:03	25.1	0.776	0.917	0.882	1.065	0.814	0.660	0.465	0.424	0.449	0.746	0.040	0.048	0.048	0.048	0.048	0.047	1.130	1.109	1.170	1.166	1.104	0.648	0.611	0.528	0.472	0.762	0.039	0.048	0.048	0.048	0.048	0.048	1.054	1.058	1.097	1.133	1.010	0.626	0.538	0.543	0.361	0.623	0.039	0.048	0.048	0.048	0.048	0.047
24:52:46	25.1	0.780	1.039	0.984	1.068	0.816	0.625	0.466	0.425	0.450	0.751	0.040	0.048	0.048	0.048	0.048	0.047	1.138	1.116	1.178	1.175	1.115	0.654	0.617	0.533	0.475	0.768	0.039	0.048	0.048	0.048	0.048	0.048	1.061	1.066	1.106	1.142	1.016	0.630	0.542	0.546	0.353	0.626	0.039	0.048	0.048	0.048	0.048	0.048
25:08:29	25.0	0.782	1.007	1.036	1.071	0.819	0.764	0.468	0.423	0.453	0.757	0.040	0.048	0.048	0.048	0.048	0.047	1.146	1.125	1.187	1.184	1.123	0.660	0.624	0.536	0.479	0.775	0.039	0.048	0.048	0.048	0.048	0.048	1.067	1.073	1.114	1.148	1.022	0.635	0.546	0.547	0.357	0.629	0.039	0.048	0.048	0.048	0.048	0.048
25:24:12	25.1	0.785	0.955	0.945	1.073	0.819	0.695	0.469	0.424	0.455	0.763	0.040	0.047	0.048	0.048	0.048	0.047	1.154	1.133	1.198	1.191	1.130	0.676	0.627	0.540	0.482	0.780	0.039	0.048	0.048	0.048	0.048	0.048	1.073	1.082	1.123	1.156	1.028	0.639	0.549	0.549	0.359	0.631	0.039	0.048	0.048	0.048	0.048	0.047
25:39:54	25.1	0.789	1.013	1.017	1.075	0.822	0.562	0.470	0.424	0.456	0.769	0.040	0.047	0.048	0.048	0.048	0.047	1.161	1.139	1.206	1.199	1.139	0.670	0.633	0.543	0.484	0.786	0.039	0.048	0.048	0.048	0.048	0.048	1.078	1.089	1.130	1.162	1.035	0.643	0.553	0.550	0.358	0.633	0.039	0.048	0.048	0.048	0.048	0.047
25:55:37	25.1	0.791	0.928	0.900	1.077	0.824	0.731	0.471	0.424	0.458	0.774	0.040	0.048	0.048	0.048	0.048	0.047	1.168	1.149	1.216	1.206	1.146	0.677	0.636	0.546	0.487	0.793	0.039	0.048	0.048	0.048	0.048	0.048	1.083	1.095	1.138	1.168	1.040	0.647	0.556	0.551	0.358	0.635	0.039	0.048	0.048	0.048	0.048	0.048
26:11:20	25.1	0.796	1.014	1.020	1.078	0.824	0.727	0.473	0.425	0.459	0.779	0.040	0.047	0.048	0.048	0.048	0.047	1.175	1.156	1.223	1.213	1.153	0.682	0.652	0.550	0.490	0.798	0.039	0.047	0.048	0.048	0.048	0.048	1.088	1.104	1.147	1.175	1.045	0.651	0.560	0.552	0.357	0.636	0.039	0.048	0.048	0.048	0.048	0.048
26:27:03	25.0	0.799	1.000	1.005	1.080	0.826	0.582	0.474	0.424	0.461	0.785	0.040	0.047	0.048	0.048	0.048	0.047	1.182	1.164	1.232	1.220	1.159	0.707	0.645	0.552	0.493	0.805	0.039	0.048	0.048	0.048	0.048	0.048	1.092	1.111	1.155	1.181	1.050	0.655	0.563	0.553	0.358	0.638	0.039	0.048	0.048	0.048	0.048	0.047
26:42:46	25.1	0.800	0.995	1.085	1.081	0.829	0.890	0.475	0.425	0.463	0.791	0.040	0.048	0.048	0.048	0.048	0.047	1.188	1.170	1.240	1.227	1.168	0.692	0.652	0.555	0.496	0.810	0.039	0.047	0.048	0.048	0.048	0.048	1.097	1.117	1.164	1.186	1.054	0.659	0.567	0.555	0.358	0.640	0.039	0.048	0.048	0.048	0.048	0.048
26:58:29	25.1	0.803	0.992	1.080	1.081	0.828	0.729	0.477	0.424	0.464	0.796	0.040	0.047	0.048	0.048	0.048	0.047	1.196	1.178	1.250	1.233	1.174	0.698	0.654	0.558	0.499	0.816	0.039	0.048	0.048	0.048	0.048	0.048	1.101	1.125	1.171	1.191	1.059	0.663	0.570	0.555	0.359	0.641	0.039	0.048	0.048	0.048	0.048	0.048
27:14:12	25.0	0.804	1.003	1.072	1.081	0.830	0.604	0.477	0.423	0.465	0.801	0.040	0.047	0.048	0.048	0.048	0.047	1.202	1.184	1.256	1.239	1.181	0.702	0.660	0.560	0.502	0.822	0.039	0.048	0.048	0.048	0.048	0.048	1.104	1.131	1.178	1.197	1.065	0.666	0.573	0.557	0.358	0.642	0.039	0.048	0.048	0.048	0.048	0.047
27:29:54	25.1	0.805	0.951	1.000	1.082	0.832	0.652	0.479	0.421	0.466	0.806	0.040	0.048	0.048	0.048	0.048	0.047	1.209	1.192	1.265	1.245	1.188	0.708	0.663	0.562	0.504	0.827	0.039	0.048	0.048	0.048	0.048	0.048	1.108	1.139	1.185	1.201	1.069	0.671	0.576	0.558	0.357	0.643	0.039	0.048	0.048	0.048	0.048	0.047
27:45:37	25.1	0.807	1.016	1.001	1.087	0.840	0.624	0.480	0.418	0.466	0.811	0.040	0.047	0.048	0.048	0.048	0.047	1.214	1.198	1.273	1.250	1.195	0.713	0.667	0.564	0.507	0.833	0.039	0.048	0.048	0.048	0.048	0.048	1.112	1.144	1.192	1.206	1.072	0.674	0.578	0.559	0.358	0.644	0.039	0.048	0.048	0.048	0.048	0.047
28:01:20	25.1	0.807	0.968	1.007	1.082	0.834	0.616	0.480	0.416	0.468	0.816	0.040	0.048	0.048	0.048	0.048	0.047	1.221	1.205	1.281	1.258	1.201	0.719	0.672	0.566	0.510	0.839	0.039	0.048	0.048	0.048	0.048	0.048	1.115	1.151	1.200	1.211	1.077	0.677	0.581	0.560	0.357	0.645	0.039	0.048	0.048	0.048	0.048	0.048
28:17:03	25.1	0.808	0.972	1.036	1.082	0.835	0.591	0.481	0.413	0.469	0.821	0.040	0.048	0.048	0.048	0.048	0.047	1.226	1.211	1.287	1.262	1.207	0.784	0.678	0.568	0.513	0.844	0.039	0.048	0.048	0.048	0.048	0.048	1.118	1.157	1.206	1.215	1.080	0.680	0.583	0.561	0.357	0.646	0.039	0.048	0.048	0.048	0.048	0.048
28:32:46	25.0	0.808	0.974	1.044	1.081	0.837	0.611	0.481	0.409	0.469	0.826	0.040	0.047	0.048	0.048	0.048	0.047	1.234	1.218	1.296	1.269	1.214	0.727	0.687	0.569	0.515	0.850	0.039	0.048	0.048	0.048	0.048	0.048	1.121	1.164	1.212	1.219	1.084	0.684	0.586	0.561	0.357	0.646	0.039	0.048	0.048	0.048	0.048	0.047
28:48:29	25.1	0.807	0.926	0.948	1.082	0.839	0.733	0.482	0.405	0.470	0.831	0.040	0.047	0.048	0.048	0.048	0.047	1.239	1.224	1.300	1.273	1.220	0.766	0.687	0.571	0.518	0.854	0.039	0.047	0.048	0.048	0.048	0.048	1.124	1.170	1.221	1.222	1.089	0.688	0.588	0.563	0.353	0.647	0.039	0.048	0.048	0.048	0.048	0.047
29:04:11	25.1	0.807	0.978	1.097	1.081	0.840	0.620	0.482	0.401	0.470	0.835	0.040	0.048	0.048	0.048	0.048	0.047	1.244	1.230	1.308	1.278	1.224	0.735	0.687	0.572	0.521	0.860	0.039	0.048	0.048	0.048	0.048	0.048	1.126	1.176	1.226	1.226	1.091	0.691	0.590	0.563	0.355	0.647	0.039	0.048	0.048	0.048	0.048	0.048
29:19:54	25.1	0.807	0.984	1.029	1.082	0.841	0.617	0.482	0.396	0.471	0.841	0.040	0.047	0.048	0.048	0.048	0.047	1.250	1.237	1.311	1.283	1.279	0.761	0.695	0.574	0.524	0.866	0.039	0.047	0.048	0.048	0.048	0.048	1.128	1.182	1.233	1.229	1.096	0.694	0.592	0.565	0.355	0.648	0.039	0.048	0.048	0.048	0.048	0.047
29:35:37	25.1	0.807	1.006	1.105	1.081	0.852	0.653	0.481	0.390	0.471	0.845	0.040	0.047	0.048	0.048	0.048	0.047	1.255	1.242	1.314	1.288	1.236	0.745	0.693	0.574	0.526	0.871	0.039	0.047	0.048	0.048	0.048	0.048	1.130	1.188	1.239	1.233	1.099	0.697	0.593	0.565	0.353	0.649	0.039	0.048	0.048	0.048	0.048	0.047
29:51:20	25.1	0.806	1.000	1.127	1.082	0.845	0.637	0.480	0.386	0.471	0.850	0.040	0.048	0.048	0.048	0.048	0.047	1.260	1.250	1.316	1.293	1.242	0.757	0.701	0.576	0.529	0.876	0.039	0.048	0.048	0.048	0.048	0.048	1.132	1.194	1.246	1.236	1.103	0.699	0.595	0.565	0.354	0.648	0.039	0.048	0.048	0.048	0.048	0.048
30:07:03	25.1	0.804	0.922	0.935	1.081	0.843	0.603	0.479	0.379	0.471	0.854	0.040	0.047	0.048	0.048	0.048	0.047	1.265	1.256	1.467	1.296	1.246	0.771	0.699	0.576	0.531	0.880	0.039	0.047	0.048	0.048	0.048	0.048	1.134	1.197	1.351	1.238	1.105	0.702	0.596	0.566	0.350	0.649	0.039	0.048	0.048	0.048	0.048	0.047
30:22:45	25.1	0.801	1.000	1.105	1.080	0.845	0.612	0.477	0.375	0.471	0.858	0.040	0.047	0.048	0.048	0.048	0.047	1.271	1.261	1.324	1.302	1.340	0.839	0.703	0.577	0.534	0.886	0.039	0.048	0.048	0.048	0.048	0.048	1.137	1.203	1.255	1.241	1.109	0.705	0.597	0.566	0.350	0.649	0.039	0.048	0.048	0.048	0.048	0.047
30:38:28	25.1	0.799	0.922	0.929	1.080	0.845	0.604	0.486	0.369	0.471	0.862	0.040	0.047	0.048	0.048	0.048	0.047	1.270	1.266	1.439	1.306	1.254	0.760	0.706	0.579	0.536	0.891	0.039	0.047	0.048	0.048	0.048	0.048	1.138	1.207	1.267	1.243	1.110	0.707	0.598	0.566	0.346	0.650	0.039	0.048	0.048	0.048	0.048	0.047
30:54:11	25.1	0.796	1.013	1.128	1.081	0.845	0.619	0.474	0.362	0.472	0.867	0.040	0.047	0.048	0.048	0.048	0.047	1.272	1.273	1.310	1.308	1.259	0.794	0.711	0.579	0.538	0.896	0.039	0.048	0.048	0.048	0.048	0.048	1.139	1.213	1.260	1.246	1.114	0.710	0.598	0.565	0.345	0.650	0.039	0.048	0.048	0.048	0.048	0.047
31:09:54	25.1	0.793	1.010	1.131	1.081	0.846	0.607	0.470	0.357	0.471	0.871	0.040	0.048	0.048	0.048	0.048	0.047	1.278	1.277	1.303	1.313	1.298	0.768	0.712	0.580	0.541	0.900	0.039	0.048	0.048	0.048	0.048	0.048	1.140	1.220	1.260	1.248	1.117	0.713	0.600	0.565	0.344	0.652	0.039	0.048	0.048	0.048	0.048	0.047
31:25:37	25.1	0.788	0.959	1.070	1.082	0.846	0.613	0.469	0.350	0.471	0.875	0.040	0.047	0.048	0.048	0.048	0.047	1.273	1.282	1.299	1.316	1.427	0.771	0.711	0.581	0.544	0.905	0.039	0.047	0.048	0.048	0.048	0.048	1.140	1.224	1.260	1.250	1.119	0.715	0.600	0.564	0.341	0.653	0.039	0.048	0.048	0.048	0.048	0.047
31:41:20	25.1	0.783	0.923	0.933	1.081	0.846	0.622	0.465	0.345	0.471	0.879	0.040	0.047	0.048	0.048	0.048	0.047	1.271	1.287	1.345	1.317	1.260	0.775	0.713	0.582	0.546	0.910	0.039	0.047	0.048	0.048	0.048	0.048	1.140	1.228	1.261	1.253	1.120	0.718	0.600	0.563	0.340	0.653	0.039	0.048	0.048	0.048	0.048	0.047
31:57:03	25.1	0.779	0.981	1.111	1.080	0.845	0.608	0.463	0.340	0.471	0.883	0.040	0.047	0.048	0.048	0.048	0.047	1.269	1.290	1.429	1.319	1.260	0.778	0.715	0.582	0.549	0.915	0.039	0.048	0.048	0.048	0.048	0.048	1.140	1.232	1.268	1.254	1.122	0.718	0.599	0.561	0.337	0.654	0.039	0.048	0.048	0.048	0.048	0.047
32:12:46	25.1	0.773	0.976	1.091	1.082	0.845	0.607	0.462	0.334	0.471	0.887	0.040	0.047	0.048	0.048	0.048	0.047	1.266	1.293	1.353	1.321	1.266	0.781	0.717	0.584	0.551	0.919	0.039	0.048	0.048	0.048	0.048	0.048	1.138	1.236	1.260	1.256	1.124	0.720	0.599	0.559	0.335	0.655	0.039	0.048	0.048	0.048	0.048	0.048
32:28:28	25.0	0.766	0.925	1.012	1.082	0.845	0.606	0.459	0.329	0.471	0.891	0.040	0.047	0.048	0.048	0.048	0.047	1.261	1.295	1.324	1.319	1.416	0.785	0.717	0.583	0.553	0.923	0.039	0.047	0.048	0.048	0.048	0.048	1.136	1.241	1.281	1.258	1.124	0.721	0.597	0.555	0.333	0.655	0.039	0.048	0.048	0.048	0.048	0.047
32:44:11	25.0	0.759	0.924	1.059	1.082	0.843	0.631	0.456	0.324	0.471	0.895	0.040	0.047	0.048	0.048	0.048	0.047	1.258	1.297	1.438	1.319	1.248	0.788	0.735	0.585	0.556	0.929	0.039	0.047	0.048	0.048	0.048	0.048	1.133	1.244	1.240	1.258	1.124	0.723	0.596	0.551	0.329	0.656	0.039	0.048	0.048	0.048	0.048	0.047
32:59:54	25.1	0.752	0.923	1.134	1.083	0.844	0.604	0.455	0.317	0.471	0.899	0.040	0.048	0.048	0.048	0.048	0.047	1.253	1.298	1.423	1.319	1.243	0.807	0.721	0.587	0.558	0.933	0.039	0.048	0.048	0.048	0.048	0.048	1.128	1.249	1.233	1.258	1.124	0.725	0.595	0.548	0.327	0.657	0.039	0.048	0.048	0.048	0.048	0.048
33:15:36	25.1	0.744	0.922	1.117	1.083	0.841	0.603	0.452	0.311	0.471	0.902	0.040	0.047	0.048	0.048	0.048	0.047	1.248	1.298	1.266	1.317	1.351	0.815	0.726	0.587	0.560	0.937	0.039	0.047	0.048	0.048	0.048	0.048	1.123	1.252	1.228	1.257	1.122	0.727	0.593	0.545	0.323	0.657	0.039	0.048	0.048	0.048	0.048	0.047
33:31:19	25.0	0.735	0.920	1.041	1.084	0.839	0.608	0.451	0.304	0.472	0.906	0.040	0.048	0.048	0.048	0.048	0.047	1.242	1.296	1.328	1.314	1.372	0.812	0.731	0.587	0.563	0.941	0.039	0.047	0.048	0.048	0.048	0.048	1.118	1.254	1.227	1.255	1.120	0.728	0.592	0.542	0.320	0.659	0.039	0.048	0.048	0.048	0.048	0.048
33:47:02	25.1	0.726	0.922	1.125	1.083	0.836	0.604	0.449	0.298	0.473	0.910	0.040	0.048	0.048	0.048	0.048	0.047	1.238	1.296	1.436	1.312	1.244	0.810	0.725	0.588	0.565	0.946	0.039	0.048	0.048	0.048	0.048	0.048	1.112	1.258	1.217	1.254	1.115	0.729	0.591	0.539	0.317	0.659	0.039	0.048	0.048	0.048	0.048	0.048
34:02:45	25.1	0.716	0.920	0.957	1.083	0.836	0.604	0.446	0.291	0.473	0.913	0.040	0.048	0.048	0.048	0.048	0.047	1.231	1.292	1.343	1.309	1.221	0.806	0.731	0.590	0.567	0.950	0.039	0.048	0.048	0.048	0.048	0.048	1.106	1.257	1.230	1.251	1.110	0.731	0.589	0.536	0.313	0.659	0.039	0.048	0.048	0.048	0.048	0.048
34:18:28	25.1	0.706	0.920	0.948	1.083	0.835	0.636	0.444	0.285	0.474	0.917	0.040	0.047	0.048	0.048	0.048	0.047	1.226	1.289	1.254	1.305	1.215	0.807	0.729	0.589	0.569	0.955	0.039	0.047	0.048	0.048	0.048	0.048	1.099	1.258	1.206	1.247	1.105	0.733	0.588	0.536	0.309	0.659	0.039	0.048	0.048	0.048	0.048	0.047
34:34:11	25.1	0.696	0.920	0.947	1.081	0.831	0.601	0.444	0.276	0.474	0.921	0.040	0.047	0.048	0.048	0.048	0.047	1.221	1.286	1.417	1.302	1.210	0.829	0.730	0.590	0.571	0.959	0.039	0.047	0.048	0.048	0.048	0.048	1.093	1.255	1.201	1.242	1.098	0.733	0.587	0.532	0.305	0.660	0.039	0.048	0.048	0.048	0.048	0.048
34:49:54	25.1	0.682	0.919	0.946	1.078	0.830	0.602	0.442	0.268	0.475	0.925	0.040	0.047	0.048	0.048	0.048	0.047	1.215	1.283	1.308	1.298	1.204	0.820	0.736	0.590	0.573	0.963	0.039	0.048	0.048	0.048	0.048	0.048	1.087	1.256	1.195	1.238	1.092	0.733	0.586	0.531	0.300	0.661	0.039	0.048	0.048	0.048	0.048	0.047
35:05:37	25.0	0.669	0.920	0.962	1.076	0.825	0.600	0.440	0.256	0.476	0.927	0.040	0.047	0.048	0.048	0.048	0.047	1.210	1.279	1.329	1.294	1.198	0.836	0.734	0.590	0.575	0.967	0.039	0.048	0.048	0.048	0.048	0.048	1.080	1.253	1.195	1.233	1.084	0.734	0.584	0.529	0.296	0.661	0.039	0.048	0.048	0.048	0.048	0.047
35:21:19	25.0	0.654	0.918	0.946	1.073	0.826	0.602	0.436	0.243	0.476	0.931	0.040	0.048	0.048	0.048	0.048	0.047	1.204	1.275	1.379	1.290	1.191	0.814	0.732	0.590	0.577	0.971	0.039	0.048	0.048	0.048	0.048	0.048	1.073	1.249	1.186	1.227	1.076	0.734	0.583	0.526	0.292	0.662	0.039	0.048	0.048	0.048	0.048	0.048
35:37:02	25.1	0.636	0.917	0.946	1.067	0.822	0.599	0.431	0.228	0.477	0.934	0.040	0.047	0.048	0.048	0.048	0.047	1.198	1.271	1.385	1.286	1.187	0.817	0.740	0.590	0.579	0.975	0.039	0.048	0.048	0.048	0.048	0.048	1.068	1.246	1.178	1.222	1.069	0.735	0.582	0.527	0.288	0.662	0.039	0.048	0.048	0.048	0.048	0.047
35:52:45	25.1	0.620	0.914	0.943	1.062	0.823	0.592	0.426	0.214	0.477	0.937	0.040	0.047	0.048	0.048	0.048	0.047	1.192	1.266	1.240	1.282	1.182	0.841	0.736	0.590	0.581	0.980	0.039	0.047	0.048	0.048	0.048	0.048	1.062	1.240	1.209	1.217	1.061	0.734	0.581	0.524	0.284	0.663	0.039	0.048	0.048	0.048	0.048	0.048
36:08:28	25.1	0.602	0.911	0.942	1.056	0.821	0.588	0.420	0.201	0.478	0.940	0.040	0.048	0.048	0.048	0.048	0.047	1.187	1.262	1.231	1.278	1.177	0.843	0.735	0.589	0.583	0.983	0.039	0.048	0.048	0.048	0.048	0.048	1.055	1.236	1.168	1.210	1.053	0.733	0.578	0.523	0.280	0.663	0.039	0.048	0.048	0.048	0.048	0.048
36:24:11	25.1	0.585	0.909	0.938	1.048	0.814	0.578	0.415	0.188	0.479	0.943	0.040	0.047	0.048	0.048	0.048	0.047	1.181	1.257	1.223	1.273	1.171	0.842	0.741	0.588	0.585	0.987	0.039	0.048	0.048	0.048	0.048	0.048	1.050	1.230	1.165	1.205	1.045	0.731	0.577	0.517	0.276	0.664	0.039	0.048	0.048	0.048	0.048	0.047
36:39:54	25.1	0.568	0.904	0.935	1.041	0.815	0.575	0.409	0.178	0.479	0.945	0.040	0.048	0.048	0.048	0.048	0.047	1.175	1.253	1.382	1.269	1.166	0.838	0.740	0.588	0.586	0.991	0.039	0.048	0.048	0.048	0.048	0.048	1.043	1.226	1.231	1.199	1.038	0.729	0.576	0.512	0.272	0.664	0.039	0.048	0.048	0.048	0.048	0.047
36:55:37	25.0	0.553	0.900	0.930	1.034	0.812	0.569	0.404	0.167	0.480	0.949	0.040	0.048	0.048	0.048	0.048	0.047	1.169	1.248	1.240	1.265	1.159	0.842	0.736	0.587	0.588	0.995	0.039	0.048	0.048	0.048	0.048	0.048	1.038	1.218	1.152	1.193	1.031	0.726	0.574	0.507	0.268	0.665	0.039	0.048	0.048	0.048	0.048	0.048
37:11:20	25.0	0.539	0.895	0.928	1.027	0.812	0.561	0.397	0.157	0.480	0.951	0.040	0.047	0.048	0.048	0.048	0.047	1.163	1.244	1.220	1.261	1.155	0.842	0.742	0.586	0.590	0.999	0.039	0.047	0.048	0.048	0.048	0.048	1.032	1.212	1.147	1.188	1.023	0.722	0.574	0.500	0.263	0.665	0.039	0.048	0.048	0.048	0.048	0.048
37:27:02	25.1	0.525	0.889	0.916	1.019	0.808	0.556	0.390	0.146	0.480	0.954	0.040	0.047	0.048	0.048	0.048	0.047	1.157	1.241	1.378	1.257	1.151	0.824	0.736	0.585	0.592	1.003	0.039	0.048	0.048	0.048	0.048	0.048	1.027	1.209	1.163	1.182	1.017	0.720	0.570	0.494	0.258	0.665	0.039	0.048	0.048	0.048	0.048	0.047
37:42:45	25.1	0.511	0.883	0.905	1.012	0.801	0.548	0.384	0.135	0.481	0.957	0.040	0.047	0.048	0.048	0.048	0.047	1.152	1.237	1.337	1.252	1.146	0.841	0.739	0.586	0.593	1.006	0.039	0.047	0.048	0.048	0.048	0.048	1.022	1.200	1.138	1.176	1.010	0.717	0.568	0.488	0.254	0.665	0.039	0.048	0.048	0.048	0.048	0.047
37:58:28	25.0	0.499	0.875	0.899	1.006	0.801	0.541	0.377	0.125	0.481	0.959	0.040	0.048	0.048	0.048	0.048	0.047	1.145	1.233	1.394	1.248	1.141	0.844	0.736	0.584	0.594	1.010	0.039	0.048	0.048	0.048	0.048	0.048	1.017	1.195	1.133	1.171	1.002	0.715	0.567	0.480	0.250	0.665	0.039	0.048	0.048	0.048	0.048	0.047
38:14:11	25.1	0.485	0.867	0.889	0.999	0.786	0.533	0.371	0.114	0.482	0.962	0.039	0.047	0.048	0.048	0.048	0.047	1.140	1.324	1.372	1.243	1.137	0.830	0.741	0.583	0.596	1.013	0.039	0.047	0.048	0.048	0.048	0.048	1.011	1.187	1.129	1.166	0.996	0.712	0.565	0.472	0.245	0.665	0.039	0.048	0.048	0.048	0.048	0.047
38:29:54	25.0	0.470	0.860	0.879	0.993	0.789	0.530	0.363	0.103	0.483	0.964	0.040	0.048	0.048	0.048	0.048	0.047	1.134	1.225	1.374	1.240	1.132	0.822	0.741	0.581	0.597	1.017	0.039	0.048	0.048	0.048	0.048	0.048	1.006	1.181	1.123	1.160	0.989	0.709	0.563	0.466	0.240	0.666	0.039	0.048	0.048	0.048	0.048	0.047
38:45:37	25.1	0.458	0.854	0.873	0.987	0.773	0.520	0.356	0.094	0.483	0.965	0.040	0.047	0.048	0.048	0.048	0.047	1.128	1.222	1.237	1.235	1.128	0.839	0.735	0.580	0.598	1.020	0.039	0.047	0.048	0.048	0.048	0.048	1.001	1.175	1.118	1.154	0.983	0.708	0.561	0.459	0.235	0.666	0.039	0.048	0.048	0.048	0.048	0.047
39:01:20	25.1	0.443	0.846	0.867	0.982	0.776	0.513	0.350	0.086	0.483	0.968	0.039	0.047	0.048	0.048	0.048	0.047	1.122	1.278	1.288	1.231	1.122	0.839	0.734	0.578	0.600	1.024	0.039	0.047	0.048	0.048	0.048	0.048	0.996	1.169	1.113	1.148	0.976	0.706	0.557	0.454	0.230	0.667	0.039	0.048	0.048	0.048	0.048	0.048
39:17:03	25.1	0.429	0.836	0.859	0.977	0.766	0.506	0.341	0.079	0.484	0.970	0.040	0.047	0.048	0.048	0.048	0.047	1.117	1.215	1.320	1.226	1.118	0.845	0.734	0.576	0.601	1.027	0.039	0.047	0.048	0.048	0.048	0.048	0.992	1.161	1.107	1.143	0.969	0.704	0.557	0.445	0.224	0.665	0.039	0.048	0.048	0.048	0.048	0.047
39:32:45	25.1	0.415	0.830	0.856	0.971	0.751	0.500	0.335	0.073	0.484	0.972	0.040	0.047	0.048	0.048	0.048	0.047	1.111	1.225	1.312	1.222	1.115	0.828	0.736	0.574	0.601	1.031	0.039	0.048	0.048	0.048	0.048	0.048	0.986	1.156	1.104	1.138	0.962	0.703	0.553	0.439	0.218	0.667	0.039	0.048	0.048	0.048	0.048	0.048
39:48:28	25.1	0.400	0.821	0.840	0.963	0.742	0.501	0.329	0.069	0.485	0.973	0.040	0.047	0.048	0.048	0.048	0.047	1.106	1.208	1.351	1.218	1.111	0.838	0.736	0.570	0.603	1.034	0.039	0.048	0.048	0.048	0.048	0.048	0.982	1.149	1.099	1.133	0.957	0.702	0.553	0.429	0.213	0.666	0.039	0.048	0.048	0.048	0.048	0.048
40:04:11	25.1	0.387	0.813	0.842	0.961	0.732	0.485	0.322	0.066	0.485	0.975	0.039	0.047	0.048	0.048	0.048	0.047	1.101	1.205	1.333	1.214	1.106	0.839	0.738	0.565	0.604	1.038	0.039	0.048	0.048	0.048	0.048	0.048	0.978	1.142	1.095	1.127	0.951	0.699	0.549	0.424	0.207	0.666	0.039	0.048	0.048	0.048	0.048	0.048
40:19:54	25.1	0.371	0.802	0.835	0.951	0.721	0.480	0.315	0.063	0.485	0.976	0.040	0.047	0.048	0.048	0.048	0.047	1.095	1.223	1.349	1.210	1.102	0.831	0.734	0.563	0.604	1.040	0.039	0.048	0.048	0.048	0.048	0.048	0.973	1.137	1.091	1.122	0.944	0.699	0.547	0.415	0.201	0.666	0.039	0.048	0.048	0.048	0.048	0.047
40:35:37	25.1	0.356	0.794	0.827	0.947	0.709	0.471	0.309	0.061	0.485	0.977	0.039	0.047	0.048	0.048	0.048	0.047	1.090	1.197	1.335	1.205	1.098	0.838	0.732	0.563	0.605	1.044	0.039	0.047	0.048	0.048	0.048	0.048	0.968	1.130	1.086	1.116	0.937	0.697	0.547	0.409	0.194	0.665	0.039	0.048	0.048	0.048	0.048	0.047
40:51:20	25.1	0.341	0.784	0.850	0.936	0.698	0.466	0.301	0.059	0.485	0.980	0.040	0.047	0.048	0.048	0.048	0.047	1.084	1.212	1.331	1.201	1.094	0.832	0.736	0.559	0.605	1.047	0.039	0.048	0.048	0.048	0.048	0.048	0.964	1.124	1.082	1.111	0.932	0.696	0.545	0.402	0.189	0.664	0.039	0.048	0.048	0.048	0.048	0.048
41:07:02	25.1	0.325	0.775	0.811	0.932	0.686	0.457	0.296	0.057	0.485	0.978	0.040	0.048	0.048	0.048	0.048	0.047	1.079	1.190	1.329	1.196	1.090	0.838	0.733	0.556	0.606	1.050	0.039	0.048	0.048	0.048	0.048	0.048	0.960	1.118	1.077	1.106	0.925	0.693	0.541	0.396	0.182	0.665	0.039	0.048	0.048	0.048	0.048	0.048
41:22:45	25.1	0.308	0.762	0.800	0.923	0.673	0.452	0.289	0.056	0.485	0.979	0.040	0.048	0.048	0.048	0.048	0.047	1.074	1.188	1.229	1.192	1.085	0.840	0.737	0.553	0.605	1.054	0.039	0.048	0.048	0.048	0.048	0.048	0.956	1.112	1.074	1.101	0.918	0.693	0.540	0.389	0.176	0.663	0.039	0.048	0.048	0.048	0.048	0.048
41:38:28	25.1	0.291	0.752	0.811	0.918	0.661	0.445	0.282	0.056	0.485	0.979	0.039	0.047	0.048	0.048	0.048	0.047	1.069	1.183	1.277	1.188	1.081	0.838	0.729	0.549	0.606	1.057	0.039	0.047	0.048	0.048	0.048	0.048	0.951	1.106	1.071	1.095	0.911	0.691	0.538	0.382	0.169	0.662	0.039	0.048	0.048	0.048	0.048	0.047
41:54:11	25.0	0.273	0.741	0.783	0.910	0.648	0.440	0.277	0.057	0.486	0.980	0.039	0.047	0.048	0.048	0.048	0.047	1.064	1.182	1.286	1.183	1.078	0.837	0.731	0.542	0.606	1.059	0.039	0.047	0.048	0.048	0.048	0.048	0.947	1.101	1.067	1.091	0.905	0.688	0.537	0.374	0.163	0.661	0.039	0.048	0.048	0.048	0.048	0.047
42:09:54	25.1	0.255	0.730	0.787	0.905	0.637	0.432	0.269	0.060	0.485	0.979	0.039	0.047	0.048	0.048	0.048	0.047	1.059	1.179	1.269	1.179	1.074	0.839	0.728	0.536	0.606	1.062	0.039	0.047	0.048	0.048	0.048	0.048	0.943	1.095	1.062	1.085	0.900	0.686	0.535	0.365	0.157	0.660	0.039	0.048	0.048	0.048	0.048	0.047
42:25:37	25.1	0.235	0.718	0.768	0.897	0.625	0.425	0.261	0.064	0.485	0.980	0.039	0.047	0.048	0.048	0.048	0.047	1.055	1.191	1.334	1.174	1.071	0.839	0.734	0.533	0.606	1.065	0.039	0.047	0.048	0.048	0.048	0.048	0.939	1.089	1.065	1.080	0.893	0.685	0.532	0.359	0.150	0.657	0.039	0.048	0.048	0.048	0.048	0.047
42:41:20	25.1	0.215	0.707	0.771	0.890	0.615	0.418	0.255	0.053	0.485	0.980	0.040	0.047	0.048	0.048	0.048	0.047	1.051	1.173	1.319	1.171	1.067	0.834	0.725	0.528	0.606	1.069	0.039	0.048	0.048	0.048	0.048	0.048	0.934	1.083	1.054	1.076	0.886	0.683	0.528	0.352	0.143	0.656	0.039	0.048	0.048	0.048	0.048	0.047
42:57:03	25.1	0.197	0.698	0.749	0.885	0.603	0.410	0.248	0.048	0.485	0.979	0.040	0.048	0.048	0.048	0.048	0.047	1.046	1.170	1.248	1.166	1.062	0.833	0.718	0.520	0.606	1.072	0.039	0.048	0.048	0.048	0.048	0.048	0.931	1.078	1.050	1.071	0.882	0.680	0.521	0.344	0.136	0.654	0.039	0.048	0.048	0.048	0.048	0.047
43:12:45	25.1	0.181	0.687	0.753	0.877	0.592	0.402	0.239	0.048	0.484	0.978	0.040	0.048	0.048	0.048	0.048	0.047	1.041	1.192	1.306	1.162	1.059	0.842	0.723	0.514	0.606	1.074	0.039	0.048	0.048	0.048	0.048	0.048	0.926	1.072	1.046	1.066	0.875	0.678	0.517	0.335	0.129	0.651	0.039	0.048	0.048	0.048	0.048	0.048
43:28:28	25.1	0.166	0.675	0.737	0.869	0.581	0.394	0.231	0.048	0.484	0.977	0.040	0.047	0.048	0.048	0.048	0.047	1.037	1.164	1.327	1.158	1.056	0.836	0.720	0.509	0.606	1.077	0.039	0.048	0.048	0.048	0.048	0.048	0.923	1.068	1.043	1.060	0.870	0.677	0.510	0.329	0.122	0.649	0.039	0.048	0.048	0.048	0.048	0.047
43:44:11	25.1	0.151	0.662	0.731	0.860	0.569	0.385	0.223	0.048	0.484	0.977	0.039	0.047	0.048	0.048	0.048	0.047	1.033	1.172	1.304	1.154	1.052	0.834	0.713	0.501	0.605	1.080	0.039	0.047	0.048	0.048	0.048	0.048	0.918	1.062	1.039	1.056	0.862	0.675	0.504	0.321	0.115	0.647	0.039	0.048	0.048	0.048	0.048	0.047
43:59:54	25.1	0.136	0.653	0.731	0.850	0.560	0.379	0.210	0.048	0.483	0.976	0.040	0.047	0.048	0.048	0.048	0.047	1.029	1.173	1.331	1.150	1.048	0.835	0.711	0.495	0.605	1.083	0.039	0.047	0.048	0.048	0.048	0.048	0.914	1.056	1.035	1.051	0.857	0.671	0.499	0.312	0.108	0.645	0.039	0.048	0.048	0.048	0.048	0.048
44:15:37	25.1	0.118	0.640	0.716	0.840	0.548	0.371	0.201	0.047	0.484	0.976	0.039	0.047	0.048	0.048	0.048	0.047	1.025	1.156	1.311	1.145	1.044	0.836	0.709	0.489	0.605	1.086	0.039	0.047	0.048	0.048	0.048	0.048	0.910	1.052	1.031	1.047	0.851	0.668	0.490	0.304	0.101	0.643	0.039	0.048	0.048	0.048	0.048	0.047
44:31:20	25.1	0.097	0.630	0.723	0.831	0.538	0.363	0.191	0.047	0.482	0.974	0.039	0.047	0.048	0.048	0.048	0.047	1.020	1.156	1.331	1.141	1.041	0.837	0.712	0.483	0.605	1.088	0.039	0.048	0.048	0.048	0.048	0.048	0.907	1.047	1.029	1.042	0.847	0.667	0.483	0.296	0.093	0.640	0.039	0.048	0.048	0.048	0.048	0.047
44:47:03	25.0	0.080	0.619	0.697	0.820	0.529	0.354	0.182	0.047	0.482	0.973	0.039	0.047	0.048	0.048	0.048	0.047	1.017	1.153	1.254	1.137	1.036	0.822	0.708	0.474	0.605	1.091	0.039	0.047	0.048	0.048	0.048	0.048	0.902	1.042	1.024	1.036	0.841	0.663	0.477	0.287	0.085	0.638	0.039	0.048	0.048	0.048	0.048	0.047
45:02:46	25.1	0.069	0.608	0.697	0.810	0.522	0.346	0.172	0.047	0.481	0.972	0.039	0.047	0.048	0.048	0.048	0.047	1.014	1.152	1.323	1.133	1.033	0.826	0.702	0.467	0.604	1.094	0.039	0.048	0.048	0.048	0.048	0.048	0.898	1.037	1.021	1.031	0.835	0.661	0.470	0.278	0.077	0.635	0.039	0.048	0.048	0.048	0.048	0.048
45:18:29	25.1	0.063	0.596	0.688	0.799	0.507	0.337	0.164	0.048	0.481	0.971	0.039	0.047	0.048	0.048	0.048	0.047	1.009	1.146	1.298	1.129	1.029	0.821	0.704	0.460	0.604	1.096	0.039	0.047	0.048	0.048	0.048	0.048	0.895	1.033	1.018	1.027	0.829	0.661	0.463	0.269	0.070	0.631	0.039	0.048	0.048	0.048	0.048	0.047
45:34:12	25.1	0.060	0.581	0.672	0.788	0.498	0.329	0.153	0.048	0.479	0.971	0.039	0.047	0.048	0.048	0.048	0.047	1.006	1.144	1.279	1.125	1.025	0.834	0.698	0.454	0.604	1.099	0.039	0.047	0.048	0.048	0.048	0.048	0.890	1.028	1.014	1.022	0.825	0.655	0.457	0.261	0.064	0.625	0.039	0.048	0.048	0.048	0.048	0.047
45:49:55	25.1	0.061	0.569	0.649	0.776	0.488	0.320	0.142	0.048	0.480	0.970	0.039	0.048	0.048	0.048	0.048	0.047	1.003	1.141	1.290	1.121	1.021	0.812	0.694	0.447	0.604	1.101	0.039	0.048	0.048	0.048	0.048	0.048	0.888	1.024	1.011	1.017	0.821	0.655	0.448	0.250	0.061	0.622	0.039	0.048	0.048	0.048	0.048	0.047
46:05:38	25.1	0.061	0.554	0.637	0.765	0.476	0.311	0.133	0.048	0.478	0.968	0.040	0.047	0.048	0.048	0.048	0.047	0.999	1.162	1.225	1.117	1.018	0.831	0.692	0.439	0.603	1.103	0.039	0.047	0.048	0.048	0.048	0.048	0.882	1.019	1.008	1.012	0.816	0.657	0.441	0.241	0.058	0.616	0.039	0.048	0.048	0.048	0.048	0.047
46:21:21	25.1	0.046	0.540	0.628	0.753	0.465	0.302	0.121	0.048	0.477	0.966	0.039	0.047	0.048	0.048	0.048	0.047	0.996	1.135	1.268	1.114	1.014	0.820	0.690	0.433	0.603	1.106	0.039	0.048	0.048	0.048	0.048	0.048	0.878	1.015	1.004	1.008	0.812	0.658	0.435	0.229	0.057	0.611	0.039	0.048	0.048	0.048	0.048	0.047
46:37:03	25.1	0.043	0.527	0.618	0.741	0.455	0.293	0.112	0.049	0.477	0.966	0.039	0.047	0.048	0.048	0.048	0.047	0.993	1.139	1.169	1.111	1.009	0.829	0.687	0.427	0.603	1.109	0.039	0.047	0.048	0.048	0.048	0.048	0.873	1.011	1.001	1.003	0.806	0.649	0.428	0.220	0.056	0.606	0.039	0.048	0.048	0.048	0.048	0.047
46:52:46	25.1	0.047	0.516	0.616	0.729	0.443	0.283	0.101	0.049	0.475	0.964	0.039	0.047	0.048	0.048	0.048	0.047	0.989	1.141	1.264	1.107	1.006	0.825	0.685	0.422	0.602	1.112	0.039	0.048	0.048	0.048	0.048	0.048	0.869	1.007	0.998	0.999	0.804	0.646	0.421	0.211	0.055	0.601	0.039	0.048	0.048	0.048	0.048	0.047
47:08:29	25.1	0.050	0.501	0.603	0.717	0.434	0.275	0.093	0.049	0.473	0.962	0.039	0.047	0.048	0.048	0.048	0.047	0.986	1.129	1.271	1.103	1.002	0.823	0.681	0.412	0.602	1.113	0.039	0.047	0.048	0.048	0.048	0.048	0.864	1.003	0.995	0.994	0.799	0.644	0.414	0.201	0.053	0.595	0.039	0.048	0.048	0.048	0.048	0.047
47:24:12	25.1	0.051	0.490	0.595	0.707	0.422	0.265	0.085	0.050	0.470	0.962	0.040	0.048	0.048	0.048	0.048	0.047	0.984	1.123	1.126	1.100	0.998	0.812	0.678	0.406	0.601	1.116	0.039	0.048	0.048	0.048	0.048	0.048	0.859	0.999	0.991	0.989	0.792	0.644	0.407	0.191	0.051	0.590	0.039	0.048	0.048	0.048	0.048	0.047
47:39:55	25.1	0.051	0.479	0.582	0.694	0.410	0.255	0.079	0.051	0.469	0.960	0.040	0.047	0.048	0.048	0.048	0.047	0.980	1.121	1.202	1.095	0.994	0.811	0.675	0.401	0.601	1.118	0.039	0.048	0.048	0.048	0.048	0.048	0.856	0.995	0.988	0.983	0.788	0.638	0.400	0.181	0.049	0.585	0.039	0.048	0.048	0.048	0.048	0.048
47:55:38	25.1	0.050	0.468	0.568	0.683	0.400	0.242	0.072	0.051	0.467	0.959	0.039	0.047	0.048	0.048	0.048	0.047	0.977	1.119	1.164	1.092	0.989	0.814	0.671	0.393	0.600	1.120	0.039	0.047	0.048	0.048	0.048	0.048	0.851	0.991	0.985	0.979	0.786	0.639	0.392	0.168	0.048	0.579	0.039	0.048	0.048	0.048	0.048	0.047
48:11:21	25.1	0.050	0.459	0.554	0.671	0.387	0.231	0.066	0.052	0.464	0.958	0.039	0.047	0.048	0.048	0.048	0.047	0.974	1.120	1.257	1.088	0.985	0.817	0.670	0.385	0.600	1.122	0.039	0.048	0.048	0.048	0.048	0.048	0.846	0.988	0.982	0.975	0.783	0.635	0.386	0.154	0.046	0.573	0.039	0.048	0.048	0.048	0.048	0.047
48:27:04	25.0	0.051	0.446	0.552	0.659	0.376	0.221	0.063	0.053	0.461	0.956	0.039	0.047	0.048	0.048	0.048	0.047	0.971	1.119	1.221	1.084	0.980	0.815	0.665	0.378	0.600	1.124	0.039	0.048	0.048	0.048	0.048	0.048	0.843	0.984	0.979	0.971	0.778	0.630	0.379	0.142	0.044	0.567	0.039	0.048	0.048	0.048	0.048	0.047
48:42:47	25.1	0.051	0.437	0.536	0.647	0.364	0.208	0.060	0.054	0.459	0.955	0.039	0.047	0.048	0.048	0.048	0.047	0.968	1.112	1.210	1.082	0.977	0.813	0.663	0.371	0.599	1.126	0.039	0.047	0.048	0.048	0.048	0.048	0.837	0.980	0.975	0.965	0.776	0.629	0.371	0.130	0.044	0.561	0.039	0.048	0.048	0.048	0.048	0.047
48:58:29	25.1	0.051	0.425	0.531	0.635	0.353	0.196	0.059	0.056	0.455	0.954	0.039	0.047	0.048	0.048	0.048	0.047	0.965	1.105	1.252	1.079	0.972	0.798	0.661	0.363	0.599	1.127	0.039	0.048	0.048	0.048	0.048	0.048	0.832	0.976	0.973	0.961	0.774	0.625	0.364	0.118	0.043	0.556	0.039	0.048	0.048	0.048	0.048	0.047
49:14:12	25.1	0.051	0.414	0.521	0.625	0.341	0.183	0.058	0.060	0.451	0.953	0.039	0.047	0.048	0.048	0.048	0.047	0.962	1.128	1.207	1.075	0.968	0.801	0.654	0.357	0.599	1.130	0.039	0.048	0.048	0.048	0.048	0.048	0.827	0.972	0.969	0.956	0.769	0.618	0.357	0.108	0.044	0.551	0.039	0.048	0.048	0.048	0.048	0.047
49:29:55	25.1	0.051	0.402	0.505	0.613	0.328	0.169	0.056	0.065	0.447	0.952	0.039	0.047	0.048	0.048	0.048	0.047	0.959	1.098	1.164	1.071	0.964	0.810	0.651	0.348	0.598	1.131	0.039	0.047	0.048	0.048	0.048	0.048	0.822	0.968	0.966	0.952	0.764	0.614	0.349	0.097	0.043	0.544	0.039	0.048	0.048	0.048	0.048	0.047
49:45:38	25.1	0.051	0.391	0.497	0.604	0.316	0.155	0.055	0.066	0.443	0.951	0.039	0.048	0.048	0.048	0.048	0.047	0.956	1.096	1.235	1.068	0.960	0.792	0.653	0.340	0.598	1.132	0.039	0.048	0.048	0.048	0.048	0.048	0.817	0.965	0.962	0.947	0.762	0.606	0.343	0.088	0.044	0.537	0.039	0.048	0.048	0.048	0.048	0.048
50:01:21	25.1	0.051	0.387	0.484	0.591	0.305	0.141	0.053	0.066	0.439	0.950	0.039	0.047	0.048	0.048	0.048	0.047	0.953	1.093	1.245	1.065	0.955	0.810	0.647	0.332	0.598	1.134	0.039	0.048	0.048	0.048	0.048	0.048	0.812	0.961	0.959	0.942	0.756	0.600	0.336	0.079	0.044	0.532	0.039	0.048	0.048	0.048	0.048	0.047
50:17:04	25.1	0.051	0.370	0.478	0.581	0.291	0.128	0.052	0.066	0.435	0.950	0.039	0.048	0.048	0.048	0.048	0.047	0.950	1.090	1.202	1.062	0.948	0.791	0.649	0.324	0.597	1.135	0.039	0.048	0.048	0.048	0.048	0.048	0.807	0.958	0.956	0.938	0.751	0.595	0.330	0.073	0.045	0.526	0.039	0.048	0.048	0.048	0.048	0.048
50:32:47	25.1	0.051	0.359	0.464	0.569	0.278	0.116	0.052	0.066	0.430	0.948	0.039	0.048	0.048	0.048	0.048	0.047	0.948	1.085	1.261	1.058	0.944	0.797	0.645	0.316	0.598	1.137	0.039	0.048	0.048	0.048	0.048	0.048	0.801	0.954	0.952	0.934	0.747	0.586	0.322	0.068	0.045	0.521	0.039	0.048	0.048	0.048	0.048	0.047

Results
	1	2	3	4	5	6	7	8
A	1.699	7.743	12.681	1.839	4.822	24.032	0.814	0.993	Max V [600]
	1.000	1.000	1.000	1.000	1.000	1.000	1.000	1.000	R-Squared [600]
	10:20:41	24:44:55	30:46:20	11:23:32	24:13:29	15:50:40	12:26:24	10:52:07	t at Max V [600]
	7:19:28	22:44:25	29:29:19	7:47:33	21:29:22	15:26:01	8:01:10	7:30:19	Lagtime [600]
B	0.617	1.241	0.013	0.013	0.013	-0.006	0.013	0.013	Max V [600]
	1.000	1.000	1.000	1.000	1.000	1.000	1.000	1.000	R-Squared [600]
	12:57:49	10:04:58	38:22:03	38:22:03	7:12:07	33:07:45	35:13:28	20:17:48	t at Max V [600]
	6:42:09	6:33:16	38:45:37	38:37:46	7:19:58	32:59:54	35:21:19	20:25:39	Lagtime [600]
C	1.686	-6.331	10.365	1.673	-10.677	-5.033	2.076	0.814	Max V [600]
	1.000	1.000	1.000	1.000	1.000	1.000	1.000	1.000	R-Squared [600]
	10:20:41	38:22:03	34:26:20	12:10:41	32:36:20	30:30:37	15:19:14	10:52:07	t at Max V [600]
	6:38:43	41:30:40	32:22:35	7:04:41	34:36:09	33:01:33	12:20:31	7:03:58	Lagtime [600]
D	0.617	1.273	0.019	-0.006	-0.013	-0.006	-0.013	0.006	Max V [600]
	1.000	1.000	1.000	1.000	1.000	1.000	1.000	1.000	R-Squared [600]
	10:52:07	10:04:58	4:50:42	33:07:45	19:30:39	25:32:03	16:53:31	28:56:20	t at Max V [600]
	6:22:05	6:37:02	4:48:04	32:59:54	19:22:47	25:24:12	16:45:39	29:04:11	Lagtime [600]
E	1.635	1.540	6.681	1.642	1.495	0.967	0.916	0.916	Max V [600]
	1.000	1.000	1.000	1.000	1.000	1.000	1.000	1.000	R-Squared [600]
	10:36:24	10:04:58	29:59:12	12:57:49	10:04:58	10:20:41	12:57:49	10:36:24	t at Max V [600]
	7:12:03	7:03:30	26:52:20	7:21:00	7:20:36	7:11:02	8:25:10	7:04:00	Lagtime [600]
F	0.726	1.113	-0.006	0.013	-0.013	0.013	0.006	0.013	Max V [600]
	1.000	1.000	1.000	1.000	1.000	1.000	1.000	1.000	R-Squared [600]
	12:42:06	9:02:07	48:50:38	6:09:16	31:17:46	4:34:59	1:57:51	6:09:16	t at Max V [600]
	7:59:13	6:20:24	46:37:11	6:17:07	31:09:54	4:42:50	2:21:24	6:17:07	Lagtime [600]

