Time	Temp_C	blank_1_1	L1B4-500_1_1	L1B5-500_1_1	WT_1_1	spo0A_1_1	blank_media_1_1	blank_1_1	blank_1_1	blank_1_2	L1B4-500_1_2	L1B5-500_1_2	WT_1_2	spo0A_1_2	blank_media_1_2	blank_1_2	blank_1_2	blank_2_1	L1B4-500_2_1	L1B5-500_2_1	WT_2_1	spo0A_2_1	blank_media_2_1	blank_2_1	blank_2_1	blank_2_2	L1B4-500_2_2	L1B5-500_2_2	WT_2_2	spo0A_2_2	blank_media_2_2	blank_2_2	blank_2_2	blank_3_1	L1B4-500_3_1	L1B5-500_3_1	WT_3_1	spo0A_3_1	blank_media_3_1	blank_3_1	blank_3_1	blank_3_2	L1B4-500_3_2	L1B5-500_3_2	WT_3_2	spo0A_3_2	blank_media_3_2	blank_3_2	blank_3_2
0:00:00	25.2	0.048	0.046	0.048	0.044	0.039	0.040	0.048	0.049	0.048	0.049	0.042	0.040	0.043	0.040	0.048	0.047	0.048	0.046	0.045	0.041	0.040	0.040	0.048	0.047	0.048	0.045	0.043	0.040	0.042	0.041	0.049	0.048	0.047	0.046	0.043	0.042	0.041	0.040	0.049	0.048	0.048	0.049	0.045	0.042	0.047	0.040	0.049	0.047
0:15:44	25.0	0.048	0.054	0.050	0.045	0.039	0.040	0.048	0.049	0.048	0.053	0.050	0.044	0.046	0.040	0.048	0.047	0.048	0.054	0.050	0.045	0.043	0.040	0.048	0.047	0.048	0.056	0.049	0.044	0.043	0.041	0.049	0.048	0.047	0.052	0.049	0.045	0.044	0.040	0.049	0.048	0.048	0.054	0.050	0.045	0.045	0.040	0.049	0.047
0:31:26	25.0	0.048	0.055	0.050	0.045	0.039	0.040	0.048	0.049	0.048	0.053	0.050	0.044	0.046	0.040	0.048	0.047	0.048	0.054	0.050	0.045	0.044	0.040	0.048	0.047	0.048	0.056	0.049	0.044	0.044	0.041	0.049	0.048	0.047	0.052	0.049	0.046	0.045	0.040	0.049	0.048	0.048	0.054	0.050	0.045	0.045	0.039	0.049	0.047
0:47:09	25.0	0.048	0.055	0.050	0.045	0.039	0.040	0.048	0.049	0.048	0.053	0.050	0.044	0.047	0.040	0.048	0.047	0.048	0.055	0.051	0.045	0.044	0.040	0.048	0.047	0.048	0.056	0.049	0.044	0.044	0.041	0.049	0.048	0.047	0.053	0.050	0.046	0.045	0.040	0.049	0.048	0.048	0.055	0.050	0.045	0.046	0.039	0.049	0.047
1:02:52	25.1	0.048	0.056	0.050	0.047	0.039	0.040	0.048	0.049	0.048	0.054	0.051	0.045	0.047	0.040	0.048	0.047	0.048	0.055	0.051	0.046	0.044	0.040	0.048	0.047	0.048	0.057	0.050	0.044	0.044	0.041	0.049	0.048	0.047	0.054	0.050	0.047	0.046	0.040	0.049	0.048	0.048	0.056	0.051	0.047	0.046	0.040	0.049	0.047
1:18:34	25.1	0.048	0.057	0.051	0.048	0.039	0.040	0.048	0.049	0.048	0.055	0.051	0.045	0.048	0.040	0.048	0.047	0.048	0.056	0.052	0.046	0.045	0.040	0.048	0.047	0.048	0.058	0.051	0.046	0.045	0.041	0.049	0.048	0.047	0.055	0.050	0.047	0.047	0.040	0.049	0.048	0.048	0.057	0.051	0.047	0.047	0.040	0.049	0.047
1:34:17	25.1	0.048	0.058	0.052	0.047	0.039	0.040	0.048	0.049	0.048	0.056	0.052	0.047	0.049	0.040	0.048	0.047	0.048	0.057	0.053	0.047	0.046	0.040	0.048	0.047	0.048	0.059	0.052	0.046	0.046	0.041	0.049	0.048	0.047	0.056	0.051	0.048	0.048	0.040	0.049	0.048	0.048	0.058	0.052	0.048	0.048	0.040	0.049	0.047
1:50:00	25.1	0.048	0.059	0.053	0.049	0.039	0.040	0.048	0.049	0.048	0.057	0.053	0.047	0.050	0.040	0.048	0.047	0.048	0.058	0.054	0.049	0.047	0.040	0.048	0.047	0.048	0.060	0.053	0.047	0.046	0.041	0.049	0.048	0.047	0.056	0.052	0.049	0.049	0.040	0.049	0.048	0.048	0.059	0.053	0.048	0.049	0.040	0.049	0.047
2:05:42	25.1	0.048	0.061	0.055	0.049	0.039	0.040	0.048	0.049	0.048	0.058	0.055	0.048	0.051	0.040	0.048	0.047	0.048	0.059	0.056	0.049	0.048	0.040	0.048	0.047	0.048	0.061	0.054	0.048	0.047	0.041	0.049	0.048	0.047	0.058	0.053	0.049	0.050	0.040	0.049	0.048	0.048	0.060	0.054	0.049	0.050	0.039	0.049	0.047
2:21:25	25.0	0.048	0.063	0.057	0.051	0.039	0.040	0.048	0.049	0.048	0.060	0.056	0.049	0.053	0.040	0.048	0.047	0.048	0.061	0.058	0.051	0.049	0.040	0.048	0.047	0.048	0.063	0.056	0.049	0.048	0.041	0.049	0.048	0.047	0.059	0.054	0.051	0.051	0.040	0.049	0.048	0.048	0.062	0.055	0.050	0.052	0.039	0.049	0.047
2:37:08	25.0	0.048	0.065	0.059	0.052	0.039	0.040	0.048	0.049	0.048	0.062	0.058	0.051	0.055	0.040	0.048	0.047	0.048	0.063	0.060	0.052	0.051	0.040	0.048	0.047	0.048	0.065	0.059	0.051	0.049	0.041	0.049	0.048	0.047	0.061	0.055	0.053	0.053	0.040	0.049	0.048	0.048	0.064	0.057	0.051	0.054	0.039	0.049	0.047
2:52:51	25.0	0.048	0.069	0.061	0.055	0.039	0.040	0.048	0.049	0.048	0.065	0.060	0.053	0.058	0.040	0.048	0.047	0.048	0.065	0.062	0.055	0.052	0.040	0.048	0.047	0.048	0.068	0.060	0.053	0.051	0.041	0.049	0.048	0.047	0.064	0.056	0.055	0.055	0.040	0.049	0.048	0.048	0.066	0.058	0.053	0.056	0.039	0.049	0.047
3:08:33	25.1	0.048	0.071	0.065	0.057	0.039	0.040	0.048	0.049	0.048	0.068	0.063	0.055	0.061	0.040	0.048	0.047	0.048	0.068	0.065	0.057	0.054	0.040	0.048	0.047	0.048	0.070	0.064	0.056	0.053	0.041	0.049	0.048	0.047	0.066	0.058	0.059	0.058	0.040	0.049	0.048	0.048	0.069	0.059	0.055	0.059	0.039	0.049	0.047
3:24:16	25.1	0.048	0.075	0.068	0.059	0.039	0.040	0.048	0.049	0.048	0.071	0.065	0.058	0.065	0.040	0.048	0.047	0.048	0.070	0.068	0.061	0.057	0.040	0.048	0.047	0.048	0.073	0.066	0.058	0.055	0.041	0.049	0.048	0.047	0.069	0.059	0.061	0.061	0.040	0.049	0.048	0.048	0.072	0.061	0.059	0.063	0.040	0.049	0.047
3:39:59	25.1	0.048	0.079	0.072	0.063	0.039	0.040	0.048	0.049	0.048	0.075	0.069	0.062	0.069	0.040	0.048	0.047	0.048	0.074	0.073	0.067	0.060	0.040	0.048	0.047	0.048	0.078	0.071	0.062	0.058	0.041	0.049	0.048	0.047	0.074	0.062	0.064	0.065	0.040	0.049	0.048	0.048	0.077	0.064	0.061	0.067	0.040	0.049	0.047
3:55:41	25.1	0.048	0.084	0.077	0.068	0.039	0.040	0.048	0.049	0.048	0.079	0.073	0.067	0.074	0.040	0.048	0.047	0.048	0.079	0.078	0.073	0.063	0.040	0.048	0.047	0.048	0.083	0.076	0.067	0.061	0.041	0.049	0.048	0.047	0.077	0.065	0.070	0.070	0.040	0.049	0.048	0.048	0.082	0.067	0.066	0.072	0.039	0.049	0.047
4:11:24	25.0	0.048	0.089	0.083	0.075	0.039	0.040	0.048	0.049	0.048	0.085	0.078	0.073	0.081	0.040	0.048	0.047	0.048	0.083	0.084	0.081	0.067	0.040	0.048	0.047	0.048	0.087	0.082	0.074	0.064	0.041	0.049	0.048	0.047	0.083	0.067	0.076	0.076	0.040	0.049	0.048	0.048	0.087	0.071	0.072	0.078	0.039	0.049	0.047
4:27:07	25.0	0.048	0.095	0.089	0.082	0.039	0.040	0.048	0.049	0.048	0.090	0.085	0.080	0.089	0.040	0.048	0.047	0.048	0.088	0.091	0.087	0.073	0.041	0.048	0.047	0.048	0.094	0.089	0.081	0.070	0.041	0.049	0.048	0.047	0.089	0.071	0.084	0.084	0.040	0.049	0.048	0.048	0.094	0.074	0.078	0.086	0.039	0.049	0.047
4:42:49	25.0	0.048	0.103	0.097	0.090	0.039	0.040	0.048	0.049	0.048	0.096	0.092	0.089	0.099	0.040	0.048	0.047	0.048	0.095	0.100	0.098	0.080	0.040	0.048	0.047	0.048	0.101	0.097	0.091	0.075	0.041	0.049	0.048	0.047	0.095	0.075	0.093	0.092	0.040	0.049	0.048	0.048	0.102	0.079	0.086	0.095	0.039	0.049	0.047
4:58:32	25.0	0.048	0.109	0.106	0.102	0.039	0.040	0.048	0.049	0.048	0.103	0.099	0.099	0.109	0.040	0.048	0.047	0.048	0.102	0.108	0.110	0.088	0.040	0.048	0.047	0.048	0.108	0.106	0.100	0.083	0.041	0.049	0.048	0.047	0.102	0.080	0.104	0.103	0.040	0.049	0.048	0.048	0.111	0.084	0.095	0.105	0.039	0.049	0.047
5:14:15	25.1	0.048	0.117	0.115	0.113	0.039	0.040	0.048	0.049	0.048	0.111	0.109	0.110	0.121	0.040	0.048	0.047	0.048	0.109	0.119	0.122	0.097	0.040	0.048	0.047	0.048	0.117	0.116	0.114	0.091	0.041	0.049	0.048	0.047	0.111	0.085	0.116	0.114	0.040	0.049	0.048	0.048	0.119	0.090	0.105	0.116	0.040	0.049	0.047
5:29:58	25.1	0.048	0.123	0.125	0.124	0.039	0.040	0.048	0.049	0.048	0.117	0.119	0.123	0.134	0.040	0.048	0.047	0.048	0.116	0.129	0.137	0.108	0.040	0.048	0.047	0.048	0.124	0.126	0.126	0.101	0.041	0.049	0.048	0.047	0.116	0.090	0.130	0.128	0.040	0.049	0.048	0.048	0.127	0.097	0.116	0.131	0.039	0.049	0.047
5:45:41	25.1	0.048	0.137	0.140	0.139	0.039	0.040	0.048	0.049	0.048	0.129	0.133	0.136	0.146	0.040	0.048	0.047	0.048	0.125	0.144	0.151	0.122	0.040	0.048	0.047	0.048	0.135	0.141	0.141	0.113	0.041	0.049	0.048	0.047	0.128	0.097	0.145	0.142	0.040	0.049	0.048	0.048	0.139	0.106	0.129	0.141	0.039	0.049	0.047
6:01:23	25.1	0.048	0.152	0.156	0.155	0.039	0.040	0.048	0.049	0.048	0.139	0.146	0.147	0.157	0.040	0.048	0.047	0.048	0.135	0.156	0.162	0.134	0.040	0.048	0.047	0.048	0.146	0.153	0.153	0.127	0.041	0.049	0.048	0.047	0.137	0.106	0.159	0.151	0.040	0.049	0.048	0.048	0.149	0.114	0.144	0.149	0.039	0.049	0.047
6:17:06	25.0	0.048	0.161	0.170	0.165	0.039	0.040	0.048	0.049	0.048	0.152	0.162	0.160	0.170	0.040	0.048	0.047	0.048	0.147	0.168	0.175	0.145	0.040	0.048	0.047	0.048	0.157	0.166	0.166	0.138	0.041	0.049	0.048	0.047	0.147	0.114	0.171	0.163	0.040	0.049	0.048	0.048	0.161	0.123	0.156	0.161	0.039	0.049	0.047
6:32:49	25.0	0.048	0.172	0.181	0.179	0.039	0.040	0.048	0.049	0.048	0.165	0.172	0.171	0.177	0.040	0.048	0.047	0.048	0.158	0.179	0.185	0.158	0.040	0.048	0.047	0.048	0.172	0.176	0.178	0.150	0.041	0.049	0.048	0.047	0.159	0.123	0.183	0.172	0.040	0.049	0.048	0.048	0.172	0.132	0.168	0.167	0.039	0.049	0.047
6:48:32	25.1	0.048	0.188	0.191	0.189	0.039	0.040	0.048	0.049	0.048	0.175	0.183	0.181	0.184	0.040	0.048	0.047	0.048	0.171	0.195	0.196	0.168	0.040	0.048	0.047	0.048	0.183	0.193	0.188	0.163	0.041	0.049	0.048	0.047	0.168	0.133	0.193	0.179	0.040	0.049	0.048	0.048	0.184	0.143	0.180	0.174	0.039	0.049	0.047
7:04:14	25.1	0.048	0.193	0.201	0.198	0.039	0.040	0.048	0.049	0.048	0.184	0.195	0.188	0.189	0.040	0.048	0.047	0.048	0.179	0.207	0.202	0.175	0.040	0.048	0.047	0.048	0.194	0.205	0.198	0.172	0.041	0.049	0.048	0.047	0.178	0.141	0.203	0.185	0.040	0.049	0.048	0.048	0.195	0.155	0.190	0.180	0.039	0.049	0.047
7:19:57	25.1	0.048	0.210	0.218	0.207	0.039	0.040	0.048	0.049	0.048	0.196	0.210	0.194	0.193	0.040	0.048	0.047	0.048	0.193	0.223	0.209	0.180	0.040	0.048	0.047	0.048	0.209	0.220	0.205	0.179	0.041	0.049	0.048	0.047	0.188	0.156	0.209	0.190	0.040	0.049	0.048	0.048	0.209	0.169	0.197	0.184	0.039	0.049	0.047
7:35:40	25.1	0.048	0.212	0.230	0.212	0.039	0.040	0.048	0.049	0.048	0.209	0.223	0.199	0.198	0.040	0.048	0.047	0.048	0.202	0.237	0.214	0.185	0.040	0.048	0.047	0.048	0.220	0.234	0.212	0.185	0.041	0.049	0.048	0.047	0.199	0.169	0.215	0.195	0.040	0.049	0.048	0.048	0.218	0.181	0.203	0.189	0.039	0.049	0.047
7:51:22	25.1	0.048	0.227	0.250	0.218	0.039	0.040	0.048	0.049	0.048	0.222	0.242	0.207	0.203	0.040	0.048	0.047	0.048	0.218	0.259	0.221	0.189	0.040	0.048	0.047	0.048	0.234	0.255	0.219	0.190	0.041	0.049	0.048	0.047	0.211	0.184	0.223	0.199	0.040	0.049	0.048	0.048	0.231	0.192	0.209	0.193	0.039	0.049	0.047
8:07:05	25.0	0.048	0.234	0.262	0.226	0.039	0.040	0.048	0.049	0.048	0.230	0.260	0.210	0.204	0.040	0.048	0.047	0.048	0.226	0.275	0.222	0.193	0.040	0.048	0.047	0.048	0.244	0.272	0.225	0.194	0.041	0.049	0.048	0.047	0.220	0.192	0.226	0.202	0.040	0.049	0.048	0.048	0.239	0.201	0.216	0.196	0.039	0.049	0.047
8:22:48	25.0	0.048	0.261	0.293	0.231	0.039	0.040	0.048	0.049	0.048	0.243	0.283	0.207	0.203	0.040	0.048	0.047	0.048	0.239	0.300	0.216	0.196	0.040	0.048	0.047	0.048	0.258	0.295	0.222	0.198	0.041	0.049	0.048	0.047	0.232	0.205	0.222	0.202	0.040	0.049	0.048	0.048	0.252	0.215	0.221	0.196	0.039	0.049	0.047
8:38:31	25.0	0.048	0.256	0.300	0.223	0.039	0.040	0.048	0.049	0.048	0.254	0.298	0.199	0.198	0.040	0.048	0.047	0.048	0.250	0.316	0.209	0.194	0.040	0.048	0.047	0.048	0.266	0.313	0.215	0.199	0.041	0.049	0.048	0.047	0.240	0.216	0.216	0.198	0.040	0.049	0.048	0.048	0.261	0.225	0.216	0.191	0.039	0.049	0.047
8:54:14	25.1	0.048	0.281	0.323	0.218	0.039	0.040	0.048	0.049	0.048	0.269	0.319	0.194	0.192	0.040	0.048	0.047	0.048	0.263	0.339	0.205	0.189	0.040	0.048	0.047	0.048	0.281	0.337	0.209	0.195	0.041	0.049	0.048	0.047	0.254	0.229	0.212	0.193	0.040	0.049	0.048	0.048	0.274	0.241	0.209	0.187	0.039	0.049	0.047
9:09:56	25.1	0.048	0.278	0.340	0.213	0.039	0.040	0.048	0.049	0.048	0.276	0.334	0.191	0.187	0.040	0.048	0.047	0.048	0.272	0.358	0.202	0.184	0.040	0.048	0.047	0.048	0.290	0.359	0.205	0.190	0.041	0.049	0.048	0.047	0.261	0.241	0.208	0.188	0.040	0.049	0.048	0.048	0.285	0.256	0.205	0.182	0.039	0.049	0.047
9:25:39	25.1	0.048	0.288	0.356	0.209	0.039	0.040	0.048	0.049	0.048	0.287	0.351	0.187	0.182	0.040	0.048	0.047	0.048	0.282	0.376	0.198	0.179	0.040	0.048	0.047	0.048	0.301	0.379	0.202	0.184	0.041	0.049	0.048	0.047	0.273	0.255	0.204	0.184	0.040	0.049	0.048	0.048	0.294	0.270	0.201	0.179	0.039	0.049	0.047
9:41:21	25.1	0.048	0.297	0.368	0.204	0.039	0.040	0.048	0.049	0.048	0.303	0.363	0.183	0.179	0.040	0.048	0.047	0.048	0.291	0.391	0.194	0.175	0.040	0.048	0.047	0.048	0.309	0.393	0.198	0.179	0.041	0.049	0.048	0.047	0.279	0.270	0.201	0.181	0.040	0.049	0.048	0.048	0.302	0.286	0.198	0.176	0.039	0.049	0.047
9:57:04	25.0	0.048	0.306	0.380	0.200	0.039	0.040	0.048	0.049	0.048	0.304	0.376	0.180	0.176	0.040	0.048	0.047	0.048	0.300	0.408	0.192	0.172	0.040	0.048	0.047	0.048	0.316	0.410	0.195	0.176	0.041	0.049	0.048	0.047	0.288	0.285	0.198	0.178	0.040	0.049	0.048	0.048	0.311	0.301	0.195	0.173	0.039	0.049	0.047
10:12:47	25.0	0.048	0.312	0.389	0.196	0.039	0.040	0.048	0.049	0.048	0.312	0.388	0.178	0.174	0.040	0.048	0.047	0.048	0.306	0.420	0.189	0.170	0.040	0.048	0.047	0.048	0.324	0.423	0.193	0.174	0.041	0.049	0.048	0.047	0.293	0.299	0.195	0.176	0.040	0.049	0.048	0.048	0.319	0.317	0.192	0.172	0.040	0.049	0.047
10:28:30	25.0	0.048	0.312	0.396	0.194	0.039	0.040	0.048	0.049	0.048	0.316	0.397	0.176	0.172	0.040	0.048	0.047	0.048	0.308	0.431	0.186	0.168	0.040	0.048	0.047	0.048	0.328	0.434	0.191	0.172	0.041	0.049	0.048	0.047	0.299	0.311	0.194	0.174	0.040	0.049	0.048	0.048	0.323	0.330	0.190	0.169	0.039	0.049	0.047
10:44:12	25.1	0.048	0.324	0.416	0.191	0.039	0.040	0.048	0.049	0.048	0.329	0.414	0.175	0.170	0.040	0.048	0.047	0.048	0.320	0.451	0.185	0.166	0.040	0.048	0.047	0.048	0.339	0.452	0.189	0.170	0.041	0.049	0.048	0.047	0.307	0.326	0.191	0.172	0.040	0.049	0.048	0.048	0.333	0.348	0.188	0.168	0.039	0.049	0.047
10:59:55	25.1	0.048	0.329	0.431	0.191	0.039	0.040	0.048	0.049	0.048	0.333	0.428	0.173	0.168	0.040	0.048	0.047	0.048	0.325	0.465	0.185	0.164	0.040	0.048	0.047	0.048	0.343	0.466	0.187	0.168	0.041	0.049	0.048	0.047	0.312	0.341	0.190	0.170	0.040	0.049	0.048	0.048	0.337	0.360	0.186	0.166	0.039	0.049	0.047
11:15:38	25.1	0.048	0.331	0.441	0.187	0.039	0.040	0.048	0.049	0.048	0.336	0.439	0.172	0.165	0.040	0.048	0.047	0.048	0.327	0.477	0.183	0.163	0.040	0.048	0.047	0.048	0.345	0.481	0.186	0.165	0.041	0.049	0.048	0.047	0.316	0.354	0.188	0.168	0.040	0.049	0.048	0.048	0.343	0.375	0.184	0.164	0.039	0.049	0.047
11:31:21	25.1	0.048	0.337	0.457	0.186	0.039	0.040	0.048	0.049	0.048	0.342	0.456	0.172	0.163	0.040	0.048	0.047	0.048	0.332	0.494	0.182	0.160	0.040	0.048	0.047	0.048	0.351	0.494	0.185	0.163	0.041	0.049	0.048	0.047	0.320	0.367	0.186	0.166	0.040	0.049	0.048	0.048	0.348	0.386	0.182	0.162	0.039	0.049	0.047
11:47:03	25.0	0.048	0.333	0.467	0.184	0.039	0.040	0.048	0.049	0.048	0.341	0.469	0.170	0.161	0.040	0.048	0.047	0.048	0.332	0.501	0.180	0.157	0.040	0.048	0.047	0.048	0.350	0.504	0.183	0.160	0.041	0.049	0.048	0.047	0.322	0.375	0.184	0.163	0.040	0.049	0.048	0.048	0.347	0.396	0.180	0.159	0.039	0.049	0.047
12:02:46	25.0	0.048	0.339	0.482	0.182	0.039	0.040	0.048	0.049	0.048	0.351	0.484	0.169	0.159	0.040	0.048	0.047	0.048	0.335	0.513	0.179	0.155	0.040	0.048	0.047	0.048	0.353	0.516	0.181	0.157	0.041	0.049	0.048	0.047	0.324	0.389	0.182	0.161	0.040	0.049	0.048	0.048	0.351	0.405	0.177	0.157	0.039	0.049	0.047
12:18:29	25.0	0.048	0.349	0.508	0.182	0.039	0.040	0.048	0.049	0.048	0.355	0.504	0.168	0.156	0.040	0.048	0.047	0.048	0.344	0.529	0.179	0.153	0.040	0.048	0.047	0.048	0.361	0.532	0.179	0.155	0.041	0.049	0.048	0.047	0.329	0.407	0.180	0.160	0.040	0.049	0.048	0.048	0.359	0.420	0.175	0.156	0.039	0.049	0.047
12:34:12	25.0	0.048	0.353	0.524	0.180	0.040	0.040	0.048	0.049	0.048	0.359	0.519	0.166	0.154	0.040	0.048	0.047	0.048	0.346	0.539	0.178	0.151	0.040	0.048	0.047	0.048	0.363	0.543	0.178	0.153	0.041	0.049	0.048	0.047	0.332	0.417	0.178	0.157	0.040	0.049	0.048	0.048	0.362	0.433	0.173	0.154	0.039	0.049	0.047
12:49:54	25.1	0.048	0.350	0.520	0.177	0.039	0.040	0.048	0.049	0.048	0.356	0.523	0.164	0.152	0.040	0.048	0.047	0.048	0.342	0.542	0.175	0.148	0.040	0.048	0.047	0.048	0.361	0.547	0.176	0.150	0.041	0.049	0.048	0.047	0.332	0.425	0.175	0.155	0.040	0.049	0.048	0.048	0.361	0.441	0.170	0.152	0.039	0.049	0.047
13:05:37	25.1	0.048	0.356	0.547	0.177	0.039	0.040	0.048	0.049	0.048	0.364	0.541	0.164	0.150	0.040	0.048	0.047	0.048	0.350	0.558	0.174	0.147	0.040	0.048	0.047	0.048	0.368	0.561	0.174	0.148	0.041	0.049	0.048	0.047	0.338	0.439	0.173	0.154	0.040	0.049	0.048	0.048	0.368	0.454	0.169	0.150	0.039	0.049	0.047
13:21:20	25.1	0.048	0.355	0.546	0.174	0.040	0.040	0.048	0.049	0.048	0.364	0.549	0.162	0.148	0.040	0.048	0.047	0.048	0.350	0.560	0.173	0.144	0.040	0.048	0.047	0.048	0.368	0.565	0.172	0.146	0.041	0.049	0.048	0.047	0.338	0.447	0.170	0.151	0.040	0.049	0.048	0.048	0.367	0.464	0.165	0.148	0.039	0.049	0.047
13:37:03	25.1	0.048	0.361	0.563	0.173	0.040	0.040	0.048	0.049	0.048	0.371	0.563	0.160	0.146	0.040	0.048	0.047	0.048	0.354	0.571	0.171	0.142	0.040	0.048	0.047	0.048	0.371	0.575	0.171	0.145	0.041	0.049	0.048	0.047	0.343	0.463	0.168	0.150	0.040	0.049	0.048	0.048	0.373	0.479	0.164	0.147	0.039	0.049	0.047
13:52:45	25.0	0.048	0.355	0.560	0.170	0.040	0.040	0.048	0.049	0.048	0.367	0.564	0.158	0.145	0.040	0.048	0.047	0.048	0.351	0.572	0.169	0.141	0.040	0.048	0.047	0.048	0.371	0.579	0.169	0.141	0.041	0.049	0.048	0.047	0.342	0.470	0.165	0.148	0.040	0.049	0.048	0.048	0.372	0.488	0.161	0.146	0.039	0.049	0.047
14:08:28	25.0	0.048	0.357	0.572	0.170	0.040	0.040	0.048	0.049	0.048	0.373	0.578	0.157	0.143	0.040	0.048	0.047	0.048	0.355	0.581	0.168	0.139	0.040	0.048	0.047	0.048	0.373	0.588	0.167	0.141	0.041	0.049	0.048	0.047	0.345	0.481	0.163	0.148	0.040	0.049	0.048	0.048	0.374	0.498	0.158	0.145	0.039	0.049	0.047
14:24:11	25.0	0.048	0.362	0.580	0.168	0.040	0.040	0.048	0.049	0.048	0.377	0.586	0.156	0.142	0.040	0.048	0.047	0.048	0.357	0.587	0.167	0.138	0.040	0.048	0.047	0.048	0.376	0.594	0.165	0.140	0.041	0.049	0.048	0.047	0.346	0.493	0.160	0.147	0.040	0.049	0.048	0.048	0.376	0.508	0.156	0.144	0.039	0.049	0.047
14:39:54	25.1	0.048	0.365	0.588	0.165	0.040	0.040	0.048	0.049	0.048	0.379	0.592	0.154	0.141	0.040	0.048	0.047	0.048	0.359	0.592	0.165	0.137	0.040	0.048	0.047	0.048	0.376	0.598	0.164	0.139	0.041	0.049	0.048	0.047	0.347	0.504	0.158	0.145	0.040	0.049	0.048	0.048	0.378	0.517	0.153	0.143	0.039	0.049	0.047
14:55:37	25.1	0.048	0.374	0.605	0.166	0.040	0.040	0.048	0.049	0.048	0.385	0.604	0.154	0.141	0.040	0.048	0.047	0.048	0.365	0.601	0.164	0.136	0.040	0.048	0.047	0.048	0.383	0.608	0.163	0.138	0.041	0.049	0.048	0.047	0.353	0.518	0.156	0.146	0.040	0.049	0.048	0.048	0.385	0.530	0.152	0.142	0.039	0.049	0.047
15:11:19	25.1	0.048	0.377	0.612	0.164	0.041	0.040	0.048	0.049	0.048	0.389	0.611	0.152	0.140	0.040	0.048	0.047	0.048	0.369	0.605	0.164	0.136	0.040	0.048	0.047	0.048	0.383	0.610	0.161	0.137	0.041	0.049	0.048	0.047	0.354	0.527	0.154	0.145	0.040	0.049	0.048	0.048	0.387	0.539	0.150	0.142	0.039	0.049	0.047
15:27:02	25.1	0.048	0.377	0.614	0.162	0.041	0.040	0.048	0.049	0.048	0.390	0.616	0.151	0.140	0.040	0.048	0.047	0.048	0.370	0.604	0.162	0.136	0.040	0.048	0.047	0.048	0.387	0.612	0.160	0.137	0.041	0.049	0.048	0.047	0.356	0.535	0.153	0.145	0.040	0.049	0.048	0.048	0.390	0.547	0.148	0.142	0.039	0.049	0.047
15:42:45	25.0	0.048	0.374	0.605	0.160	0.041	0.040	0.048	0.049	0.048	0.389	0.612	0.149	0.140	0.040	0.048	0.047	0.048	0.367	0.603	0.161	0.135	0.040	0.048	0.047	0.048	0.385	0.610	0.158	0.137	0.041	0.049	0.048	0.047	0.355	0.540	0.150	0.144	0.040	0.049	0.048	0.048	0.387	0.548	0.146	0.141	0.039	0.049	0.047
15:58:27	25.0	0.048	0.382	0.619	0.160	0.042	0.040	0.048	0.049	0.048	0.397	0.622	0.149	0.140	0.040	0.048	0.047	0.048	0.373	0.611	0.160	0.135	0.040	0.048	0.047	0.048	0.390	0.617	0.158	0.136	0.041	0.049	0.048	0.047	0.360	0.549	0.149	0.145	0.040	0.049	0.048	0.048	0.394	0.554	0.144	0.141	0.039	0.049	0.047
16:14:10	25.0	0.048	0.384	0.622	0.158	0.042	0.040	0.048	0.049	0.048	0.398	0.624	0.148	0.140	0.040	0.048	0.047	0.048	0.375	0.615	0.159	0.135	0.040	0.048	0.047	0.048	0.389	0.620	0.156	0.137	0.041	0.049	0.048	0.047	0.363	0.552	0.148	0.145	0.040	0.049	0.048	0.048	0.395	0.559	0.143	0.142	0.039	0.049	0.047
16:29:53	25.0	0.048	0.379	0.609	0.167	0.043	0.040	0.048	0.049	0.048	0.396	0.619	0.146	0.140	0.040	0.048	0.047	0.048	0.370	0.611	0.158	0.135	0.040	0.048	0.047	0.048	0.390	0.622	0.156	0.137	0.041	0.049	0.048	0.047	0.362	0.553	0.146	0.146	0.040	0.049	0.048	0.048	0.393	0.563	0.142	0.142	0.039	0.049	0.047
16:45:35	25.1	0.048	0.378	0.616	0.155	0.043	0.040	0.048	0.049	0.048	0.398	0.627	0.146	0.140	0.040	0.048	0.047	0.048	0.372	0.616	0.157	0.135	0.039	0.048	0.047	0.048	0.391	0.623	0.154	0.137	0.041	0.049	0.048	0.047	0.363	0.560	0.144	0.146	0.040	0.049	0.048	0.048	0.396	0.567	0.140	0.142	0.039	0.049	0.047
17:01:18	25.1	0.048	0.387	0.631	0.156	0.044	0.040	0.048	0.049	0.048	0.406	0.634	0.146	0.141	0.040	0.048	0.047	0.048	0.379	0.625	0.158	0.136	0.040	0.048	0.047	0.048	0.397	0.630	0.154	0.137	0.041	0.049	0.048	0.047	0.367	0.569	0.144	0.147	0.040	0.049	0.048	0.048	0.400	0.577	0.139	0.143	0.039	0.049	0.047
17:17:01	25.1	0.048	0.389	0.633	0.154	0.045	0.040	0.048	0.049	0.048	0.408	0.637	0.145	0.141	0.040	0.048	0.047	0.048	0.381	0.628	0.157	0.137	0.040	0.048	0.047	0.048	0.398	0.633	0.154	0.138	0.041	0.049	0.048	0.047	0.368	0.576	0.144	0.147	0.040	0.049	0.048	0.048	0.402	0.584	0.139	0.144	0.039	0.049	0.047
17:32:43	25.1	0.048	0.383	0.620	0.153	0.047	0.040	0.048	0.049	0.048	0.406	0.635	0.144	0.142	0.040	0.048	0.047	0.048	0.376	0.626	0.157	0.137	0.040	0.048	0.047	0.048	0.397	0.634	0.154	0.139	0.041	0.049	0.048	0.047	0.368	0.579	0.143	0.149	0.040	0.049	0.048	0.048	0.402	0.587	0.138	0.144	0.039	0.049	0.047
17:48:26	25.0	0.048	0.388	0.633	0.153	0.048	0.040	0.048	0.049	0.048	0.411	0.644	0.145	0.143	0.040	0.048	0.047	0.048	0.384	0.633	0.157	0.138	0.040	0.048	0.047	0.048	0.404	0.640	0.154	0.140	0.041	0.049	0.048	0.047	0.373	0.588	0.142	0.150	0.040	0.049	0.048	0.048	0.407	0.594	0.137	0.146	0.039	0.049	0.047
18:04:09	25.0	0.048	0.390	0.641	0.153	0.050	0.040	0.048	0.049	0.048	0.414	0.647	0.145	0.145	0.040	0.048	0.047	0.048	0.386	0.638	0.158	0.140	0.040	0.048	0.047	0.048	0.403	0.641	0.154	0.140	0.041	0.049	0.048	0.047	0.374	0.594	0.142	0.151	0.040	0.049	0.048	0.048	0.408	0.600	0.137	0.147	0.039	0.049	0.047
18:19:52	25.1	0.048	0.389	0.634	0.153	0.052	0.040	0.048	0.049	0.048	0.414	0.647	0.145	0.145	0.040	0.048	0.047	0.048	0.383	0.635	0.157	0.141	0.040	0.048	0.047	0.048	0.402	0.640	0.155	0.142	0.041	0.049	0.048	0.047	0.372	0.596	0.142	0.154	0.040	0.049	0.048	0.048	0.407	0.602	0.136	0.148	0.039	0.049	0.047
18:35:35	25.1	0.048	0.393	0.644	0.153	0.055	0.040	0.048	0.049	0.048	0.420	0.654	0.146	0.147	0.040	0.048	0.047	0.048	0.388	0.641	0.158	0.142	0.040	0.048	0.047	0.048	0.407	0.646	0.154	0.144	0.041	0.049	0.048	0.047	0.379	0.605	0.142	0.156	0.040	0.049	0.048	0.048	0.412	0.610	0.137	0.149	0.039	0.049	0.047
18:51:18	25.1	0.048	0.395	0.647	0.154	0.058	0.040	0.048	0.049	0.048	0.423	0.657	0.146	0.149	0.040	0.048	0.047	0.048	0.390	0.644	0.158	0.144	0.040	0.048	0.047	0.048	0.409	0.648	0.156	0.144	0.041	0.049	0.048	0.047	0.378	0.610	0.142	0.156	0.040	0.049	0.048	0.048	0.413	0.614	0.138	0.151	0.039	0.049	0.047
19:07:00	25.1	0.048	0.395	0.649	0.158	0.062	0.040	0.048	0.049	0.048	0.425	0.660	0.147	0.150	0.040	0.048	0.047	0.048	0.392	0.644	0.159	0.146	0.040	0.048	0.047	0.048	0.410	0.650	0.156	0.147	0.041	0.049	0.048	0.047	0.381	0.616	0.143	0.160	0.040	0.049	0.048	0.048	0.414	0.619	0.138	0.153	0.039	0.049	0.047
19:22:43	25.1	0.048	0.395	0.649	0.156	0.067	0.040	0.048	0.049	0.048	0.429	0.661	0.149	0.152	0.040	0.048	0.047	0.048	0.394	0.647	0.160	0.147	0.040	0.048	0.047	0.048	0.411	0.652	0.158	0.149	0.041	0.049	0.048	0.047	0.383	0.620	0.145	0.162	0.040	0.049	0.048	0.048	0.416	0.623	0.138	0.155	0.039	0.049	0.047
19:38:26	25.1	0.048	0.394	0.651	0.164	0.072	0.040	0.048	0.049	0.048	0.430	0.663	0.150	0.155	0.040	0.048	0.047	0.048	0.395	0.648	0.162	0.149	0.040	0.048	0.047	0.048	0.412	0.652	0.160	0.150	0.041	0.049	0.048	0.047	0.384	0.625	0.145	0.163	0.040	0.049	0.048	0.048	0.418	0.627	0.139	0.157	0.039	0.049	0.047
19:54:09	25.0	0.048	0.394	0.651	0.156	0.078	0.040	0.048	0.049	0.048	0.430	0.665	0.151	0.156	0.040	0.048	0.047	0.048	0.397	0.649	0.163	0.152	0.040	0.048	0.047	0.048	0.416	0.655	0.161	0.153	0.041	0.049	0.048	0.047	0.386	0.630	0.148	0.167	0.040	0.049	0.048	0.048	0.419	0.631	0.141	0.159	0.039	0.049	0.047
20:09:52	25.0	0.048	0.395	0.651	0.157	0.085	0.040	0.048	0.049	0.048	0.434	0.667	0.154	0.158	0.040	0.048	0.047	0.048	0.398	0.650	0.164	0.154	0.040	0.048	0.047	0.048	0.415	0.657	0.163	0.155	0.041	0.049	0.048	0.047	0.388	0.636	0.149	0.170	0.040	0.049	0.048	0.048	0.421	0.636	0.141	0.162	0.039	0.049	0.047
20:25:34	25.0	0.048	0.393	0.644	0.158	0.093	0.040	0.048	0.049	0.048	0.434	0.662	0.154	0.160	0.040	0.048	0.047	0.048	0.394	0.648	0.165	0.156	0.040	0.048	0.047	0.048	0.415	0.655	0.165	0.157	0.041	0.049	0.048	0.047	0.387	0.634	0.151	0.173	0.040	0.049	0.048	0.048	0.419	0.635	0.143	0.163	0.039	0.049	0.047
20:41:17	25.0	0.048	0.394	0.649	0.160	0.102	0.040	0.048	0.049	0.048	0.441	0.667	0.157	0.162	0.040	0.048	0.047	0.048	0.400	0.653	0.168	0.159	0.040	0.048	0.047	0.048	0.420	0.657	0.169	0.160	0.041	0.049	0.048	0.047	0.391	0.642	0.154	0.176	0.040	0.049	0.048	0.048	0.422	0.640	0.145	0.166	0.039	0.049	0.047
20:57:00	25.1	0.048	0.393	0.649	0.161	0.112	0.040	0.048	0.049	0.048	0.442	0.668	0.160	0.165	0.040	0.048	0.047	0.048	0.403	0.654	0.171	0.162	0.039	0.048	0.047	0.048	0.421	0.661	0.171	0.162	0.041	0.049	0.048	0.047	0.392	0.648	0.159	0.177	0.040	0.049	0.048	0.048	0.426	0.644	0.148	0.169	0.039	0.049	0.047
21:12:43	25.1	0.048	0.392	0.647	0.164	0.123	0.040	0.048	0.049	0.048	0.444	0.669	0.163	0.168	0.040	0.048	0.047	0.048	0.404	0.657	0.173	0.165	0.040	0.048	0.047	0.048	0.422	0.663	0.175	0.167	0.041	0.049	0.048	0.047	0.395	0.650	0.162	0.183	0.040	0.049	0.048	0.048	0.425	0.646	0.151	0.171	0.039	0.049	0.047
21:28:26	25.1	0.048	0.388	0.645	0.166	0.134	0.040	0.048	0.049	0.048	0.439	0.664	0.166	0.170	0.040	0.048	0.047	0.048	0.397	0.649	0.176	0.168	0.040	0.048	0.047	0.048	0.416	0.659	0.178	0.169	0.041	0.049	0.048	0.047	0.389	0.647	0.165	0.185	0.040	0.049	0.048	0.048	0.423	0.645	0.153	0.174	0.039	0.049	0.047
21:44:08	25.1	0.048	0.394	0.644	0.169	0.139	0.040	0.048	0.049	0.048	0.449	0.668	0.170	0.173	0.040	0.048	0.047	0.048	0.405	0.657	0.180	0.172	0.039	0.048	0.047	0.048	0.425	0.665	0.184	0.173	0.041	0.049	0.048	0.047	0.398	0.658	0.171	0.191	0.040	0.049	0.048	0.048	0.427	0.653	0.157	0.177	0.039	0.049	0.047
21:59:51	25.1	0.048	0.389	0.639	0.171	0.146	0.040	0.048	0.049	0.048	0.447	0.668	0.174	0.174	0.040	0.048	0.047	0.048	0.403	0.655	0.183	0.176	0.040	0.048	0.047	0.048	0.424	0.664	0.187	0.174	0.041	0.049	0.048	0.047	0.395	0.658	0.175	0.192	0.040	0.049	0.048	0.048	0.427	0.653	0.161	0.180	0.039	0.049	0.047
22:15:34	25.1	0.048	0.390	0.638	0.173	0.154	0.040	0.048	0.049	0.048	0.450	0.667	0.178	0.180	0.040	0.048	0.047	0.048	0.403	0.657	0.187	0.179	0.039	0.048	0.047	0.048	0.424	0.664	0.192	0.180	0.041	0.049	0.048	0.047	0.397	0.661	0.179	0.197	0.040	0.049	0.048	0.048	0.429	0.654	0.166	0.182	0.039	0.049	0.047
22:31:17	25.1	0.048	0.387	0.636	0.177	0.160	0.040	0.048	0.049	0.048	0.451	0.669	0.183	0.183	0.039	0.048	0.047	0.048	0.404	0.657	0.191	0.183	0.039	0.048	0.047	0.048	0.425	0.666	0.196	0.185	0.040	0.049	0.048	0.047	0.399	0.663	0.185	0.198	0.040	0.049	0.048	0.048	0.428	0.657	0.170	0.186	0.039	0.049	0.047
22:46:59	25.1	0.048	0.387	0.636	0.180	0.165	0.040	0.048	0.049	0.048	0.452	0.666	0.188	0.187	0.040	0.048	0.047	0.048	0.405	0.658	0.195	0.186	0.040	0.048	0.047	0.048	0.427	0.666	0.201	0.189	0.041	0.049	0.048	0.047	0.401	0.667	0.188	0.201	0.040	0.049	0.048	0.048	0.429	0.660	0.175	0.189	0.039	0.049	0.047
23:02:42	25.1	0.048	0.385	0.633	0.183	0.169	0.040	0.048	0.049	0.048	0.454	0.669	0.192	0.190	0.040	0.048	0.047	0.048	0.406	0.659	0.198	0.190	0.040	0.048	0.047	0.048	0.429	0.668	0.205	0.193	0.041	0.049	0.048	0.047	0.401	0.670	0.193	0.204	0.040	0.049	0.048	0.048	0.430	0.661	0.180	0.192	0.039	0.049	0.047
23:18:25	25.0	0.048	0.385	0.637	0.191	0.173	0.040	0.048	0.049	0.048	0.459	0.672	0.195	0.195	0.040	0.048	0.047	0.048	0.413	0.663	0.201	0.194	0.040	0.048	0.047	0.048	0.432	0.670	0.207	0.196	0.041	0.049	0.048	0.047	0.406	0.677	0.200	0.208	0.040	0.049	0.048	0.048	0.429	0.667	0.186	0.194	0.039	0.049	0.047
23:34:08	25.1	0.048	0.384	0.636	0.196	0.179	0.040	0.048	0.049	0.048	0.460	0.671	0.199	0.195	0.039	0.048	0.047	0.048	0.414	0.664	0.205	0.197	0.039	0.048	0.047	0.048	0.433	0.671	0.212	0.198	0.041	0.049	0.048	0.047	0.406	0.681	0.207	0.213	0.040	0.049	0.048	0.048	0.429	0.669	0.190	0.196	0.039	0.049	0.047
23:49:51	25.1	0.048	0.383	0.635	0.199	0.183	0.040	0.048	0.049	0.048	0.461	0.670	0.202	0.199	0.040	0.048	0.047	0.048	0.415	0.665	0.207	0.200	0.040	0.048	0.047	0.048	0.435	0.672	0.217	0.204	0.041	0.049	0.048	0.047	0.407	0.684	0.214	0.217	0.040	0.049	0.048	0.048	0.429	0.670	0.196	0.200	0.039	0.049	0.047
24:05:33	25.1	0.048	0.384	0.630	0.206	0.178	0.040	0.048	0.049	0.048	0.459	0.668	0.206	0.202	0.040	0.048	0.047	0.048	0.410	0.663	0.211	0.204	0.040	0.048	0.047	0.048	0.433	0.670	0.223	0.207	0.041	0.049	0.048	0.047	0.404	0.682	0.222	0.222	0.040	0.049	0.048	0.048	0.427	0.669	0.200	0.202	0.039	0.049	0.047
24:21:16	25.1	0.048	0.382	0.631	0.211	0.173	0.040	0.048	0.049	0.048	0.463	0.671	0.213	0.206	0.040	0.048	0.047	0.048	0.416	0.667	0.217	0.209	0.040	0.048	0.047	0.048	0.437	0.673	0.231	0.213	0.041	0.049	0.048	0.047	0.407	0.690	0.232	0.226	0.040	0.049	0.048	0.048	0.428	0.674	0.204	0.207	0.039	0.049	0.047
24:36:59	25.0	0.048	0.380	0.629	0.217	0.168	0.040	0.048	0.049	0.048	0.464	0.669	0.218	0.209	0.040	0.048	0.047	0.048	0.417	0.667	0.222	0.213	0.040	0.048	0.047	0.048	0.439	0.676	0.238	0.217	0.041	0.049	0.048	0.047	0.408	0.694	0.241	0.231	0.040	0.049	0.048	0.048	0.428	0.675	0.211	0.211	0.039	0.049	0.047
24:52:42	25.0	0.048	0.381	0.625	0.220	0.163	0.040	0.048	0.049	0.048	0.461	0.667	0.224	0.214	0.039	0.048	0.047	0.048	0.414	0.664	0.228	0.218	0.040	0.048	0.047	0.048	0.435	0.673	0.246	0.221	0.041	0.049	0.048	0.047	0.405	0.691	0.249	0.236	0.040	0.049	0.048	0.048	0.424	0.674	0.218	0.214	0.039	0.049	0.047
25:08:25	25.0	0.048	0.381	0.622	0.223	0.159	0.040	0.048	0.049	0.048	0.462	0.666	0.230	0.218	0.039	0.048	0.047	0.048	0.414	0.664	0.234	0.223	0.039	0.048	0.047	0.048	0.439	0.675	0.255	0.226	0.040	0.049	0.048	0.047	0.406	0.694	0.260	0.239	0.040	0.049	0.048	0.048	0.426	0.677	0.224	0.219	0.039	0.049	0.047
25:24:08	25.0	0.048	0.378	0.623	0.228	0.157	0.040	0.048	0.049	0.048	0.467	0.670	0.239	0.222	0.040	0.048	0.047	0.048	0.421	0.671	0.243	0.227	0.040	0.048	0.047	0.048	0.440	0.679	0.264	0.232	0.041	0.049	0.048	0.047	0.410	0.701	0.270	0.245	0.040	0.049	0.048	0.048	0.424	0.680	0.232	0.223	0.039	0.049	0.047
25:39:50	25.0	0.048	0.376	0.623	0.234	0.154	0.040	0.048	0.049	0.048	0.468	0.671	0.246	0.227	0.040	0.048	0.047	0.048	0.420	0.670	0.250	0.232	0.039	0.048	0.047	0.048	0.442	0.679	0.274	0.237	0.041	0.049	0.048	0.047	0.409	0.704	0.280	0.250	0.040	0.049	0.048	0.048	0.423	0.681	0.241	0.227	0.039	0.049	0.047
25:55:33	25.0	0.048	0.375	0.619	0.239	0.153	0.040	0.048	0.049	0.048	0.469	0.669	0.254	0.230	0.039	0.048	0.047	0.048	0.421	0.671	0.258	0.238	0.039	0.048	0.047	0.048	0.442	0.679	0.283	0.241	0.040	0.049	0.048	0.047	0.412	0.708	0.291	0.255	0.040	0.049	0.048	0.048	0.421	0.683	0.251	0.231	0.039	0.049	0.047
26:11:16	25.0	0.048	0.378	0.617	0.245	0.152	0.040	0.048	0.049	0.048	0.466	0.667	0.262	0.233	0.040	0.048	0.047	0.048	0.416	0.668	0.266	0.240	0.040	0.048	0.047	0.048	0.441	0.679	0.292	0.247	0.041	0.049	0.048	0.047	0.409	0.704	0.300	0.261	0.040	0.049	0.048	0.048	0.420	0.681	0.259	0.236	0.039	0.049	0.047
26:26:59	25.0	0.048	0.376	0.615	0.252	0.150	0.039	0.048	0.049	0.048	0.467	0.668	0.270	0.236	0.039	0.048	0.047	0.048	0.416	0.669	0.274	0.244	0.039	0.048	0.047	0.048	0.440	0.678	0.301	0.251	0.040	0.049	0.048	0.047	0.409	0.706	0.307	0.266	0.040	0.049	0.048	0.048	0.418	0.683	0.268	0.240	0.039	0.049	0.047
26:42:42	25.0	0.048	0.373	0.617	0.257	0.150	0.040	0.048	0.049	0.048	0.471	0.671	0.277	0.238	0.039	0.048	0.047	0.048	0.422	0.675	0.283	0.248	0.039	0.048	0.047	0.048	0.443	0.683	0.308	0.256	0.041	0.049	0.048	0.047	0.412	0.714	0.316	0.272	0.040	0.049	0.048	0.048	0.419	0.685	0.278	0.246	0.039	0.049	0.047
26:58:24	25.0	0.048	0.369	0.616	0.265	0.147	0.040	0.048	0.049	0.048	0.473	0.672	0.286	0.244	0.040	0.048	0.047	0.048	0.422	0.675	0.290	0.253	0.039	0.048	0.047	0.048	0.445	0.685	0.317	0.261	0.041	0.049	0.048	0.047	0.412	0.716	0.324	0.278	0.040	0.049	0.048	0.048	0.416	0.688	0.287	0.250	0.039	0.049	0.047
27:14:07	25.0	0.048	0.368	0.616	0.272	0.145	0.040	0.048	0.049	0.048	0.474	0.673	0.291	0.246	0.039	0.048	0.047	0.048	0.422	0.677	0.298	0.257	0.039	0.048	0.047	0.048	0.444	0.685	0.324	0.265	0.041	0.049	0.048	0.047	0.411	0.720	0.331	0.285	0.040	0.049	0.048	0.048	0.414	0.688	0.294	0.255	0.039	0.049	0.047
27:29:50	25.1	0.048	0.366	0.614	0.278	0.144	0.040	0.048	0.049	0.048	0.475	0.674	0.297	0.249	0.039	0.048	0.047	0.048	0.422	0.678	0.305	0.261	0.039	0.048	0.047	0.048	0.445	0.687	0.332	0.270	0.041	0.049	0.048	0.047	0.413	0.723	0.337	0.291	0.040	0.049	0.048	0.048	0.414	0.689	0.304	0.260	0.039	0.049	0.047
27:45:33	25.1	0.048	0.362	0.613	0.286	0.142	0.040	0.048	0.049	0.048	0.476	0.675	0.301	0.253	0.039	0.048	0.047	0.048	0.424	0.679	0.312	0.266	0.039	0.048	0.047	0.048	0.445	0.689	0.337	0.274	0.040	0.049	0.048	0.047	0.414	0.723	0.343	0.298	0.040	0.049	0.048	0.048	0.412	0.690	0.311	0.266	0.039	0.049	0.047
28:01:16	25.1	0.048	0.362	0.613	0.294	0.140	0.040	0.048	0.049	0.048	0.476	0.673	0.305	0.256	0.039	0.048	0.047	0.048	0.424	0.681	0.316	0.272	0.039	0.048	0.047	0.048	0.445	0.690	0.341	0.279	0.041	0.049	0.048	0.047	0.415	0.726	0.346	0.306	0.040	0.049	0.048	0.048	0.411	0.691	0.316	0.273	0.039	0.049	0.047
28:16:58	25.1	0.048	0.360	0.609	0.301	0.138	0.039	0.048	0.049	0.048	0.476	0.673	0.309	0.258	0.039	0.048	0.047	0.048	0.419	0.677	0.321	0.275	0.039	0.048	0.047	0.048	0.443	0.690	0.345	0.284	0.041	0.049	0.048	0.047	0.413	0.724	0.349	0.313	0.040	0.049	0.048	0.048	0.408	0.690	0.322	0.278	0.039	0.049	0.047
28:32:41	25.0	0.048	0.357	0.610	0.307	0.136	0.040	0.048	0.049	0.048	0.480	0.675	0.312	0.262	0.039	0.048	0.047	0.048	0.424	0.684	0.325	0.282	0.039	0.048	0.047	0.048	0.447	0.692	0.348	0.290	0.041	0.049	0.048	0.047	0.416	0.731	0.352	0.320	0.040	0.049	0.048	0.048	0.407	0.692	0.328	0.285	0.039	0.049	0.047
28:48:24	25.0	0.048	0.355	0.610	0.311	0.133	0.040	0.048	0.049	0.048	0.480	0.677	0.314	0.264	0.039	0.048	0.047	0.048	0.425	0.686	0.328	0.286	0.039	0.048	0.047	0.048	0.447	0.695	0.351	0.295	0.041	0.049	0.048	0.047	0.415	0.733	0.355	0.329	0.040	0.049	0.048	0.048	0.405	0.692	0.330	0.292	0.039	0.049	0.047
29:04:07	25.0	0.048	0.350	0.610	0.317	0.132	0.040	0.048	0.049	0.048	0.481	0.680	0.317	0.267	0.040	0.048	0.047	0.048	0.427	0.686	0.332	0.292	0.040	0.048	0.047	0.048	0.448	0.696	0.353	0.300	0.041	0.049	0.048	0.047	0.417	0.733	0.357	0.336	0.040	0.049	0.048	0.048	0.404	0.694	0.335	0.299	0.039	0.049	0.047
29:19:50	25.1	0.048	0.347	0.611	0.320	0.130	0.040	0.048	0.049	0.048	0.482	0.681	0.318	0.269	0.039	0.048	0.047	0.048	0.426	0.690	0.334	0.297	0.039	0.048	0.047	0.048	0.448	0.698	0.354	0.307	0.041	0.049	0.048	0.047	0.417	0.735	0.358	0.344	0.040	0.049	0.048	0.048	0.401	0.693	0.335	0.306	0.039	0.049	0.047
29:35:33	25.1	0.048	0.345	0.612	0.323	0.128	0.039	0.048	0.049	0.048	0.485	0.681	0.318	0.272	0.039	0.048	0.047	0.048	0.427	0.689	0.336	0.303	0.039	0.048	0.047	0.048	0.450	0.700	0.356	0.312	0.041	0.049	0.048	0.047	0.417	0.738	0.359	0.351	0.040	0.049	0.048	0.048	0.400	0.693	0.337	0.314	0.039	0.049	0.047
29:51:15	25.1	0.048	0.341	0.609	0.327	0.126	0.039	0.048	0.049	0.048	0.485	0.681	0.318	0.275	0.040	0.048	0.047	0.048	0.420	0.686	0.335	0.308	0.039	0.048	0.047	0.048	0.447	0.697	0.357	0.318	0.040	0.049	0.048	0.047	0.419	0.736	0.358	0.359	0.040	0.049	0.048	0.048	0.396	0.693	0.339	0.322	0.039	0.049	0.047
30:06:58	25.1	0.048	0.341	0.610	0.325	0.125	0.039	0.048	0.049	0.048	0.486	0.685	0.320	0.278	0.039	0.048	0.047	0.048	0.427	0.690	0.337	0.314	0.039	0.048	0.047	0.048	0.451	0.701	0.357	0.324	0.041	0.049	0.048	0.047	0.419	0.742	0.359	0.367	0.040	0.049	0.048	0.048	0.396	0.695	0.338	0.329	0.039	0.049	0.047
30:22:41	25.1	0.048	0.339	0.611	0.326	0.124	0.039	0.048	0.049	0.048	0.488	0.687	0.320	0.281	0.039	0.048	0.047	0.048	0.427	0.690	0.338	0.320	0.039	0.048	0.047	0.048	0.452	0.701	0.357	0.330	0.040	0.049	0.048	0.047	0.420	0.744	0.360	0.374	0.040	0.049	0.048	0.048	0.394	0.695	0.338	0.337	0.039	0.049	0.047
30:38:24	25.1	0.048	0.337	0.611	0.324	0.122	0.039	0.048	0.049	0.048	0.491	0.689	0.319	0.285	0.039	0.048	0.047	0.048	0.428	0.689	0.337	0.325	0.039	0.048	0.047	0.048	0.454	0.702	0.356	0.336	0.040	0.049	0.048	0.047	0.421	0.744	0.359	0.383	0.040	0.049	0.048	0.048	0.393	0.695	0.339	0.344	0.039	0.049	0.047
30:54:07	25.0	0.048	0.335	0.612	0.326	0.121	0.039	0.048	0.049	0.048	0.491	0.691	0.317	0.289	0.039	0.048	0.047	0.048	0.428	0.691	0.337	0.330	0.039	0.048	0.047	0.048	0.453	0.702	0.357	0.341	0.041	0.049	0.048	0.047	0.422	0.746	0.360	0.390	0.040	0.049	0.048	0.048	0.391	0.696	0.338	0.354	0.039	0.049	0.047
31:09:50	25.0	0.048	0.335	0.612	0.324	0.120	0.039	0.048	0.049	0.048	0.492	0.692	0.317	0.293	0.040	0.048	0.047	0.048	0.429	0.690	0.338	0.337	0.039	0.048	0.047	0.048	0.454	0.702	0.357	0.347	0.041	0.049	0.048	0.047	0.422	0.746	0.357	0.401	0.040	0.049	0.048	0.048	0.389	0.694	0.338	0.363	0.039	0.049	0.047
31:25:32	25.0	0.048	0.332	0.613	0.324	0.120	0.039	0.048	0.049	0.048	0.494	0.695	0.317	0.296	0.039	0.048	0.047	0.048	0.430	0.691	0.339	0.342	0.039	0.048	0.047	0.048	0.457	0.702	0.356	0.352	0.041	0.049	0.048	0.047	0.423	0.747	0.357	0.409	0.040	0.049	0.048	0.048	0.388	0.694	0.337	0.373	0.039	0.049	0.047
31:41:15	25.1	0.048	0.330	0.612	0.323	0.118	0.039	0.048	0.049	0.048	0.495	0.696	0.316	0.299	0.039	0.048	0.047	0.048	0.432	0.692	0.336	0.345	0.039	0.048	0.047	0.048	0.458	0.704	0.356	0.358	0.040	0.049	0.048	0.047	0.425	0.747	0.357	0.416	0.040	0.049	0.048	0.048	0.387	0.694	0.337	0.384	0.039	0.049	0.047
31:56:58	25.1	0.048	0.330	0.614	0.324	0.118	0.039	0.048	0.049	0.048	0.498	0.700	0.316	0.304	0.039	0.048	0.047	0.048	0.433	0.693	0.336	0.350	0.039	0.048	0.047	0.048	0.458	0.704	0.354	0.362	0.041	0.049	0.048	0.047	0.424	0.746	0.358	0.423	0.040	0.049	0.048	0.048	0.386	0.693	0.337	0.392	0.039	0.049	0.047
32:12:41	25.1	0.048	0.327	0.613	0.322	0.118	0.039	0.048	0.049	0.048	0.498	0.701	0.314	0.306	0.039	0.048	0.047	0.048	0.433	0.693	0.335	0.355	0.039	0.048	0.047	0.048	0.459	0.706	0.354	0.367	0.041	0.049	0.048	0.047	0.426	0.747	0.357	0.429	0.040	0.049	0.048	0.048	0.386	0.691	0.336	0.398	0.039	0.049	0.047
32:28:24	25.1	0.048	0.325	0.614	0.319	0.117	0.039	0.048	0.049	0.048	0.499	0.704	0.314	0.310	0.039	0.048	0.047	0.048	0.434	0.695	0.335	0.360	0.039	0.048	0.047	0.048	0.460	0.706	0.354	0.372	0.040	0.049	0.048	0.047	0.426	0.746	0.356	0.434	0.040	0.049	0.048	0.048	0.384	0.690	0.336	0.403	0.039	0.049	0.047
32:44:07	25.0	0.048	0.320	0.616	0.320	0.117	0.039	0.048	0.049	0.048	0.501	0.704	0.314	0.315	0.039	0.048	0.047	0.048	0.431	0.691	0.331	0.363	0.039	0.048	0.047	0.048	0.459	0.705	0.353	0.377	0.040	0.049	0.048	0.047	0.424	0.741	0.355	0.437	0.040	0.049	0.048	0.048	0.382	0.687	0.335	0.406	0.039	0.049	0.047
32:59:50	25.0	0.048	0.323	0.613	0.317	0.117	0.039	0.048	0.049	0.048	0.502	0.707	0.309	0.319	0.039	0.048	0.047	0.048	0.437	0.697	0.331	0.367	0.039	0.048	0.047	0.048	0.463	0.709	0.351	0.382	0.041	0.049	0.048	0.047	0.428	0.747	0.355	0.441	0.040	0.049	0.048	0.048	0.383	0.685	0.334	0.410	0.039	0.049	0.047
33:15:32	25.0	0.048	0.321	0.614	0.316	0.116	0.039	0.048	0.049	0.048	0.504	0.711	0.309	0.323	0.039	0.048	0.047	0.048	0.439	0.698	0.330	0.370	0.039	0.048	0.047	0.048	0.465	0.710	0.351	0.384	0.040	0.049	0.048	0.047	0.428	0.745	0.355	0.445	0.040	0.049	0.048	0.048	0.381	0.685	0.334	0.412	0.039	0.049	0.047
33:31:15	25.1	0.048	0.321	0.614	0.314	0.117	0.039	0.048	0.049	0.048	0.506	0.713	0.308	0.328	0.039	0.048	0.047	0.048	0.440	0.699	0.330	0.371	0.039	0.048	0.047	0.048	0.466	0.711	0.350	0.386	0.040	0.049	0.048	0.047	0.428	0.747	0.355	0.448	0.040	0.049	0.048	0.048	0.381	0.683	0.334	0.414	0.039	0.049	0.047
33:46:58	25.1	0.048	0.320	0.614	0.313	0.117	0.039	0.048	0.049	0.048	0.508	0.714	0.307	0.331	0.039	0.048	0.047	0.048	0.440	0.700	0.329	0.373	0.039	0.048	0.047	0.048	0.468	0.713	0.350	0.388	0.041	0.049	0.048	0.047	0.429	0.747	0.354	0.451	0.040	0.049	0.048	0.048	0.381	0.683	0.332	0.418	0.039	0.049	0.047
34:02:41	25.1	0.048	0.319	0.613	0.312	0.117	0.039	0.048	0.049	0.048	0.510	0.715	0.306	0.336	0.039	0.048	0.047	0.048	0.442	0.700	0.329	0.375	0.039	0.048	0.047	0.048	0.469	0.713	0.349	0.388	0.040	0.049	0.048	0.047	0.430	0.748	0.353	0.454	0.040	0.049	0.048	0.048	0.381	0.682	0.331	0.420	0.039	0.049	0.047
34:18:24	25.1	0.048	0.318	0.613	0.311	0.117	0.039	0.048	0.049	0.048	0.513	0.721	0.305	0.340	0.039	0.048	0.047	0.048	0.443	0.702	0.328	0.375	0.039	0.048	0.047	0.048	0.470	0.713	0.348	0.388	0.041	0.049	0.048	0.047	0.431	0.748	0.354	0.457	0.040	0.049	0.048	0.048	0.382	0.680	0.331	0.422	0.039	0.049	0.047
34:34:07	25.1	0.048	0.321	0.612	0.309	0.117	0.039	0.048	0.049	0.048	0.513	0.720	0.305	0.343	0.039	0.048	0.047	0.048	0.444	0.703	0.327	0.375	0.039	0.048	0.047	0.048	0.472	0.716	0.348	0.390	0.040	0.049	0.048	0.047	0.432	0.748	0.352	0.460	0.040	0.049	0.048	0.048	0.382	0.678	0.330	0.423	0.039	0.049	0.047
34:49:49	25.0	0.048	0.316	0.612	0.309	0.118	0.039	0.048	0.049	0.048	0.517	0.719	0.305	0.347	0.039	0.048	0.047	0.048	0.441	0.700	0.326	0.375	0.039	0.048	0.047	0.048	0.472	0.714	0.346	0.390	0.040	0.049	0.048	0.047	0.431	0.743	0.351	0.462	0.040	0.049	0.048	0.048	0.380	0.676	0.329	0.424	0.039	0.049	0.047
35:05:32	25.0	0.048	0.315	0.611	0.309	0.118	0.039	0.048	0.049	0.048	0.518	0.721	0.304	0.351	0.039	0.048	0.047	0.048	0.443	0.701	0.325	0.375	0.039	0.048	0.047	0.048	0.473	0.715	0.346	0.392	0.040	0.049	0.048	0.047	0.434	0.744	0.350	0.464	0.040	0.049	0.048	0.048	0.379	0.675	0.330	0.426	0.039	0.049	0.047
35:21:15	25.0	0.048	0.321	0.607	0.305	0.118	0.039	0.048	0.049	0.048	0.517	0.724	0.303	0.353	0.039	0.048	0.047	0.048	0.448	0.706	0.325	0.376	0.039	0.048	0.047	0.048	0.476	0.719	0.345	0.393	0.040	0.049	0.048	0.047	0.437	0.750	0.351	0.469	0.040	0.049	0.048	0.048	0.381	0.674	0.328	0.426	0.039	0.049	0.047
35:36:58	25.1	0.048	0.317	0.605	0.304	0.119	0.039	0.048	0.049	0.048	0.517	0.721	0.302	0.358	0.039	0.048	0.047	0.048	0.445	0.704	0.325	0.376	0.039	0.048	0.047	0.048	0.476	0.717	0.346	0.393	0.040	0.049	0.048	0.047	0.437	0.745	0.350	0.470	0.040	0.049	0.048	0.048	0.380	0.672	0.328	0.427	0.039	0.049	0.047
35:52:40	25.1	0.048	0.318	0.602	0.304	0.119	0.039	0.048	0.049	0.048	0.519	0.723	0.302	0.361	0.039	0.048	0.047	0.048	0.446	0.704	0.324	0.378	0.039	0.048	0.047	0.048	0.477	0.719	0.344	0.395	0.040	0.049	0.048	0.047	0.437	0.746	0.349	0.472	0.040	0.049	0.048	0.048	0.379	0.673	0.328	0.428	0.039	0.049	0.047
36:08:23	25.1	0.048	0.318	0.599	0.302	0.120	0.039	0.048	0.049	0.048	0.520	0.723	0.301	0.364	0.039	0.048	0.047	0.048	0.448	0.704	0.322	0.377	0.039	0.048	0.047	0.048	0.481	0.722	0.344	0.396	0.040	0.049	0.048	0.047	0.437	0.746	0.348	0.475	0.040	0.049	0.048	0.048	0.378	0.670	0.328	0.428	0.039	0.049	0.047
36:24:06	25.1	0.048	0.326	0.597	0.301	0.120	0.039	0.048	0.049	0.048	0.518	0.721	0.300	0.367	0.039	0.048	0.047	0.048	0.447	0.702	0.322	0.377	0.039	0.048	0.047	0.048	0.478	0.719	0.342	0.396	0.041	0.049	0.048	0.047	0.436	0.741	0.348	0.476	0.040	0.049	0.048	0.048	0.378	0.668	0.326	0.429	0.039	0.049	0.047
36:39:49	25.0	0.048	0.326	0.594	0.297	0.121	0.039	0.048	0.049	0.048	0.520	0.729	0.298	0.369	0.039	0.048	0.047	0.048	0.456	0.710	0.322	0.380	0.039	0.048	0.047	0.048	0.485	0.725	0.342	0.397	0.040	0.049	0.048	0.047	0.440	0.750	0.350	0.479	0.040	0.049	0.048	0.048	0.380	0.666	0.324	0.428	0.039	0.049	0.047
36:55:31	25.0	0.048	0.327	0.593	0.296	0.122	0.039	0.048	0.049	0.048	0.520	0.728	0.298	0.371	0.039	0.048	0.047	0.048	0.457	0.713	0.322	0.380	0.039	0.048	0.047	0.048	0.489	0.725	0.341	0.398	0.041	0.049	0.048	0.047	0.441	0.751	0.349	0.482	0.040	0.049	0.048	0.048	0.380	0.664	0.324	0.428	0.039	0.049	0.047
37:11:14	25.0	0.048	0.324	0.589	0.296	0.123	0.039	0.048	0.049	0.048	0.521	0.727	0.296	0.373	0.039	0.048	0.047	0.048	0.455	0.708	0.321	0.381	0.039	0.048	0.047	0.048	0.489	0.723	0.341	0.399	0.041	0.049	0.048	0.047	0.440	0.745	0.348	0.482	0.040	0.049	0.048	0.048	0.378	0.664	0.324	0.429	0.039	0.049	0.047
37:26:57	25.1	0.048	0.328	0.588	0.289	0.124	0.039	0.048	0.049	0.048	0.520	0.730	0.297	0.374	0.039	0.048	0.047	0.048	0.460	0.713	0.320	0.381	0.039	0.048	0.047	0.048	0.492	0.726	0.339	0.400	0.041	0.049	0.048	0.047	0.440	0.752	0.347	0.485	0.040	0.049	0.048	0.048	0.380	0.662	0.322	0.428	0.039	0.049	0.047
37:42:40	25.1	0.048	0.329	0.584	0.286	0.125	0.039	0.048	0.049	0.048	0.519	0.731	0.296	0.375	0.039	0.048	0.047	0.048	0.462	0.714	0.320	0.382	0.039	0.048	0.047	0.048	0.496	0.728	0.340	0.402	0.041	0.049	0.048	0.047	0.442	0.753	0.347	0.487	0.040	0.049	0.048	0.048	0.381	0.660	0.321	0.428	0.039	0.049	0.047
37:58:23	25.1	0.048	0.331	0.583	0.288	0.126	0.039	0.048	0.049	0.048	0.518	0.727	0.295	0.375	0.039	0.048	0.047	0.048	0.457	0.706	0.319	0.384	0.039	0.048	0.047	0.048	0.491	0.723	0.338	0.404	0.040	0.049	0.048	0.047	0.440	0.743	0.346	0.486	0.040	0.049	0.048	0.048	0.378	0.657	0.322	0.430	0.039	0.049	0.047
38:14:06	25.1	0.048	0.331	0.580	0.285	0.127	0.039	0.048	0.049	0.048	0.519	0.732	0.294	0.375	0.039	0.048	0.047	0.048	0.467	0.714	0.319	0.385	0.039	0.048	0.047	0.048	0.500	0.727	0.338	0.406	0.040	0.049	0.048	0.047	0.443	0.753	0.347	0.489	0.040	0.049	0.048	0.048	0.382	0.654	0.320	0.428	0.039	0.049	0.047
38:29:48	25.0	0.048	0.332	0.578	0.282	0.129	0.039	0.048	0.049	0.048	0.520	0.733	0.293	0.377	0.039	0.048	0.047	0.048	0.468	0.715	0.320	0.387	0.039	0.048	0.047	0.048	0.503	0.729	0.337	0.408	0.040	0.049	0.048	0.047	0.443	0.752	0.346	0.491	0.040	0.049	0.048	0.048	0.382	0.652	0.318	0.427	0.039	0.049	0.047
38:45:31	25.0	0.048	0.332	0.576	0.283	0.130	0.039	0.048	0.049	0.048	0.519	0.734	0.292	0.377	0.039	0.048	0.047	0.048	0.471	0.715	0.320	0.388	0.039	0.048	0.047	0.048	0.505	0.731	0.337	0.409	0.040	0.049	0.048	0.047	0.443	0.753	0.346	0.492	0.040	0.049	0.048	0.048	0.383	0.648	0.317	0.427	0.039	0.049	0.047
39:01:14	25.0	0.048	0.332	0.573	0.280	0.131	0.039	0.048	0.049	0.048	0.518	0.734	0.291	0.376	0.039	0.048	0.047	0.048	0.472	0.716	0.318	0.391	0.039	0.048	0.047	0.048	0.508	0.732	0.335	0.413	0.040	0.049	0.048	0.047	0.443	0.753	0.345	0.493	0.040	0.049	0.048	0.048	0.383	0.647	0.317	0.426	0.039	0.049	0.047
39:16:57	25.1	0.048	0.329	0.568	0.282	0.133	0.039	0.048	0.049	0.048	0.518	0.733	0.290	0.375	0.039	0.048	0.047	0.048	0.471	0.714	0.316	0.392	0.039	0.048	0.047	0.048	0.507	0.730	0.335	0.416	0.040	0.049	0.048	0.047	0.441	0.748	0.343	0.494	0.040	0.049	0.048	0.048	0.382	0.644	0.316	0.426	0.039	0.049	0.047
39:32:39	25.1	0.048	0.331	0.568	0.277	0.135	0.039	0.048	0.049	0.048	0.518	0.736	0.289	0.376	0.039	0.048	0.047	0.048	0.477	0.718	0.315	0.394	0.039	0.048	0.047	0.048	0.510	0.732	0.333	0.417	0.041	0.049	0.048	0.047	0.444	0.753	0.343	0.495	0.040	0.049	0.048	0.048	0.384	0.640	0.316	0.426	0.039	0.049	0.047
39:48:22	25.1	0.048	0.332	0.565	0.275	0.136	0.039	0.048	0.049	0.048	0.518	0.736	0.294	0.376	0.039	0.048	0.047	0.048	0.478	0.717	0.315	0.398	0.039	0.048	0.047	0.048	0.512	0.734	0.334	0.421	0.040	0.049	0.048	0.047	0.443	0.754	0.343	0.497	0.040	0.049	0.048	0.048	0.385	0.637	0.313	0.424	0.039	0.049	0.047
40:04:05	25.1	0.048	0.333	0.562	0.275	0.138	0.039	0.048	0.049	0.048	0.517	0.737	0.288	0.376	0.039	0.048	0.047	0.048	0.479	0.718	0.314	0.399	0.039	0.048	0.047	0.048	0.515	0.736	0.333	0.424	0.040	0.049	0.048	0.047	0.443	0.754	0.343	0.498	0.040	0.049	0.048	0.048	0.385	0.632	0.313	0.424	0.039	0.049	0.047
40:19:48	25.0	0.048	0.333	0.560	0.273	0.140	0.039	0.048	0.049	0.048	0.517	0.737	0.286	0.375	0.039	0.048	0.047	0.048	0.479	0.721	0.314	0.402	0.039	0.048	0.047	0.048	0.515	0.733	0.332	0.426	0.040	0.049	0.048	0.047	0.444	0.755	0.342	0.499	0.040	0.049	0.048	0.048	0.385	0.630	0.312	0.423	0.039	0.049	0.047
40:35:31	25.0	0.048	0.333	0.558	0.272	0.142	0.039	0.048	0.049	0.048	0.516	0.738	0.286	0.376	0.039	0.048	0.047	0.048	0.479	0.719	0.313	0.404	0.039	0.048	0.047	0.048	0.517	0.737	0.332	0.429	0.040	0.049	0.048	0.047	0.444	0.755	0.341	0.500	0.040	0.049	0.048	0.048	0.385	0.625	0.312	0.422	0.039	0.049	0.047
40:51:14	25.0	0.048	0.332	0.555	0.272	0.144	0.039	0.048	0.049	0.048	0.515	0.739	0.285	0.377	0.039	0.048	0.047	0.048	0.481	0.720	0.311	0.406	0.039	0.048	0.047	0.048	0.518	0.735	0.330	0.430	0.040	0.049	0.048	0.047	0.444	0.753	0.340	0.499	0.040	0.049	0.048	0.048	0.386	0.622	0.310	0.421	0.039	0.049	0.047
41:06:57	25.1	0.048	0.333	0.552	0.269	0.146	0.039	0.048	0.049	0.048	0.514	0.739	0.285	0.376	0.039	0.048	0.047	0.048	0.481	0.721	0.311	0.409	0.039	0.048	0.047	0.048	0.520	0.735	0.330	0.433	0.040	0.049	0.048	0.047	0.445	0.754	0.341	0.500	0.040	0.049	0.048	0.048	0.386	0.618	0.309	0.420	0.039	0.049	0.047
41:22:40	25.1	0.048	0.333	0.549	0.269	0.149	0.039	0.048	0.049	0.048	0.513	0.740	0.285	0.378	0.039	0.048	0.047	0.048	0.483	0.720	0.311	0.410	0.039	0.048	0.047	0.048	0.523	0.737	0.329	0.435	0.041	0.049	0.048	0.047	0.445	0.754	0.339	0.500	0.040	0.049	0.048	0.048	0.387	0.615	0.306	0.419	0.039	0.049	0.047
41:38:22	25.1	0.048	0.330	0.546	0.267	0.150	0.039	0.048	0.049	0.048	0.511	0.737	0.283	0.378	0.039	0.048	0.047	0.048	0.480	0.718	0.310	0.412	0.039	0.048	0.047	0.048	0.521	0.734	0.329	0.435	0.040	0.049	0.048	0.047	0.443	0.748	0.337	0.499	0.040	0.049	0.048	0.048	0.385	0.608	0.306	0.418	0.039	0.049	0.047
41:54:05	25.1	0.048	0.330	0.543	0.266	0.153	0.039	0.048	0.049	0.048	0.510	0.738	0.283	0.379	0.039	0.048	0.047	0.048	0.482	0.718	0.308	0.413	0.039	0.048	0.047	0.048	0.524	0.735	0.327	0.438	0.040	0.049	0.048	0.047	0.444	0.749	0.336	0.500	0.040	0.049	0.048	0.048	0.386	0.605	0.305	0.416	0.039	0.049	0.047
42:09:48	25.0	0.048	0.330	0.541	0.265	0.155	0.039	0.048	0.049	0.048	0.508	0.738	0.282	0.380	0.039	0.048	0.047	0.048	0.481	0.718	0.308	0.416	0.039	0.048	0.047	0.048	0.522	0.736	0.325	0.438	0.040	0.049	0.048	0.047	0.445	0.748	0.335	0.500	0.040	0.049	0.048	0.048	0.386	0.600	0.302	0.415	0.039	0.049	0.047
42:25:31	25.0	0.048	0.330	0.539	0.264	0.158	0.039	0.048	0.049	0.048	0.507	0.739	0.280	0.381	0.039	0.048	0.047	0.048	0.483	0.719	0.307	0.417	0.039	0.048	0.047	0.048	0.525	0.736	0.325	0.440	0.040	0.049	0.048	0.047	0.445	0.748	0.334	0.500	0.040	0.049	0.048	0.048	0.386	0.595	0.302	0.414	0.039	0.049	0.047
42:41:14	25.0	0.048	0.330	0.538	0.262	0.159	0.039	0.048	0.049	0.048	0.505	0.741	0.279	0.382	0.039	0.048	0.047	0.048	0.487	0.722	0.307	0.419	0.039	0.048	0.047	0.048	0.528	0.738	0.323	0.443	0.040	0.049	0.048	0.047	0.446	0.752	0.334	0.501	0.040	0.049	0.048	0.048	0.388	0.593	0.300	0.412	0.039	0.049	0.047
42:56:57	25.1	0.048	0.330	0.536	0.261	0.162	0.039	0.048	0.049	0.048	0.503	0.742	0.278	0.384	0.039	0.048	0.047	0.048	0.488	0.723	0.306	0.422	0.039	0.048	0.047	0.048	0.530	0.741	0.325	0.444	0.040	0.049	0.048	0.047	0.447	0.753	0.334	0.501	0.040	0.049	0.048	0.048	0.388	0.590	0.298	0.410	0.039	0.049	0.047
43:12:39	25.1	0.048	0.329	0.534	0.261	0.164	0.039	0.048	0.049	0.048	0.499	0.737	0.277	0.384	0.039	0.048	0.047	0.048	0.483	0.714	0.305	0.422	0.039	0.048	0.047	0.048	0.528	0.737	0.323	0.444	0.040	0.049	0.048	0.047	0.445	0.744	0.332	0.499	0.040	0.049	0.048	0.048	0.386	0.583	0.297	0.409	0.039	0.049	0.047
43:28:22	25.1	0.048	0.330	0.532	0.258	0.166	0.039	0.048	0.049	0.048	0.499	0.742	0.278	0.387	0.039	0.048	0.047	0.048	0.489	0.725	0.305	0.425	0.039	0.048	0.047	0.048	0.531	0.740	0.323	0.446	0.040	0.049	0.048	0.047	0.449	0.754	0.333	0.501	0.040	0.049	0.048	0.048	0.388	0.581	0.295	0.408	0.039	0.049	0.047
43:44:05	25.1	0.048	0.329	0.531	0.258	0.168	0.039	0.048	0.049	0.048	0.498	0.741	0.275	0.387	0.039	0.048	0.047	0.048	0.489	0.725	0.304	0.426	0.039	0.048	0.047	0.048	0.535	0.740	0.322	0.447	0.040	0.049	0.048	0.047	0.450	0.753	0.331	0.501	0.040	0.049	0.048	0.048	0.388	0.577	0.294	0.406	0.039	0.049	0.047
43:59:48	25.1	0.048	0.330	0.529	0.255	0.171	0.039	0.048	0.049	0.048	0.496	0.741	0.275	0.388	0.039	0.048	0.047	0.048	0.490	0.724	0.303	0.427	0.039	0.048	0.047	0.048	0.535	0.741	0.320	0.449	0.040	0.049	0.048	0.047	0.449	0.753	0.330	0.500	0.040	0.049	0.048	0.048	0.389	0.574	0.292	0.405	0.039	0.049	0.047
44:15:31	25.1	0.048	0.329	0.527	0.253	0.174	0.039	0.048	0.049	0.048	0.494	0.741	0.274	0.390	0.039	0.048	0.047	0.048	0.492	0.725	0.302	0.429	0.039	0.048	0.047	0.048	0.537	0.743	0.320	0.450	0.040	0.049	0.048	0.047	0.450	0.754	0.330	0.499	0.040	0.049	0.048	0.048	0.388	0.570	0.291	0.403	0.039	0.049	0.047
44:31:14	25.1	0.048	0.329	0.526	0.255	0.176	0.039	0.048	0.049	0.048	0.492	0.742	0.274	0.392	0.039	0.048	0.047	0.048	0.492	0.724	0.302	0.430	0.039	0.048	0.047	0.048	0.540	0.742	0.319	0.451	0.040	0.049	0.048	0.047	0.451	0.754	0.329	0.499	0.040	0.049	0.048	0.048	0.388	0.568	0.289	0.402	0.039	0.049	0.047
44:46:57	25.1	0.048	0.327	0.523	0.251	0.179	0.039	0.048	0.049	0.048	0.490	0.738	0.273	0.393	0.039	0.048	0.047	0.048	0.489	0.720	0.302	0.429	0.039	0.048	0.047	0.048	0.540	0.740	0.319	0.450	0.040	0.049	0.048	0.047	0.450	0.748	0.329	0.498	0.040	0.049	0.048	0.048	0.388	0.561	0.288	0.400	0.039	0.049	0.047
45:02:40	25.1	0.048	0.327	0.522	0.253	0.181	0.039	0.048	0.049	0.048	0.489	0.740	0.272	0.394	0.039	0.048	0.047	0.048	0.493	0.725	0.300	0.433	0.039	0.048	0.047	0.048	0.543	0.745	0.317	0.452	0.040	0.049	0.048	0.047	0.452	0.753	0.327	0.498	0.040	0.049	0.048	0.048	0.389	0.560	0.286	0.399	0.039	0.049	0.047
45:18:22	25.1	0.048	0.327	0.521	0.250	0.183	0.039	0.048	0.049	0.048	0.489	0.742	0.271	0.396	0.039	0.048	0.047	0.048	0.495	0.725	0.301	0.433	0.039	0.048	0.047	0.048	0.544	0.744	0.317	0.453	0.040	0.049	0.048	0.047	0.454	0.751	0.327	0.497	0.040	0.049	0.048	0.048	0.389	0.557	0.284	0.397	0.039	0.049	0.047
45:34:05	25.1	0.048	0.327	0.519	0.248	0.186	0.039	0.048	0.049	0.048	0.487	0.741	0.270	0.397	0.039	0.048	0.047	0.048	0.496	0.727	0.298	0.434	0.039	0.048	0.047	0.048	0.547	0.745	0.316	0.454	0.040	0.049	0.048	0.047	0.454	0.753	0.326	0.496	0.040	0.049	0.048	0.048	0.389	0.554	0.283	0.396	0.039	0.049	0.047
45:49:48	25.1	0.048	0.325	0.519	0.248	0.189	0.039	0.048	0.049	0.048	0.486	0.740	0.269	0.399	0.039	0.048	0.047	0.048	0.495	0.726	0.298	0.435	0.039	0.048	0.047	0.048	0.549	0.745	0.315	0.453	0.040	0.049	0.048	0.047	0.455	0.752	0.325	0.496	0.040	0.049	0.048	0.048	0.390	0.552	0.281	0.395	0.039	0.049	0.047
46:05:31	25.1	0.048	0.325	0.517	0.248	0.193	0.039	0.048	0.049	0.048	0.483	0.736	0.269	0.400	0.039	0.048	0.047	0.048	0.491	0.717	0.297	0.434	0.039	0.048	0.047	0.048	0.546	0.740	0.314	0.452	0.040	0.049	0.048	0.047	0.453	0.744	0.322	0.492	0.040	0.049	0.048	0.048	0.389	0.545	0.280	0.393	0.039	0.049	0.047
46:21:14	25.1	0.048	0.325	0.516	0.247	0.196	0.039	0.048	0.049	0.048	0.482	0.735	0.268	0.401	0.039	0.048	0.047	0.048	0.492	0.718	0.296	0.434	0.039	0.048	0.047	0.048	0.548	0.740	0.313	0.451	0.040	0.049	0.048	0.047	0.454	0.745	0.322	0.492	0.040	0.049	0.048	0.048	0.389	0.543	0.280	0.391	0.039	0.049	0.047
46:36:57	25.1	0.048	0.323	0.514	0.244	0.199	0.039	0.048	0.049	0.048	0.485	0.739	0.266	0.403	0.039	0.048	0.047	0.048	0.497	0.725	0.296	0.437	0.039	0.048	0.047	0.048	0.555	0.745	0.313	0.453	0.040	0.049	0.048	0.047	0.457	0.753	0.322	0.494	0.040	0.049	0.048	0.048	0.390	0.544	0.277	0.390	0.039	0.049	0.047
46:52:40	25.1	0.048	0.323	0.513	0.243	0.202	0.039	0.048	0.049	0.048	0.483	0.739	0.264	0.404	0.039	0.048	0.047	0.048	0.497	0.726	0.295	0.438	0.039	0.048	0.047	0.048	0.553	0.746	0.312	0.453	0.040	0.049	0.048	0.047	0.457	0.754	0.322	0.493	0.040	0.049	0.048	0.048	0.391	0.541	0.276	0.389	0.039	0.049	0.047
47:08:23	25.1	0.048	0.322	0.512	0.242	0.204	0.039	0.048	0.049	0.048	0.483	0.737	0.264	0.406	0.039	0.048	0.047	0.048	0.498	0.727	0.295	0.440	0.039	0.048	0.047	0.048	0.556	0.746	0.311	0.455	0.040	0.049	0.048	0.047	0.458	0.752	0.321	0.491	0.040	0.049	0.048	0.048	0.390	0.538	0.274	0.387	0.039	0.049	0.047
47:24:05	25.1	0.048	0.321	0.508	0.240	0.209	0.039	0.048	0.049	0.048	0.481	0.737	0.264	0.407	0.039	0.048	0.047	0.048	0.495	0.723	0.294	0.439	0.039	0.048	0.047	0.048	0.556	0.744	0.310	0.454	0.040	0.049	0.048	0.047	0.458	0.749	0.318	0.489	0.040	0.049	0.048	0.048	0.390	0.534	0.273	0.384	0.039	0.049	0.047
47:39:48	25.1	0.048	0.322	0.507	0.240	0.211	0.039	0.048	0.049	0.048	0.482	0.737	0.263	0.408	0.039	0.048	0.047	0.048	0.498	0.727	0.293	0.441	0.039	0.048	0.047	0.048	0.557	0.747	0.309	0.456	0.040	0.049	0.048	0.047	0.460	0.752	0.319	0.490	0.040	0.049	0.048	0.048	0.391	0.534	0.271	0.382	0.039	0.049	0.047
47:55:31	25.1	0.048	0.321	0.506	0.238	0.216	0.039	0.048	0.049	0.048	0.483	0.738	0.261	0.409	0.039	0.048	0.047	0.048	0.500	0.726	0.292	0.441	0.039	0.048	0.047	0.048	0.559	0.747	0.310	0.457	0.040	0.049	0.048	0.047	0.460	0.752	0.318	0.488	0.040	0.049	0.048	0.048	0.391	0.530	0.270	0.380	0.039	0.049	0.047
48:11:14	25.1	0.048	0.319	0.503	0.237	0.220	0.039	0.048	0.049	0.048	0.479	0.735	0.261	0.411	0.039	0.048	0.047	0.048	0.496	0.722	0.291	0.441	0.039	0.048	0.047	0.048	0.559	0.748	0.307	0.457	0.040	0.049	0.048	0.047	0.461	0.747	0.317	0.487	0.040	0.049	0.048	0.048	0.390	0.528	0.269	0.379	0.039	0.049	0.047
48:26:57	25.1	0.048	0.318	0.503	0.237	0.224	0.039	0.048	0.049	0.048	0.480	0.736	0.260	0.412	0.039	0.048	0.047	0.048	0.496	0.727	0.291	0.444	0.039	0.048	0.047	0.048	0.564	0.748	0.306	0.457	0.040	0.049	0.048	0.047	0.463	0.752	0.315	0.486	0.040	0.049	0.048	0.048	0.391	0.528	0.267	0.376	0.039	0.049	0.047
48:42:40	25.1	0.048	0.318	0.500	0.234	0.228	0.039	0.048	0.049	0.048	0.481	0.736	0.259	0.414	0.039	0.048	0.047	0.048	0.497	0.727	0.290	0.443	0.039	0.048	0.047	0.048	0.562	0.749	0.305	0.458	0.040	0.049	0.048	0.047	0.463	0.751	0.315	0.485	0.040	0.049	0.048	0.048	0.390	0.525	0.266	0.374	0.039	0.049	0.047
48:58:23	25.1	0.048	0.317	0.498	0.234	0.232	0.039	0.048	0.049	0.048	0.480	0.735	0.259	0.416	0.039	0.048	0.047	0.048	0.496	0.727	0.290	0.445	0.039	0.048	0.047	0.048	0.563	0.747	0.305	0.459	0.040	0.049	0.048	0.047	0.462	0.750	0.314	0.483	0.040	0.049	0.048	0.048	0.390	0.523	0.264	0.372	0.039	0.049	0.047
49:14:06	25.1	0.048	0.317	0.496	0.232	0.236	0.039	0.048	0.049	0.048	0.480	0.735	0.257	0.417	0.039	0.048	0.047	0.048	0.497	0.726	0.289	0.446	0.039	0.048	0.047	0.048	0.565	0.749	0.305	0.461	0.040	0.049	0.048	0.047	0.463	0.751	0.313	0.483	0.040	0.049	0.048	0.048	0.391	0.522	0.263	0.369	0.039	0.049	0.047
49:29:49	25.1	0.048	0.315	0.494	0.231	0.240	0.039	0.048	0.049	0.048	0.479	0.735	0.257	0.418	0.039	0.048	0.047	0.048	0.495	0.728	0.288	0.445	0.039	0.048	0.047	0.048	0.564	0.748	0.303	0.460	0.040	0.049	0.048	0.047	0.463	0.751	0.312	0.481	0.040	0.049	0.048	0.048	0.390	0.520	0.261	0.368	0.039	0.049	0.047
49:45:32	25.1	0.048	0.314	0.493	0.231	0.244	0.039	0.048	0.049	0.048	0.479	0.734	0.256	0.419	0.039	0.048	0.047	0.048	0.495	0.728	0.287	0.447	0.039	0.048	0.047	0.048	0.564	0.751	0.302	0.461	0.040	0.049	0.048	0.047	0.463	0.751	0.311	0.480	0.040	0.049	0.048	0.048	0.390	0.518	0.260	0.365	0.039	0.049	0.047
50:01:15	25.1	0.048	0.312	0.491	0.228	0.248	0.039	0.048	0.049	0.048	0.478	0.734	0.254	0.422	0.039	0.048	0.047	0.048	0.494	0.727	0.287	0.448	0.039	0.048	0.047	0.048	0.564	0.749	0.302	0.462	0.040	0.049	0.048	0.047	0.465	0.750	0.311	0.479	0.040	0.049	0.048	0.048	0.390	0.516	0.259	0.363	0.039	0.049	0.047
50:16:58	25.1	0.048	0.311	0.490	0.227	0.252	0.039	0.048	0.049	0.048	0.479	0.732	0.254	0.421	0.039	0.048	0.047	0.048	0.492	0.727	0.286	0.447	0.039	0.048	0.047	0.048	0.566	0.750	0.300	0.462	0.040	0.049	0.048	0.047	0.463	0.750	0.310	0.478	0.040	0.049	0.048	0.048	0.389	0.515	0.258	0.361	0.039	0.049	0.047
50:32:41	25.1	0.048	0.310	0.488	0.227	0.254	0.039	0.048	0.049	0.048	0.478	0.732	0.253	0.423	0.039	0.048	0.047	0.048	0.493	0.728	0.285	0.449	0.039	0.048	0.047	0.048	0.565	0.749	0.299	0.463	0.040	0.049	0.048	0.047	0.463	0.750	0.309	0.476	0.040	0.049	0.048	0.048	0.388	0.513	0.257	0.359	0.039	0.049	0.047
