Time	L0S1-200_1	L0S2-200_1	L0S3-200_1	L0S4-200_1	L0S5-200_1	L1S1-200_1	L1S2-200_1	L1S3-200_1	L1S4-200_1	L1S5-200_1	L2B1-200_1	L2B2-200_1	L2B3-200_1	L2B4-200_1	L2B5-200_1	L0S1-200_2	L0S2-200_2	L0S3-200_2	L0S4-200_2	L0S5-200_2	L1S1-200_2	L1S2-200_2	L1S3-200_2	L1S4-200_2	L1S5-200_2	L2B1-200_2	L2B2-200_2	L2B3-200_2	L2B4-200_2	L2B5-200_2	L0S1-200_3	L0S2-200_3	L0S3-200_3	L0S4-200_3	L0S5-200_3	L1S1-200_3	L1S2-200_3	L1S3-200_3	L1S4-200_3	L1S5-200_3	L2B1-200_3	L2B2-200_3	L2B3-200_3	L2B4-200_3	L2B5-200_3
0.0	0.049	0.067	0.054000000000000006	0.057	0.049	0.055999999999999994	0.053	0.059000000000000004	0.051	0.053	0.046	0.051	0.047	0.042	0.044000000000000004	0.055	0.068	0.061	0.11199999999999999	0.053	0.052000000000000005	0.046	0.086	0.046	0.059000000000000004	0.043	0.045	0.044000000000000004	0.05	0.048	0.054000000000000006	0.087	0.053	0.057999999999999996	0.059000000000000004	0.066	0.054000000000000006	0.073	0.046	0.057	0.049	0.046	0.049	0.048	0.049
0.25	0.055	0.054000000000000006	0.053	0.055	0.057	0.053	0.049	0.06	0.046	0.055	0.047	0.048	0.051	0.047	0.048	0.055999999999999994	0.055	0.054000000000000006	0.055	0.059000000000000004	0.054000000000000006	0.05	0.06	0.046	0.057	0.045	0.049	0.049	0.048	0.049	0.055	0.055999999999999994	0.055	0.057	0.059000000000000004	0.06	0.051	0.062	0.051	0.057999999999999996	0.048	0.049	0.048	0.047	0.048
0.52	0.055	0.053	0.053	0.055999999999999994	0.057	0.053	0.049	0.098	0.045	0.055	0.047	0.048	0.048	0.047	0.048	0.055999999999999994	0.057	0.055	0.055	0.059000000000000004	0.054000000000000006	0.05	0.061	0.055	0.057	0.045	0.049	0.049	0.048	0.049	0.055	0.055999999999999994	0.055999999999999994	0.057	0.059000000000000004	0.059000000000000004	0.052000000000000005	0.062	0.047	0.057999999999999996	0.048	0.049	0.048	0.047	0.048
0.78	0.055999999999999994	0.057	0.054000000000000006	0.057	0.057999999999999996	0.054000000000000006	0.049	0.07	0.047	0.055	0.047	0.049	0.049	0.047	0.048	0.057	0.059000000000000004	0.055	0.055999999999999994	0.06	0.054000000000000006	0.051	0.062	0.048	0.057	0.045	0.049	0.049	0.048	0.051	0.055999999999999994	0.057999999999999996	0.055999999999999994	0.057999999999999996	0.06	0.06	0.052000000000000005	0.063	0.047	0.057999999999999996	0.048	0.049	0.048	0.047	0.048
1.03	0.057	0.054000000000000006	0.055	0.057999999999999996	0.059000000000000004	0.054000000000000006	0.049	0.061	0.046	0.055	0.048	0.049	0.049	0.047	0.048	0.057	0.059000000000000004	0.055999999999999994	0.057999999999999996	0.061	0.055	0.051	0.062	0.046	0.057	0.045	0.05	0.049	0.048	0.051	0.057	0.057999999999999996	0.057	0.059000000000000004	0.061	0.06	0.052000000000000005	0.063	0.046	0.057999999999999996	0.048	0.049	0.048	0.047	0.048
1.3	0.057999999999999996	0.059000000000000004	0.055	0.059000000000000004	0.059000000000000004	0.055	0.05	0.061	0.047	0.055	0.049	0.051	0.049	0.047	0.048	0.059000000000000004	0.057999999999999996	0.057	0.059000000000000004	0.062	0.055	0.051	0.064	0.048	0.057	0.046	0.05	0.05	0.049	0.05	0.057999999999999996	0.065	0.059000000000000004	0.061	0.062	0.061	0.052000000000000005	0.063	0.049	0.057999999999999996	0.049	0.05	0.049	0.047	0.048
1.57	0.059000000000000004	0.055	0.057	0.061	0.06	0.055	0.05	0.062	0.046	0.055	0.048	0.051	0.05	0.048	0.048	0.06	0.061	0.057999999999999996	0.061	0.063	0.055999999999999994	0.051	0.064	0.048	0.057	0.046	0.051	0.051	0.049	0.051	0.059000000000000004	0.059000000000000004	0.059000000000000004	0.062	0.063	0.061	0.052000000000000005	0.065	0.048	0.057999999999999996	0.049	0.05	0.049	0.048	0.048
1.82	0.06	0.061	0.057999999999999996	0.063	0.061	0.055999999999999994	0.049	0.063	0.048	0.055	0.049	0.051	0.051	0.048	0.049	0.061	0.06	0.06	0.063	0.065	0.057	0.05	0.064	0.047	0.057	0.047	0.051	0.052000000000000005	0.05	0.051	0.061	0.061	0.061	0.065	0.065	0.062	0.053	0.065	0.047	0.057999999999999996	0.05	0.051	0.051	0.049	0.048
2.08	0.061	0.059000000000000004	0.059000000000000004	0.065	0.062	0.055999999999999994	0.05	0.069	0.055	0.055	0.049	0.051	0.052000000000000005	0.049	0.049	0.063	0.062	0.061	0.066	0.066	0.057	0.051	0.065	0.048	0.057999999999999996	0.047	0.052000000000000005	0.053	0.051	0.051	0.062	0.064	0.063	0.068	0.067	0.063	0.052000000000000005	0.067	0.047	0.057999999999999996	0.051	0.052000000000000005	0.051	0.049	0.049
2.35	0.062	0.065	0.061	0.068	0.065	0.057	0.05	0.065	0.051	0.055999999999999994	0.051	0.052000000000000005	0.053	0.05	0.05	0.064	0.067	0.063	0.069	0.068	0.057999999999999996	0.051	0.066	0.049	0.057999999999999996	0.048	0.053	0.054000000000000006	0.051	0.05	0.064	0.066	0.065	0.071	0.069	0.064	0.052000000000000005	0.067	0.048	0.059000000000000004	0.052000000000000005	0.052000000000000005	0.052000000000000005	0.05	0.049
2.62	0.065	0.065	0.064	0.071	0.067	0.057999999999999996	0.05	0.10099999999999999	0.051	0.055999999999999994	0.051	0.053	0.055	0.051	0.05	0.067	0.069	0.067	0.07200000000000001	0.071	0.059000000000000004	0.05	0.068	0.051	0.059000000000000004	0.049	0.053	0.055999999999999994	0.052000000000000005	0.051	0.067	0.066	0.068	0.075	0.07200000000000001	0.065	0.052000000000000005	0.068	0.048	0.059000000000000004	0.053	0.053	0.054000000000000006	0.051	0.05
2.87	0.067	0.068	0.067	0.075	0.069	0.059000000000000004	0.05	0.135	0.049	0.055999999999999994	0.053	0.054000000000000006	0.057999999999999996	0.052000000000000005	0.051	0.07	0.07200000000000001	0.07	0.077	0.075	0.061	0.051	0.069	0.049	0.059000000000000004	0.051	0.055	0.059000000000000004	0.054000000000000006	0.054000000000000006	0.07	0.071	0.07200000000000001	0.081	0.075	0.066	0.052000000000000005	0.07	0.05	0.06	0.055	0.054000000000000006	0.055999999999999994	0.052000000000000005	0.051
3.13	0.07	0.068	0.07	0.08	0.07200000000000001	0.06	0.05	0.069	0.055999999999999994	0.057	0.055	0.055	0.06	0.054000000000000006	0.053	0.07400000000000001	0.077	0.07400000000000001	0.08199999999999999	0.079	0.062	0.051	0.07	0.052000000000000005	0.06	0.052000000000000005	0.055999999999999994	0.061	0.055999999999999994	0.053	0.07400000000000001	0.077	0.076	0.085	0.08	0.068	0.052000000000000005	0.071	0.05	0.061	0.057	0.055999999999999994	0.059000000000000004	0.054000000000000006	0.052000000000000005
3.4	0.073	0.076	0.075	0.085	0.076	0.062	0.05	0.128	0.052000000000000005	0.057	0.057	0.057	0.062	0.055	0.054000000000000006	0.079	0.083	0.078	0.08800000000000001	0.085	0.064	0.051	0.07200000000000001	0.051	0.061	0.054000000000000006	0.057999999999999996	0.064	0.057999999999999996	0.057	0.078	0.081	0.08199999999999999	0.091	0.085	0.069	0.052000000000000005	0.073	0.054000000000000006	0.061	0.059000000000000004	0.057	0.061	0.055999999999999994	0.053
3.65	0.078	0.078	0.08	0.09	0.081	0.064	0.05	0.132	0.054000000000000006	0.057999999999999996	0.061	0.059000000000000004	0.066	0.057	0.057	0.086	0.09	0.085	0.096	0.091	0.066	0.051	0.076	0.057999999999999996	0.061	0.057	0.06	0.069	0.06	0.057999999999999996	0.085	0.086	0.08900000000000001	0.1	0.091	0.071	0.052000000000000005	0.076	0.052000000000000005	0.063	0.063	0.059000000000000004	0.065	0.057999999999999996	0.055
3.92	0.083	0.08199999999999999	0.085	0.098	0.086	0.065	0.05	0.087	0.055	0.059000000000000004	0.064	0.061	0.07	0.06	0.059000000000000004	0.092	0.09699999999999999	0.092	0.105	0.098	0.068	0.051	0.077	0.052000000000000005	0.063	0.06	0.062	0.07400000000000001	0.064	0.062	0.092	0.09	0.09699999999999999	0.109	0.098	0.07400000000000001	0.053	0.078	0.053	0.064	0.067	0.062	0.07	0.062	0.057
4.18	0.09	0.09300000000000001	0.09300000000000001	0.105	0.092	0.068	0.052000000000000005	0.134	0.061	0.06	0.069	0.064	0.076	0.063	0.062	0.102	0.109	0.10099999999999999	0.11599999999999999	0.107	0.071	0.051	0.08199999999999999	0.059000000000000004	0.064	0.065	0.066	0.081	0.067	0.064	0.10300000000000001	0.102	0.107	0.122	0.109	0.077	0.053	0.08199999999999999	0.057	0.065	0.07200000000000001	0.065	0.076	0.065	0.06
4.45	0.096	0.09699999999999999	0.1	0.115	0.10099999999999999	0.071	0.05	0.128	0.059000000000000004	0.062	0.07200000000000001	0.067	0.083	0.068	0.066	0.111	0.12	0.111	0.127	0.11599999999999999	0.07400000000000001	0.051	0.085	0.057999999999999996	0.066	0.068	0.069	0.08900000000000001	0.07200000000000001	0.069	0.11199999999999999	0.111	0.11699999999999999	0.134	0.11800000000000001	0.08	0.055	0.087	0.059000000000000004	0.067	0.077	0.068	0.083	0.07	0.064
4.7	0.102	0.106	0.10800000000000001	0.128	0.107	0.073	0.05	0.196	0.057999999999999996	0.062	0.077	0.069	0.09300000000000001	0.073	0.07	0.122	0.132	0.122	0.142	0.127	0.077	0.052000000000000005	0.08900000000000001	0.062	0.067	0.073	0.07200000000000001	0.09699999999999999	0.078	0.07400000000000001	0.12300000000000001	0.121	0.128	0.14800000000000002	0.129	0.083	0.054000000000000006	0.09	0.057999999999999996	0.068	0.083	0.07200000000000001	0.09300000000000001	0.075	0.068
4.97	0.11199999999999999	0.11900000000000001	0.12	0.145	0.11800000000000001	0.077	0.051	0.21899999999999997	0.065	0.064	0.084	0.07400000000000001	0.10099999999999999	0.079	0.076	0.135	0.14400000000000002	0.135	0.161	0.142	0.081	0.052000000000000005	0.096	0.063	0.07	0.079	0.076	0.11	0.086	0.08	0.136	0.135	0.14400000000000002	0.165	0.14400000000000002	0.087	0.061	0.096	0.06	0.071	0.091	0.076	0.10099999999999999	0.081	0.073
5.23	0.12	0.128	0.132	0.16	0.129	0.079	0.051	0.138	0.065	0.066	0.091	0.076	0.111	0.086	0.08199999999999999	0.147	0.157	0.151	0.17600000000000002	0.15	0.085	0.052000000000000005	0.1	0.065	0.07200000000000001	0.085	0.081	0.122	0.09300000000000001	0.085	0.14800000000000002	0.146	0.158	0.183	0.155	0.091	0.054000000000000006	0.10099999999999999	0.063	0.07400000000000001	0.099	0.081	0.11199999999999999	0.08900000000000001	0.078
5.48	0.133	0.14	0.15	0.17800000000000002	0.138	0.084	0.051	0.21100000000000002	0.073	0.068	0.10099999999999999	0.08800000000000001	0.127	0.094	0.09	0.165	0.171	0.168	0.204	0.17300000000000001	0.091	0.052000000000000005	0.10800000000000001	0.068	0.076	0.095	0.08800000000000001	0.13699999999999998	0.10300000000000001	0.095	0.165	0.158	0.17300000000000001	0.21	0.171	0.096	0.055	0.10800000000000001	0.068	0.077	0.111	0.086	0.127	0.098	0.085
5.75	0.145	0.151	0.163	0.203	0.14800000000000002	0.08800000000000001	0.051	0.18	0.071	0.07	0.11199999999999999	0.092	0.14	0.10400000000000001	0.098	0.17600000000000002	0.193	0.185	0.22699999999999998	0.182	0.096	0.053	0.113	0.071	0.079	0.105	0.09699999999999999	0.152	0.115	0.10300000000000001	0.175	0.175	0.191	0.23199999999999998	0.188	0.102	0.055999999999999994	0.113	0.07	0.081	0.124	0.095	0.138	0.109	0.09300000000000001
6.02	0.157	0.16699999999999998	0.182	0.22399999999999998	0.165	0.095	0.052000000000000005	0.222	0.075	0.07400000000000001	0.127	0.1	0.166	0.115	0.11	0.196	0.215	0.209	0.249	0.20800000000000002	0.10400000000000001	0.053	0.12	0.077	0.084	0.11900000000000001	0.106	0.17	0.125	0.11800000000000001	0.195	0.193	0.212	0.255	0.207	0.109	0.055999999999999994	0.11900000000000001	0.071	0.085	0.14	0.106	0.155	0.11800000000000001	0.10400000000000001
6.28	0.172	0.18899999999999997	0.201	0.245	0.18	0.10099999999999999	0.052000000000000005	0.192	0.079	0.077	0.14300000000000002	0.11199999999999999	0.203	0.125	0.12300000000000001	0.218	0.237	0.23199999999999998	0.26899999999999996	0.21899999999999997	0.11199999999999999	0.054000000000000006	0.128	0.081	0.08900000000000001	0.136	0.11800000000000001	0.19	0.135	0.131	0.21600000000000003	0.214	0.235	0.27399999999999997	0.221	0.11699999999999999	0.057	0.126	0.077	0.091	0.158	0.11699999999999999	0.17	0.13	0.11599999999999999
6.53	0.191	0.203	0.222	0.264	0.195	0.109	0.052000000000000005	0.262	0.084	0.081	0.163	0.126	0.19399999999999998	0.135	0.138	0.239	0.262	0.256	0.289	0.24	0.121	0.055	0.136	0.087	0.094	0.155	0.134	0.21	0.147	0.14800000000000002	0.23600000000000002	0.23399999999999999	0.256	0.293	0.23800000000000002	0.127	0.057999999999999996	0.133	0.08199999999999999	0.096	0.17600000000000002	0.132	0.187	0.14	0.129
6.8	0.205	0.21899999999999997	0.24	0.27899999999999997	0.207	0.115	0.053	0.191	0.09	0.084	0.175	0.14	0.209	0.147	0.153	0.255	0.28800000000000003	0.27399999999999997	0.302	0.258	0.131	0.057	0.14400000000000002	0.09300000000000001	0.099	0.17	0.14800000000000002	0.22399999999999998	0.16	0.166	0.251	0.263	0.275	0.305	0.256	0.13699999999999998	0.057	0.14	0.085	0.10099999999999999	0.191	0.146	0.203	0.152	0.14300000000000002
7.07	0.217	0.244	0.262	0.292	0.23	0.125	0.054000000000000006	0.257	0.096	0.08900000000000001	0.196	0.159	0.22699999999999998	0.16	0.172	0.267	0.313	0.292	0.316	0.271	0.14300000000000002	0.055999999999999994	0.154	0.098	0.105	0.188	0.16899999999999998	0.244	0.171	0.183	0.265	0.287	0.28800000000000003	0.318	0.272	0.14800000000000002	0.059000000000000004	0.14800000000000002	0.091	0.107	0.213	0.166	0.221	0.163	0.161
7.32	0.233	0.268	0.28	0.305	0.244	0.138	0.055	0.337	0.114	0.094	0.22	0.18	0.248	0.16899999999999998	0.191	0.287	0.33799999999999997	0.312	0.33	0.29	0.157	0.057999999999999996	0.165	0.105	0.114	0.212	0.18600000000000003	0.26	0.184	0.203	0.285	0.31	0.308	0.331	0.292	0.161	0.062	0.168	0.095	0.11599999999999999	0.23600000000000002	0.184	0.239	0.174	0.179
7.58	0.249	0.293	0.29	0.32	0.256	0.14800000000000002	0.055999999999999994	0.27399999999999997	0.111	0.1	0.243	0.191	0.265	0.182	0.213	0.303	0.36700000000000005	0.33299999999999996	0.342	0.307	0.17300000000000001	0.059000000000000004	0.171	0.113	0.122	0.237	0.20800000000000002	0.268	0.195	0.23	0.3	0.33799999999999997	0.32799999999999996	0.34299999999999997	0.31	0.17600000000000002	0.064	0.16399999999999998	0.102	0.124	0.258	0.204	0.256	0.18600000000000003	0.19699999999999998
7.85	0.255	0.306	0.301	0.326	0.27	0.159	0.057	0.316	0.11599999999999999	0.105	0.261	0.20600000000000002	0.266	0.192	0.23199999999999998	0.31	0.38299999999999995	0.34	0.348	0.321	0.18600000000000003	0.062	0.182	0.11800000000000001	0.128	0.254	0.223	0.266	0.20199999999999999	0.244	0.305	0.35700000000000004	0.336	0.35200000000000004	0.325	0.19	0.066	0.18	0.109	0.131	0.27399999999999997	0.21899999999999997	0.262	0.196	0.213
8.12	0.265	0.32799999999999996	0.322	0.335	0.28800000000000003	0.17300000000000001	0.059000000000000004	0.256	0.129	0.111	0.28300000000000003	0.235	0.26899999999999996	0.19899999999999998	0.256	0.32	0.41	0.35600000000000004	0.36	0.33799999999999997	0.203	0.07	0.2	0.132	0.138	0.27699999999999997	0.24600000000000002	0.26899999999999996	0.21	0.271	0.314	0.38	0.348	0.361	0.34	0.207	0.069	0.195	0.115	0.14	0.29	0.237	0.262	0.203	0.235
8.37	0.27699999999999997	0.355	0.341	0.349	0.31	0.19399999999999998	0.062	0.319	0.136	0.121	0.3	0.258	0.273	0.20800000000000002	0.28300000000000003	0.335	0.435	0.368	0.375	0.363	0.217	0.067	0.217	0.14	0.149	0.29600000000000004	0.271	0.276	0.21100000000000002	0.292	0.32799999999999996	0.40299999999999997	0.364	0.376	0.361	0.22	0.08	0.20600000000000002	0.125	0.151	0.297	0.263	0.265	0.209	0.26
8.63	0.285	0.368	0.34	0.359	0.315	0.205	0.063	0.21899999999999997	0.146	0.127	0.294	0.272	0.273	0.207	0.292	0.34299999999999997	0.45	0.377	0.385	0.379	0.233	0.07	0.22699999999999998	0.15	0.161	0.293	0.29	0.27399999999999997	0.209	0.304	0.336	0.42	0.375	0.387	0.381	0.23600000000000002	0.078	0.215	0.135	0.161	0.29100000000000004	0.27899999999999997	0.267	0.209	0.27399999999999997
8.9	0.298	0.395	0.366	0.375	0.344	0.221	0.068	0.35200000000000004	0.158	0.14	0.294	0.302	0.28	0.20600000000000002	0.308	0.358	0.473	0.396	0.402	0.408	0.259	0.076	0.252	0.162	0.17600000000000002	0.292	0.314	0.284	0.205	0.317	0.35100000000000003	0.439	0.395	0.40299999999999997	0.406	0.26	0.08	0.239	0.142	0.177	0.29	0.302	0.27399999999999997	0.207	0.29
9.15	0.304	0.40700000000000003	0.36200000000000004	0.38299999999999995	0.34700000000000003	0.235	0.069	0.221	0.168	0.14800000000000002	0.287	0.306	0.281	0.20199999999999999	0.299	0.369	0.493	0.40299999999999997	0.41100000000000003	0.423	0.275	0.081	0.266	0.174	0.187	0.285	0.311	0.28600000000000003	0.19699999999999998	0.306	0.36	0.46	0.40299999999999997	0.413	0.42200000000000004	0.278	0.087	0.252	0.152	0.18600000000000003	0.28600000000000003	0.302	0.272	0.2	0.28600000000000003
9.42	0.314	0.428	0.385	0.396	0.376	0.256	0.078	0.24	0.177	0.159	0.287	0.313	0.28300000000000003	0.195	0.293	0.38299999999999995	0.52	0.42200000000000004	0.42200000000000004	0.441	0.298	0.084	0.28600000000000003	0.185	0.2	0.284	0.31	0.287	0.18899999999999997	0.299	0.373	0.484	0.41600000000000004	0.426	0.445	0.301	0.095	0.272	0.16399999999999998	0.19899999999999998	0.285	0.301	0.281	0.192	0.282
9.68	0.32799999999999996	0.457	0.396	0.41	0.39	0.285	0.08	0.264	0.19399999999999998	0.172	0.29	0.322	0.29	0.18899999999999997	0.295	0.4	0.545	0.441	0.44299999999999995	0.469	0.325	0.094	0.311	0.19899999999999998	0.21600000000000003	0.28600000000000003	0.314	0.29600000000000004	0.183	0.298	0.39	0.505	0.435	0.446	0.467	0.327	0.10300000000000001	0.294	0.17	0.21600000000000003	0.28600000000000003	0.304	0.28300000000000003	0.184	0.28
9.95	0.344	0.483	0.41100000000000003	0.42	0.405	0.308	0.085	0.284	0.209	0.18600000000000003	0.29	0.32299999999999995	0.295	0.18100000000000002	0.294	0.41700000000000004	0.57	0.451	0.46	0.495	0.348	0.102	0.33299999999999996	0.212	0.22899999999999998	0.287	0.316	0.298	0.175	0.297	0.40700000000000003	0.531	0.451	0.465	0.493	0.35	0.111	0.315	0.183	0.22899999999999998	0.28600000000000003	0.306	0.28600000000000003	0.17600000000000002	0.27899999999999997
10.2	0.35700000000000004	0.501	0.419	0.43	0.42	0.327	0.095	0.313	0.217	0.196	0.28800000000000003	0.321	0.29600000000000004	0.17300000000000001	0.28800000000000003	0.434	0.599	0.467	0.47700000000000004	0.519	0.366	0.11199999999999999	0.35600000000000004	0.22899999999999998	0.24	0.285	0.314	0.299	0.16899999999999998	0.29600000000000004	0.424	0.5589999999999999	0.46799999999999997	0.48200000000000004	0.512	0.36700000000000005	0.121	0.337	0.19699999999999998	0.239	0.284	0.304	0.28600000000000003	0.16899999999999998	0.276
10.47	0.371	0.524	0.43700000000000006	0.451	0.446	0.349	0.102	0.324	0.235	0.21	0.289	0.32299999999999995	0.299	0.16699999999999998	0.29	0.451	0.625	0.488	0.49700000000000005	0.537	0.38799999999999996	0.11900000000000001	0.377	0.242	0.252	0.28600000000000003	0.316	0.303	0.163	0.299	0.442	0.583	0.489	0.503	0.539	0.39	0.133	0.36200000000000004	0.209	0.25	0.285	0.306	0.29	0.163	0.276
10.73	0.386	0.55	0.45799999999999996	0.467	0.469	0.37200000000000005	0.11199999999999999	0.354	0.245	0.223	0.29	0.32799999999999996	0.306	0.161	0.293	0.47200000000000003	0.657	0.511	0.52	0.57	0.41200000000000003	0.13	0.40399999999999997	0.26	0.268	0.28800000000000003	0.32	0.305	0.158	0.302	0.46399999999999997	0.609	0.515	0.527	0.5670000000000001	0.413	0.15	0.382	0.21600000000000003	0.264	0.285	0.308	0.292	0.158	0.28
10.98	0.402	0.578	0.48	0.491	0.503	0.396	0.124	0.38	0.26	0.23399999999999999	0.289	0.331	0.305	0.156	0.29600000000000004	0.49700000000000005	0.688	0.535	0.546	0.598	0.435	0.147	0.428	0.27399999999999997	0.28600000000000003	0.28800000000000003	0.324	0.308	0.153	0.304	0.49	0.638	0.5379999999999999	0.55	0.59	0.43700000000000006	0.16	0.41200000000000003	0.228	0.282	0.285	0.312	0.294	0.153	0.28300000000000003
11.25	0.419	0.608	0.501	0.513	0.53	0.42	0.131	0.4	0.268	0.248	0.29	0.335	0.311	0.151	0.3	0.524	0.7140000000000001	0.561	0.573	0.626	0.45799999999999996	0.158	0.449	0.281	0.3	0.28800000000000003	0.326	0.308	0.15	0.307	0.514	0.662	0.56	0.5760000000000001	0.62	0.46	0.17300000000000001	0.431	0.23800000000000002	0.297	0.285	0.315	0.295	0.15	0.28600000000000003
11.52	0.43700000000000006	0.634	0.524	0.537	0.537	0.44299999999999995	0.145	0.424	0.27899999999999997	0.265	0.29100000000000004	0.337	0.312	0.147	0.303	0.5489999999999999	0.737	0.586	0.599	0.65	0.48	0.172	0.48100000000000004	0.28800000000000003	0.315	0.289	0.32899999999999996	0.312	0.146	0.313	0.539	0.6920000000000001	0.585	0.603	0.648	0.48100000000000004	0.188	0.456	0.242	0.311	0.285	0.317	0.299	0.147	0.29
11.77	0.456	0.6609999999999999	0.5479999999999999	0.564	0.5710000000000001	0.466	0.153	0.439	0.28300000000000003	0.28	0.29100000000000004	0.34	0.313	0.14300000000000002	0.308	0.578	0.76	0.613	0.624	0.6759999999999999	0.5	0.187	0.495	0.297	0.33	0.289	0.331	0.315	0.14400000000000002	0.317	0.568	0.716	0.612	0.631	0.67	0.503	0.205	0.48100000000000004	0.255	0.325	0.285	0.319	0.298	0.145	0.293
12.03	0.47600000000000003	0.6890000000000001	0.5710000000000001	0.588	0.584	0.48700000000000004	0.168	0.47700000000000004	0.295	0.293	0.29	0.344	0.317	0.14	0.312	0.609	0.785	0.6409999999999999	0.647	0.698	0.519	0.209	0.522	0.305	0.34600000000000003	0.29	0.33399999999999996	0.317	0.142	0.319	0.598	0.74	0.64	0.653	0.6970000000000001	0.523	0.221	0.491	0.261	0.341	0.285	0.32299999999999995	0.3	0.142	0.297
12.3	0.499	0.705	0.599	0.612	0.616	0.508	0.182	0.49200000000000005	0.303	0.307	0.292	0.34700000000000003	0.321	0.13699999999999998	0.315	0.639	0.809	0.669	0.664	0.723	0.54	0.218	0.535	0.319	0.363	0.29	0.335	0.319	0.14	0.32299999999999995	0.623	0.763	0.6659999999999999	0.669	0.722	0.5429999999999999	0.239	0.52	0.26899999999999996	0.358	0.28600000000000003	0.324	0.301	0.14	0.301
12.57	0.521	0.726	0.627	0.633	0.634	0.529	0.198	0.508	0.318	0.32299999999999995	0.292	0.349	0.322	0.135	0.32	0.6629999999999999	0.8220000000000001	0.701	0.675	0.747	0.556	0.235	0.5579999999999999	0.32299999999999995	0.381	0.29	0.336	0.32	0.138	0.325	0.645	0.784	0.691	0.682	0.74	0.5589999999999999	0.247	0.5329999999999999	0.284	0.375	0.285	0.327	0.302	0.139	0.303
12.82	0.5379999999999999	0.738	0.6509999999999999	0.647	0.659	0.5489999999999999	0.21	0.514	0.327	0.34	0.292	0.35100000000000003	0.324	0.134	0.322	0.685	0.845	0.723	0.693	0.765	0.573	0.249	0.574	0.35100000000000003	0.39799999999999996	0.29	0.337	0.322	0.138	0.32899999999999996	0.667	0.802	0.711	0.6990000000000001	0.7609999999999999	0.574	0.252	0.5429999999999999	0.292	0.392	0.285	0.33	0.302	0.138	0.307
13.08	0.5529999999999999	0.76	0.688	0.6629999999999999	0.6890000000000001	0.574	0.217	0.546	0.335	0.36	0.29600000000000004	0.358	0.331	0.133	0.33	0.7140000000000001	0.8590000000000001	0.748	0.715	0.7909999999999999	0.593	0.252	0.589	0.353	0.418	0.292	0.341	0.326	0.13699999999999998	0.33399999999999996	0.696	0.815	0.736	0.721	0.7809999999999999	0.5920000000000001	0.255	0.579	0.306	0.41100000000000003	0.287	0.33399999999999996	0.306	0.13699999999999998	0.312
13.35	0.573	0.7709999999999999	0.696	0.677	0.688	0.579	0.23	0.5589999999999999	0.34700000000000003	0.374	0.294	0.355	0.327	0.133	0.32799999999999996	0.743	0.871	0.764	0.7340000000000001	0.795	0.599	0.255	0.601	0.373	0.433	0.292	0.342	0.325	0.138	0.33399999999999996	0.7240000000000001	0.8320000000000001	0.752	0.741	0.789	0.601	0.256	0.5870000000000001	0.314	0.425	0.28600000000000003	0.33299999999999996	0.304	0.13699999999999998	0.311
13.6	0.596	0.7909999999999999	0.7140000000000001	0.696	0.715	0.63	0.23600000000000002	0.57	0.36	0.389	0.294	0.35600000000000004	0.33	0.132	0.32899999999999996	0.774	0.894	0.789	0.7559999999999999	0.81	0.612	0.259	0.618	0.38299999999999995	0.451	0.293	0.34299999999999997	0.326	0.138	0.33399999999999996	0.752	0.8490000000000001	0.777	0.763	0.8009999999999999	0.612	0.259	0.595	0.321	0.442	0.287	0.33399999999999996	0.304	0.13699999999999998	0.315
13.87	0.618	0.813	0.7490000000000001	0.722	0.736	0.613	0.242	0.589	0.36700000000000005	0.409	0.297	0.363	0.336	0.133	0.33799999999999997	0.804	0.9159999999999999	0.821	0.778	0.8320000000000001	0.627	0.263	0.643	0.395	0.469	0.294	0.345	0.331	0.139	0.341	0.778	0.871	0.807	0.787	0.823	0.628	0.266	0.618	0.33	0.461	0.289	0.337	0.308	0.13699999999999998	0.318
14.13	0.634	0.825	0.775	0.743	0.728	0.624	0.242	0.614	0.38	0.42700000000000005	0.298	0.364	0.337	0.133	0.342	0.8290000000000001	0.935	0.845	0.802	0.845	0.64	0.265	0.664	0.41600000000000004	0.48700000000000004	0.295	0.348	0.33299999999999996	0.141	0.34299999999999997	0.8	0.885	0.828	0.8079999999999999	0.835	0.639	0.266	0.627	0.34	0.47600000000000003	0.29	0.33899999999999997	0.31	0.138	0.322
14.4	0.647	0.8240000000000001	0.789	0.762	0.738	0.626	0.248	0.612	0.391	0.44	0.297	0.36	0.33799999999999997	0.134	0.337	0.847	0.945	0.8590000000000001	0.82	0.845	0.6459999999999999	0.272	0.672	0.42700000000000005	0.501	0.294	0.348	0.332	0.142	0.342	0.8170000000000001	0.9	0.8420000000000001	0.8270000000000001	0.8420000000000001	0.6459999999999999	0.267	0.647	0.353	0.489	0.29	0.337	0.308	0.138	0.32
14.65	0.662	0.86	0.823	0.7859999999999999	0.758	0.643	0.25	0.636	0.405	0.457	0.299	0.366	0.342	0.135	0.345	0.867	0.9620000000000001	0.878	0.84	0.8590000000000001	0.654	0.275	0.685	0.434	0.519	0.295	0.349	0.336	0.14400000000000002	0.34600000000000003	0.838	0.9179999999999999	0.862	0.848	0.8540000000000001	0.655	0.272	0.648	0.355	0.508	0.29100000000000004	0.341	0.311	0.139	0.325
14.92	0.674	0.8809999999999999	0.8420000000000001	0.809	0.7759999999999999	0.653	0.257	0.6609999999999999	0.408	0.475	0.301	0.368	0.34299999999999997	0.13699999999999998	0.34700000000000003	0.888	0.975	0.8909999999999999	0.857	0.87	0.6629999999999999	0.276	0.696	0.446	0.5329999999999999	0.297	0.35100000000000003	0.33799999999999997	0.146	0.34700000000000003	0.856	0.932	0.8740000000000001	0.863	0.868	0.6629999999999999	0.276	0.665	0.364	0.521	0.292	0.34299999999999997	0.311	0.141	0.326
15.18	0.6859999999999999	0.8740000000000001	0.8420000000000001	0.8220000000000001	0.7759999999999999	0.6459999999999999	0.261	0.648	0.41600000000000004	0.489	0.299	0.365	0.341	0.138	0.342	0.902	0.972	0.9	0.8690000000000001	0.8759999999999999	0.669	0.27399999999999997	0.7120000000000001	0.45899999999999996	0.5479999999999999	0.297	0.35200000000000004	0.335	0.15	0.34600000000000003	0.872	0.9420000000000001	0.882	0.875	0.877	0.669	0.27399999999999997	0.679	0.38	0.5329999999999999	0.29100000000000004	0.341	0.309	0.14300000000000002	0.325
15.43	0.695	0.8759999999999999	0.8540000000000001	0.835	0.794	0.654	0.263	0.657	0.423	0.502	0.298	0.36700000000000005	0.34299999999999997	0.141	0.342	0.9179999999999999	0.9740000000000001	0.909	0.88	0.889	0.677	0.275	0.722	0.46299999999999997	0.56	0.29600000000000004	0.35100000000000003	0.337	0.152	0.34700000000000003	0.887	0.9420000000000001	0.8909999999999999	0.885	0.8909999999999999	0.677	0.27899999999999997	0.688	0.385	0.547	0.29100000000000004	0.34299999999999997	0.311	0.14300000000000002	0.326
15.7	0.708	0.884	0.866	0.848	0.81	0.664	0.265	0.662	0.433	0.518	0.3	0.368	0.34600000000000003	0.14400000000000002	0.345	0.9329999999999999	0.975	0.919	0.89	0.9059999999999999	0.685	0.27899999999999997	0.7170000000000001	0.475	0.5760000000000001	0.297	0.353	0.337	0.156	0.348	0.904	0.946	0.9009999999999999	0.895	0.9059999999999999	0.6859999999999999	0.28	0.682	0.395	0.561	0.292	0.34299999999999997	0.312	0.147	0.32799999999999996
15.97	0.7170000000000001	0.879	0.878	0.8590000000000001	0.825	0.6709999999999999	0.26899999999999996	0.674	0.445	0.532	0.3	0.368	0.34700000000000003	0.14800000000000002	0.34600000000000003	0.946	0.985	0.9279999999999999	0.898	0.919	0.693	0.282	0.7390000000000001	0.48100000000000004	0.589	0.299	0.35600000000000004	0.33799999999999997	0.161	0.35100000000000003	0.9159999999999999	0.9520000000000001	0.91	0.903	0.9229999999999999	0.6920000000000001	0.28300000000000003	0.708	0.39899999999999997	0.5710000000000001	0.293	0.345	0.311	0.149	0.32899999999999996
16.23	0.7240000000000001	0.875	0.9	0.872	0.85	0.685	0.272	0.705	0.446	0.551	0.304	0.375	0.354	0.152	0.355	0.958	0.985	0.9440000000000001	0.902	0.94	0.7020000000000001	0.28300000000000003	0.753	0.486	0.602	0.3	0.359	0.34299999999999997	0.165	0.353	0.924	0.945	0.922	0.905	0.937	0.701	0.285	0.716	0.40700000000000003	0.586	0.293	0.34700000000000003	0.314	0.153	0.33299999999999996
16.48	0.726	0.905	0.899	0.873	0.855	0.6809999999999999	0.26899999999999996	0.7170000000000001	0.456	0.5589999999999999	0.302	0.373	0.35	0.158	0.348	0.955	0.992	0.946	0.898	0.943	0.7020000000000001	0.284	0.754	0.495	0.613	0.301	0.359	0.34	0.172	0.354	0.9229999999999999	0.956	0.925	0.902	0.9440000000000001	0.7040000000000001	0.28300000000000003	0.7120000000000001	0.414	0.593	0.293	0.34600000000000003	0.312	0.156	0.332
16.75	0.722	0.879	0.9059999999999999	0.872	0.866	0.6859999999999999	0.27	0.6970000000000001	0.46399999999999997	0.5710000000000001	0.302	0.37200000000000005	0.35200000000000004	0.163	0.35100000000000003	0.9540000000000001	1.004	0.953	0.895	0.9490000000000001	0.7040000000000001	0.28600000000000003	0.76	0.503	0.625	0.301	0.36	0.344	0.17800000000000002	0.354	0.9209999999999999	0.961	0.932	0.9	0.953	0.705	0.284	0.718	0.419	0.605	0.293	0.34700000000000003	0.312	0.162	0.33399999999999996
17.02	0.716	0.897	0.9129999999999999	0.87	0.88	0.691	0.27399999999999997	0.716	0.47	0.5820000000000001	0.303	0.375	0.353	0.16899999999999998	0.35200000000000004	0.9540000000000001	1.002	0.9520000000000001	0.893	0.9490000000000001	0.701	0.285	0.757	0.493	0.634	0.301	0.36200000000000004	0.345	0.185	0.35600000000000004	0.92	0.9670000000000001	0.927	0.899	0.953	0.705	0.285	0.7190000000000001	0.429	0.616	0.294	0.348	0.313	0.166	0.335
17.27	0.7090000000000001	0.912	0.922	0.872	0.895	0.7	0.272	0.721	0.47600000000000003	0.598	0.306	0.379	0.358	0.17600000000000002	0.36	0.958	1.011	0.9520000000000001	0.894	0.9520000000000001	0.701	0.289	0.784	0.5	0.644	0.305	0.364	0.348	0.192	0.36	0.9229999999999999	0.983	0.9259999999999999	0.9	0.955	0.705	0.289	0.753	0.43	0.628	0.29600000000000004	0.353	0.317	0.17	0.33899999999999997
17.53	0.706	0.9129999999999999	0.9129999999999999	0.865	0.889	0.693	0.27399999999999997	0.7140000000000001	0.484	0.604	0.306	0.37799999999999995	0.35600000000000004	0.183	0.354	0.9570000000000001	1.01	0.9440000000000001	0.8909999999999999	0.9440000000000001	0.6940000000000001	0.289	0.7709999999999999	0.535	0.648	0.304	0.364	0.34700000000000003	0.201	0.36	0.925	0.978	0.9179999999999999	0.898	0.95	0.698	0.28600000000000003	0.742	0.442	0.631	0.295	0.35200000000000004	0.316	0.17600000000000002	0.33799999999999997
17.8	0.701	0.905	0.9179999999999999	0.8690000000000001	0.894	0.698	0.275	0.726	0.489	0.619	0.308	0.38299999999999995	0.36200000000000004	0.191	0.363	0.9620000000000001	1.0190000000000001	0.943	0.894	0.9470000000000001	0.687	0.29	0.78	0.544	0.6559999999999999	0.306	0.368	0.35	0.209	0.361	0.9279999999999999	0.983	0.915	0.9009999999999999	0.951	0.693	0.292	0.746	0.449	0.639	0.29600000000000004	0.353	0.318	0.182	0.342
18.05	0.698	0.897	0.9059999999999999	0.865	0.885	0.687	0.275	0.7140000000000001	0.49700000000000005	0.62	0.306	0.382	0.35700000000000004	0.2	0.358	0.963	1.018	0.934	0.894	0.941	0.675	0.29100000000000004	0.7829999999999999	0.5489999999999999	0.6609999999999999	0.306	0.369	0.35	0.217	0.363	0.929	0.99	0.9059999999999999	0.9009999999999999	0.946	0.68	0.29	0.753	0.46	0.6409999999999999	0.29600000000000004	0.353	0.316	0.18899999999999997	0.34
18.32	0.6940000000000001	0.9279999999999999	0.9009999999999999	0.867	0.888	0.682	0.275	0.741	0.499	0.627	0.308	0.38299999999999995	0.361	0.21	0.361	0.968	1.021	0.929	0.897	0.94	0.662	0.29	0.7829999999999999	0.531	0.669	0.307	0.37	0.349	0.22699999999999998	0.363	0.935	0.9890000000000001	0.899	0.902	0.9470000000000001	0.67	0.292	0.752	0.467	0.648	0.29600000000000004	0.354	0.318	0.195	0.341
18.58	0.69	0.9259999999999999	0.903	0.866	0.883	0.672	0.276	0.738	0.506	0.632	0.309	0.385	0.361	0.21899999999999997	0.36200000000000004	0.973	1.02	0.927	0.9	0.9420000000000001	0.649	0.289	0.795	0.551	0.679	0.307	0.37200000000000005	0.35100000000000003	0.23600000000000002	0.365	0.938	0.9840000000000001	0.895	0.905	0.9470000000000001	0.6579999999999999	0.293	0.759	0.47	0.654	0.29600000000000004	0.355	0.316	0.203	0.34299999999999997
18.85	0.6829999999999999	0.9390000000000001	0.8959999999999999	0.87	0.8809999999999999	0.6629999999999999	0.27899999999999997	0.7509999999999999	0.506	0.639	0.311	0.386	0.36200000000000004	0.22899999999999998	0.364	0.976	1.0170000000000001	0.922	0.904	0.943	0.634	0.293	0.7959999999999999	0.565	0.6859999999999999	0.309	0.374	0.353	0.24600000000000002	0.36700000000000005	0.941	0.993	0.8859999999999999	0.9079999999999999	0.948	0.645	0.292	0.765	0.478	0.662	0.297	0.35700000000000004	0.317	0.21100000000000002	0.344
19.1	0.68	0.912	0.902	0.875	0.885	0.659	0.27899999999999997	0.7509999999999999	0.515	0.65	0.312	0.39	0.36700000000000005	0.23800000000000002	0.371	0.982	1.03	0.9179999999999999	0.9079999999999999	0.9470000000000001	0.622	0.293	0.7929999999999999	0.5660000000000001	0.695	0.31	0.377	0.35600000000000004	0.256	0.37200000000000005	0.946	0.9840000000000001	0.885	0.9129999999999999	0.9540000000000001	0.633	0.303	0.752	0.484	0.6709999999999999	0.299	0.36	0.321	0.22	0.348
19.37	0.6729999999999999	0.8959999999999999	0.888	0.8740000000000001	0.8809999999999999	0.644	0.276	0.755	0.513	0.653	0.311	0.39	0.365	0.248	0.36700000000000005	0.982	1.024	0.91	0.9079999999999999	0.945	0.605	0.294	0.799	0.569	0.6990000000000001	0.31	0.376	0.354	0.265	0.369	0.946	0.991	0.8690000000000001	0.915	0.951	0.617	0.292	0.763	0.484	0.675	0.298	0.359	0.318	0.23	0.345
19.63	0.667	0.9440000000000001	0.884	0.877	0.88	0.631	0.27699999999999997	0.743	0.52	0.662	0.312	0.389	0.366	0.258	0.36700000000000005	0.985	1.026	0.9009999999999999	0.912	0.946	0.591	0.292	0.799	0.575	0.703	0.311	0.377	0.35700000000000004	0.27399999999999997	0.37200000000000005	0.951	0.998	0.865	0.9179999999999999	0.953	0.604	0.302	0.7559999999999999	0.485	0.6779999999999999	0.298	0.359	0.317	0.23600000000000002	0.34700000000000003
19.88	0.66	0.925	0.878	0.879	0.883	0.622	0.278	0.752	0.523	0.6679999999999999	0.312	0.39	0.36700000000000005	0.268	0.37	0.988	1.028	0.897	0.915	0.9470000000000001	0.5760000000000001	0.293	0.8	0.583	0.708	0.312	0.37799999999999995	0.35600000000000004	0.28300000000000003	0.37200000000000005	0.95	0.996	0.855	0.919	0.9540000000000001	0.591	0.3	0.758	0.486	0.6829999999999999	0.299	0.36	0.32	0.24600000000000002	0.348
20.15	0.6559999999999999	0.9229999999999999	0.875	0.8809999999999999	0.883	0.607	0.27699999999999997	0.7509999999999999	0.525	0.675	0.314	0.39299999999999996	0.368	0.27899999999999997	0.37	0.992	1.0290000000000001	0.889	0.9179999999999999	0.948	0.565	0.294	0.797	0.591	0.71	0.312	0.379	0.355	0.292	0.373	0.9540000000000001	1.0	0.847	0.9229999999999999	0.9540000000000001	0.579	0.303	0.767	0.488	0.687	0.299	0.361	0.319	0.253	0.349
20.42	0.65	0.938	0.8690000000000001	0.883	0.883	0.597	0.275	0.7490000000000001	0.527	0.6779999999999999	0.314	0.39399999999999996	0.37	0.28800000000000003	0.371	0.995	1.028	0.882	0.92	0.9490000000000001	0.5529999999999999	0.295	0.8029999999999999	0.5870000000000001	0.716	0.314	0.381	0.359	0.3	0.375	0.956	0.995	0.8390000000000001	0.925	0.955	0.568	0.299	0.775	0.494	0.69	0.299	0.361	0.319	0.261	0.349
20.68	0.645	0.895	0.861	0.884	0.883	0.586	0.278	0.748	0.526	0.682	0.315	0.395	0.37	0.29600000000000004	0.371	0.9990000000000001	1.032	0.875	0.9229999999999999	0.951	0.5429999999999999	0.297	0.815	0.5920000000000001	0.718	0.314	0.38299999999999995	0.36	0.306	0.379	0.958	1.003	0.83	0.9259999999999999	0.956	0.5579999999999999	0.299	0.7659999999999999	0.496	0.6920000000000001	0.3	0.363	0.32	0.26899999999999996	0.35
20.93	0.642	0.927	0.861	0.888	0.887	0.579	0.275	0.754	0.531	0.69	0.317	0.4	0.374	0.303	0.377	1.005	1.034	0.871	0.925	0.956	0.536	0.302	0.813	0.601	0.725	0.316	0.385	0.36200000000000004	0.313	0.38299999999999995	0.9620000000000001	1.001	0.823	0.93	0.9590000000000001	0.551	0.307	0.769	0.505	0.6970000000000001	0.3	0.365	0.32299999999999995	0.276	0.354
21.2	0.636	0.915	0.848	0.8859999999999999	0.882	0.565	0.27699999999999997	0.7509999999999999	0.532	0.69	0.315	0.396	0.371	0.312	0.374	1.006	1.026	0.8590000000000001	0.927	0.953	0.525	0.297	0.8140000000000001	0.593	0.727	0.316	0.384	0.36200000000000004	0.317	0.37799999999999995	0.9640000000000001	1.001	0.813	0.932	0.9590000000000001	0.541	0.297	0.77	0.508	0.696	0.3	0.363	0.321	0.282	0.35200000000000004
21.47	0.633	0.9329999999999999	0.8340000000000001	0.888	0.883	0.556	0.276	0.7440000000000001	0.537	0.6920000000000001	0.316	0.39799999999999996	0.371	0.317	0.374	1.0090000000000001	1.033	0.852	0.9279999999999999	0.9540000000000001	0.518	0.299	0.8079999999999999	0.606	0.728	0.315	0.385	0.363	0.322	0.382	0.9670000000000001	1.01	0.8029999999999999	0.932	0.96	0.5329999999999999	0.306	0.777	0.509	0.698	0.3	0.363	0.321	0.28800000000000003	0.353
21.72	0.629	0.9109999999999999	0.8290000000000001	0.888	0.883	0.547	0.278	0.75	0.536	0.696	0.316	0.39899999999999997	0.373	0.324	0.375	1.012	1.032	0.8440000000000001	0.9309999999999999	0.955	0.512	0.301	0.813	0.605	0.731	0.316	0.386	0.363	0.32799999999999996	0.381	0.97	1.0070000000000001	0.7959999999999999	0.934	0.96	0.526	0.301	0.774	0.51	0.701	0.301	0.364	0.32	0.292	0.35200000000000004
21.98	0.625	0.894	0.823	0.89	0.883	0.551	0.278	0.741	0.536	0.698	0.317	0.4	0.374	0.32799999999999996	0.376	1.016	1.041	0.836	0.932	0.956	0.506	0.299	0.8109999999999999	0.61	0.7340000000000001	0.316	0.386	0.364	0.332	0.382	0.972	1.003	0.7859999999999999	0.9359999999999999	0.961	0.52	0.302	0.772	0.513	0.7020000000000001	0.3	0.365	0.32	0.29600000000000004	0.353
22.25	0.623	0.919	0.816	0.8909999999999999	0.884	0.5329999999999999	0.276	0.74	0.546	0.701	0.317	0.4	0.376	0.335	0.377	1.0190000000000001	1.0270000000000001	0.83	0.934	0.958	0.5	0.299	0.8140000000000001	0.615	0.737	0.317	0.386	0.363	0.33899999999999997	0.382	0.975	1.001	0.777	0.938	0.963	0.515	0.31	0.778	0.514	0.705	0.301	0.365	0.322	0.301	0.354
22.52	0.618	0.93	0.809	0.892	0.884	0.528	0.27899999999999997	0.74	0.5429999999999999	0.705	0.318	0.402	0.376	0.34	0.377	1.023	1.022	0.823	0.9359999999999999	0.9590000000000001	0.494	0.302	0.813	0.613	0.741	0.319	0.387	0.366	0.34299999999999997	0.38299999999999995	0.977	1.003	0.77	0.94	0.966	0.508	0.302	0.773	0.508	0.7070000000000001	0.301	0.365	0.322	0.304	0.355
22.77	0.616	0.924	0.799	0.894	0.884	0.52	0.27699999999999997	0.742	0.5489999999999999	0.7070000000000001	0.318	0.401	0.376	0.342	0.377	1.025	1.0390000000000001	0.8140000000000001	0.938	0.9620000000000001	0.489	0.301	0.81	0.616	0.7440000000000001	0.319	0.38799999999999996	0.36700000000000005	0.349	0.384	0.98	0.998	0.762	0.943	0.968	0.504	0.312	0.7809999999999999	0.509	0.71	0.301	0.366	0.322	0.309	0.35600000000000004
23.03	0.611	0.905	0.795	0.8959999999999999	0.887	0.516	0.275	0.736	0.5479999999999999	0.715	0.321	0.406	0.381	0.349	0.385	1.031	1.031	0.813	0.941	0.966	0.48700000000000004	0.302	0.813	0.633	0.748	0.32	0.39	0.37	0.354	0.385	0.983	1.0090000000000001	0.759	0.9440000000000001	0.971	0.501	0.311	0.785	0.512	0.713	0.302	0.36700000000000005	0.32299999999999995	0.313	0.358
23.3	0.611	0.898	0.784	0.895	0.884	0.509	0.27399999999999997	0.738	0.546	0.7120000000000001	0.32	0.40299999999999997	0.377	0.353	0.37799999999999995	1.031	1.0390000000000001	0.8	0.9420000000000001	0.965	0.48100000000000004	0.302	0.818	0.624	0.7490000000000001	0.32	0.389	0.36700000000000005	0.359	0.385	0.983	1.008	0.746	0.945	0.971	0.495	0.308	0.777	0.509	0.7120000000000001	0.301	0.366	0.32299999999999995	0.317	0.35600000000000004
23.55	0.608	0.915	0.778	0.895	0.885	0.502	0.27699999999999997	0.73	0.5529999999999999	0.716	0.319	0.40299999999999997	0.379	0.36	0.379	1.033	1.041	0.795	0.943	0.966	0.47700000000000004	0.302	0.812	0.625	0.752	0.321	0.39	0.368	0.365	0.384	0.986	1.014	0.7390000000000001	0.946	0.9740000000000001	0.491	0.31	0.7809999999999999	0.504	0.7120000000000001	0.301	0.366	0.32299999999999995	0.321	0.35600000000000004
23.82	0.605	0.898	0.769	0.8959999999999999	0.885	0.498	0.27699999999999997	0.727	0.552	0.7190000000000001	0.32	0.405	0.38	0.366	0.38	1.036	1.0490000000000002	0.789	0.945	0.968	0.473	0.301	0.812	0.627	0.753	0.32	0.389	0.368	0.37	0.385	0.988	1.011	0.7290000000000001	0.9470000000000001	0.9740000000000001	0.48700000000000004	0.303	0.779	0.506	0.7140000000000001	0.301	0.365	0.32299999999999995	0.326	0.35700000000000004
24.08	0.603	0.903	0.7609999999999999	0.8959999999999999	0.884	0.494	0.275	0.711	0.555	0.7190000000000001	0.32	0.405	0.381	0.369	0.38	1.038	1.047	0.78	0.946	0.97	0.469	0.303	0.812	0.622	0.7559999999999999	0.322	0.39	0.369	0.375	0.385	0.9890000000000001	1.016	0.722	0.948	0.976	0.484	0.31	0.778	0.5	0.715	0.3	0.365	0.32299999999999995	0.32899999999999996	0.35600000000000004
24.35	0.601	0.907	0.755	0.8959999999999999	0.884	0.489	0.27699999999999997	0.718	0.5529999999999999	0.721	0.32	0.40299999999999997	0.38	0.377	0.379	1.041	1.0490000000000002	0.777	0.948	0.971	0.466	0.304	0.823	0.629	0.757	0.322	0.39	0.37	0.38	0.385	0.991	1.025	0.715	0.95	0.978	0.48	0.305	0.773	0.506	0.7140000000000001	0.3	0.364	0.32299999999999995	0.33299999999999996	0.35600000000000004
24.6	0.597	0.915	0.747	0.8959999999999999	0.8859999999999999	0.486	0.27399999999999997	0.7040000000000001	0.5539999999999999	0.7290000000000001	0.322	0.406	0.384	0.38	0.386	1.045	1.048	0.773	0.95	0.976	0.46399999999999997	0.306	0.823	0.628	0.763	0.32299999999999995	0.39299999999999996	0.374	0.386	0.38799999999999996	0.9940000000000001	1.021	0.713	0.953	0.982	0.478	0.307	0.7829999999999999	0.505	0.718	0.301	0.36700000000000005	0.326	0.337	0.361
24.87	0.597	0.902	0.738	0.894	0.885	0.48	0.27399999999999997	0.706	0.556	0.726	0.32	0.405	0.381	0.386	0.379	1.045	1.041	0.762	0.95	0.9740000000000001	0.461	0.3	0.8240000000000001	0.637	0.7609999999999999	0.32299999999999995	0.39	0.371	0.389	0.386	0.993	1.0190000000000001	0.7020000000000001	0.9520000000000001	0.982	0.474	0.303	0.7809999999999999	0.505	0.7170000000000001	0.301	0.365	0.325	0.34	0.35700000000000004
25.13	0.593	0.9129999999999999	0.733	0.892	0.884	0.47700000000000004	0.275	0.7	0.5579999999999999	0.728	0.32	0.40399999999999997	0.381	0.389	0.379	1.048	1.048	0.759	0.95	0.976	0.457	0.303	0.826	0.635	0.763	0.32299999999999995	0.391	0.37200000000000005	0.392	0.384	0.995	1.025	0.6920000000000001	0.9520000000000001	0.983	0.47100000000000003	0.312	0.779	0.504	0.715	0.3	0.364	0.32299999999999995	0.344	0.35600000000000004
25.38	0.591	0.9109999999999999	0.726	0.892	0.885	0.47200000000000003	0.273	0.6920000000000001	0.56	0.728	0.321	0.40399999999999997	0.382	0.39399999999999996	0.381	1.05	1.0490000000000002	0.75	0.95	0.977	0.455	0.305	0.816	0.636	0.764	0.322	0.391	0.37200000000000005	0.397	0.384	0.995	1.032	0.685	0.9520000000000001	0.9840000000000001	0.46799999999999997	0.317	0.78	0.506	0.715	0.299	0.364	0.324	0.348	0.35600000000000004
25.65	0.589	0.904	0.7170000000000001	0.8909999999999999	0.8859999999999999	0.47200000000000003	0.27699999999999997	0.693	0.562	0.731	0.321	0.405	0.38299999999999995	0.39899999999999997	0.38	1.051	1.051	0.743	0.951	0.978	0.45299999999999996	0.31	0.8170000000000001	0.636	0.767	0.32299999999999995	0.392	0.374	0.39899999999999997	0.386	0.996	1.026	0.68	0.953	0.985	0.466	0.312	0.7709999999999999	0.501	0.716	0.3	0.364	0.32299999999999995	0.349	0.35600000000000004
25.92	0.5870000000000001	0.89	0.7120000000000001	0.889	0.8859999999999999	0.465	0.275	0.682	0.565	0.733	0.321	0.405	0.384	0.40700000000000003	0.381	1.054	1.0490000000000002	0.737	0.9520000000000001	0.98	0.451	0.306	0.813	0.642	0.768	0.32299999999999995	0.391	0.37200000000000005	0.40299999999999997	0.385	0.996	1.03	0.672	0.9520000000000001	0.986	0.46299999999999997	0.314	0.782	0.502	0.715	0.299	0.363	0.324	0.35200000000000004	0.35600000000000004
26.17	0.584	0.9159999999999999	0.706	0.89	0.884	0.461	0.271	0.6779999999999999	0.565	0.733	0.321	0.402	0.38299999999999995	0.406	0.38	1.053	1.053	0.73	0.951	0.98	0.44799999999999995	0.304	0.818	0.638	0.769	0.322	0.391	0.374	0.405	0.387	0.997	1.021	0.6679999999999999	0.9520000000000001	0.988	0.461	0.306	0.78	0.501	0.715	0.299	0.363	0.324	0.355	0.35600000000000004
26.43	0.5820000000000001	0.888	0.7	0.887	0.883	0.457	0.271	0.675	0.565	0.733	0.321	0.40299999999999997	0.38299999999999995	0.40700000000000003	0.37799999999999995	1.055	1.063	0.727	0.951	0.982	0.447	0.308	0.825	0.645	0.772	0.324	0.391	0.374	0.406	0.385	0.998	1.03	0.66	0.953	0.9890000000000001	0.45899999999999996	0.312	0.7809999999999999	0.5	0.715	0.299	0.363	0.324	0.355	0.35600000000000004
26.7	0.58	0.902	0.6920000000000001	0.885	0.8809999999999999	0.45399999999999996	0.272	0.67	0.565	0.7340000000000001	0.32	0.40299999999999997	0.38299999999999995	0.41100000000000003	0.37799999999999995	1.055	1.055	0.722	0.951	0.983	0.445	0.306	0.809	0.645	0.7709999999999999	0.32299999999999995	0.391	0.373	0.41	0.38299999999999995	0.998	1.0170000000000001	0.6559999999999999	0.9520000000000001	0.99	0.456	0.314	0.772	0.502	0.713	0.298	0.361	0.324	0.35700000000000004	0.355
26.97	0.5770000000000001	0.899	0.6890000000000001	0.883	0.882	0.45299999999999996	0.266	0.652	0.5579999999999999	0.742	0.32299999999999995	0.40700000000000003	0.38799999999999996	0.41200000000000003	0.384	1.061	1.064	0.7240000000000001	0.953	0.9890000000000001	0.446	0.309	0.828	0.644	0.777	0.325	0.39299999999999996	0.37799999999999995	0.413	0.389	1.002	1.023	0.6559999999999999	0.955	0.996	0.457	0.32299999999999995	0.784	0.49700000000000005	0.718	0.299	0.364	0.327	0.36	0.36
27.22	0.575	0.89	0.682	0.882	0.8809999999999999	0.44799999999999995	0.26899999999999996	0.654	0.5710000000000001	0.736	0.319	0.40299999999999997	0.384	0.414	0.377	1.0590000000000002	1.063	0.7120000000000001	0.951	0.986	0.442	0.308	0.816	0.648	0.775	0.324	0.389	0.375	0.414	0.381	0.998	1.032	0.647	0.953	0.992	0.45299999999999996	0.314	0.7829999999999999	0.496	0.7140000000000001	0.297	0.361	0.324	0.361	0.355
27.48	0.5720000000000001	0.888	0.677	0.8809999999999999	0.88	0.446	0.268	0.644	0.564	0.741	0.322	0.405	0.39	0.41700000000000004	0.38299999999999995	1.062	1.073	0.71	0.9520000000000001	0.988	0.442	0.309	0.828	0.65	0.7759999999999999	0.324	0.39	0.376	0.41600000000000004	0.384	1.0	1.036	0.644	0.9540000000000001	0.995	0.452	0.319	0.782	0.49700000000000005	0.715	0.298	0.36200000000000004	0.325	0.364	0.35700000000000004
27.75	0.57	0.877	0.672	0.879	0.879	0.441	0.26899999999999996	0.6409999999999999	0.5670000000000001	0.736	0.318	0.402	0.384	0.418	0.376	1.06	1.054	0.705	0.9520000000000001	0.988	0.439	0.309	0.821	0.652	0.778	0.32299999999999995	0.39	0.375	0.418	0.381	0.9990000000000001	1.011	0.636	0.953	0.9940000000000001	0.449	0.305	0.78	0.49	0.711	0.29600000000000004	0.36	0.324	0.363	0.353
28.0	0.568	0.8859999999999999	0.669	0.878	0.878	0.43799999999999994	0.267	0.6409999999999999	0.568	0.737	0.318	0.402	0.384	0.419	0.374	1.063	1.071	0.7	0.9520000000000001	0.988	0.43799999999999994	0.308	0.8290000000000001	0.65	0.777	0.322	0.39	0.376	0.419	0.38	0.998	1.024	0.633	0.953	0.996	0.44799999999999995	0.317	0.7829999999999999	0.491	0.711	0.29600000000000004	0.36	0.324	0.366	0.35200000000000004
28.27	0.565	0.883	0.6629999999999999	0.8759999999999999	0.877	0.435	0.273	0.626	0.565	0.737	0.319	0.401	0.386	0.42	0.374	1.062	1.054	0.6970000000000001	0.9520000000000001	0.9890000000000001	0.43700000000000006	0.31	0.82	0.649	0.778	0.322	0.389	0.375	0.42	0.37799999999999995	0.9990000000000001	1.033	0.63	0.9520000000000001	0.996	0.446	0.315	0.784	0.49200000000000005	0.7090000000000001	0.295	0.358	0.32299999999999995	0.364	0.35200000000000004
28.53	0.563	0.862	0.66	0.8740000000000001	0.8740000000000001	0.434	0.271	0.621	0.561	0.741	0.32	0.405	0.38799999999999996	0.42100000000000004	0.37799999999999995	1.0659999999999998	1.07	0.696	0.953	0.992	0.43700000000000006	0.311	0.828	0.654	0.782	0.32299999999999995	0.391	0.37799999999999995	0.42200000000000004	0.382	1.0	1.041	0.631	0.9540000000000001	0.9990000000000001	0.445	0.319	0.785	0.48700000000000004	0.711	0.294	0.36	0.325	0.365	0.355
28.8	0.5589999999999999	0.878	0.657	0.8740000000000001	0.8759999999999999	0.431	0.271	0.613	0.5670000000000001	0.7390000000000001	0.318	0.401	0.386	0.423	0.373	1.065	1.064	0.691	0.951	0.99	0.435	0.313	0.826	0.654	0.779	0.322	0.38799999999999996	0.375	0.42100000000000004	0.376	1.0	1.026	0.625	0.9520000000000001	0.997	0.44299999999999995	0.312	0.7829999999999999	0.484	0.7070000000000001	0.294	0.358	0.32299999999999995	0.366	0.35100000000000003
29.05	0.555	0.857	0.652	0.871	0.8740000000000001	0.428	0.26899999999999996	0.613	0.5579999999999999	0.7390000000000001	0.317	0.402	0.385	0.424	0.373	1.067	1.067	0.6890000000000001	0.9520000000000001	0.993	0.434	0.311	0.828	0.648	0.7829999999999999	0.322	0.389	0.376	0.424	0.376	0.9990000000000001	1.036	0.621	0.953	0.9990000000000001	0.442	0.308	0.787	0.478	0.706	0.293	0.35600000000000004	0.324	0.366	0.35
29.32	0.552	0.866	0.648	0.87	0.8740000000000001	0.425	0.265	0.605	0.557	0.74	0.317	0.401	0.387	0.42100000000000004	0.37200000000000005	1.068	1.0590000000000002	0.687	0.953	0.993	0.433	0.309	0.818	0.652	0.782	0.322	0.38799999999999996	0.376	0.42200000000000004	0.377	0.9990000000000001	1.03	0.621	0.953	0.9990000000000001	0.44	0.307	0.78	0.478	0.705	0.292	0.355	0.322	0.368	0.348
29.58	0.55	0.863	0.645	0.868	0.87	0.426	0.264	0.603	0.556	0.738	0.316	0.4	0.385	0.425	0.37	1.068	1.068	0.687	0.9520000000000001	0.9940000000000001	0.43200000000000005	0.309	0.826	0.6509999999999999	0.7829999999999999	0.322	0.38799999999999996	0.375	0.42200000000000004	0.374	0.9990000000000001	1.044	0.619	0.953	1.0	0.439	0.32	0.7829999999999999	0.47200000000000003	0.708	0.29100000000000004	0.355	0.322	0.36700000000000005	0.348
29.83	0.546	0.8540000000000001	0.644	0.867	0.87	0.42	0.27	0.597	0.5589999999999999	0.738	0.316	0.4	0.387	0.423	0.369	1.069	1.067	0.684	0.9520000000000001	0.9940000000000001	0.431	0.309	0.8240000000000001	0.6509999999999999	0.782	0.32	0.387	0.376	0.424	0.37200000000000005	0.9990000000000001	1.037	0.618	0.9520000000000001	1.001	0.439	0.32299999999999995	0.779	0.47100000000000003	0.703	0.29	0.354	0.324	0.36700000000000005	0.34700000000000003
30.1	0.5429999999999999	0.8440000000000001	0.639	0.8640000000000001	0.867	0.41700000000000004	0.26899999999999996	0.5920000000000001	0.551	0.7390000000000001	0.316	0.4	0.385	0.424	0.368	1.071	1.073	0.6829999999999999	0.953	0.996	0.43	0.31	0.825	0.6509999999999999	0.785	0.321	0.386	0.377	0.424	0.373	0.9990000000000001	1.025	0.616	0.953	1.001	0.43799999999999994	0.32299999999999995	0.777	0.469	0.7	0.28800000000000003	0.354	0.32299999999999995	0.36700000000000005	0.34600000000000003
30.37	0.54	0.8440000000000001	0.636	0.863	0.866	0.415	0.264	0.589	0.5539999999999999	0.737	0.314	0.39899999999999997	0.386	0.424	0.366	1.071	1.075	0.682	0.9540000000000001	0.996	0.43	0.31	0.821	0.653	0.784	0.321	0.387	0.377	0.426	0.371	0.998	1.021	0.616	0.953	1.001	0.436	0.316	0.784	0.46799999999999997	0.6990000000000001	0.289	0.35200000000000004	0.322	0.368	0.345
30.63	0.536	0.8370000000000001	0.634	0.862	0.863	0.413	0.265	0.5770000000000001	0.55	0.737	0.313	0.39799999999999996	0.386	0.423	0.365	1.072	1.07	0.682	0.9540000000000001	0.998	0.429	0.315	0.8290000000000001	0.6509999999999999	0.785	0.32	0.387	0.376	0.425	0.371	0.9990000000000001	1.042	0.613	0.9540000000000001	1.002	0.435	0.315	0.78	0.469	0.698	0.28800000000000003	0.35200000000000004	0.322	0.368	0.34299999999999997
30.88	0.534	0.833	0.632	0.86	0.861	0.41	0.263	0.581	0.547	0.736	0.313	0.39799999999999996	0.385	0.425	0.363	1.072	1.077	0.679	0.953	0.996	0.428	0.312	0.825	0.6509999999999999	0.7859999999999999	0.32	0.385	0.374	0.426	0.373	0.997	1.0390000000000001	0.614	0.955	1.003	0.434	0.321	0.778	0.46299999999999997	0.695	0.287	0.35200000000000004	0.321	0.366	0.341
31.15	0.529	0.8290000000000001	0.628	0.858	0.8590000000000001	0.408	0.265	0.575	0.545	0.736	0.312	0.39799999999999996	0.384	0.424	0.36200000000000004	1.073	1.077	0.679	0.955	0.998	0.42700000000000005	0.312	0.831	0.648	0.7859999999999999	0.319	0.386	0.376	0.425	0.37	0.997	1.035	0.613	0.9540000000000001	1.003	0.433	0.309	0.777	0.46299999999999997	0.693	0.285	0.35	0.32	0.364	0.33899999999999997
31.42	0.526	0.831	0.625	0.857	0.857	0.406	0.262	0.568	0.5429999999999999	0.737	0.312	0.397	0.385	0.424	0.36	1.074	1.085	0.68	0.955	0.998	0.426	0.315	0.826	0.648	0.785	0.318	0.385	0.374	0.426	0.37200000000000005	0.997	1.038	0.614	0.956	1.004	0.43200000000000005	0.321	0.778	0.461	0.691	0.284	0.35	0.32	0.366	0.33799999999999997
31.67	0.523	0.815	0.623	0.8540000000000001	0.855	0.40399999999999997	0.263	0.56	0.5379999999999999	0.735	0.311	0.396	0.386	0.425	0.36	1.074	1.084	0.679	0.955	0.9990000000000001	0.426	0.31	0.826	0.649	0.7859999999999999	0.318	0.384	0.374	0.425	0.369	0.996	1.042	0.613	0.9540000000000001	1.004	0.431	0.325	0.779	0.455	0.688	0.284	0.34700000000000003	0.319	0.364	0.336
31.93	0.518	0.818	0.618	0.851	0.853	0.402	0.263	0.5579999999999999	0.539	0.737	0.31	0.395	0.385	0.423	0.358	1.075	1.083	0.6809999999999999	0.956	1.0	0.425	0.311	0.826	0.655	0.787	0.317	0.384	0.374	0.425	0.369	0.997	1.037	0.612	0.956	1.006	0.43	0.32	0.7809999999999999	0.45399999999999996	0.6859999999999999	0.282	0.34700000000000003	0.319	0.365	0.335
32.2	0.514	0.805	0.616	0.851	0.851	0.4	0.259	0.555	0.535	0.736	0.31	0.396	0.384	0.424	0.35700000000000004	1.077	1.08	0.6809999999999999	0.956	1.001	0.424	0.312	0.8290000000000001	0.645	0.7859999999999999	0.317	0.38299999999999995	0.375	0.426	0.368	0.9940000000000001	1.0390000000000001	0.613	0.956	1.005	0.429	0.318	0.78	0.449	0.6829999999999999	0.282	0.345	0.319	0.36200000000000004	0.332
32.47	0.51	0.8059999999999999	0.612	0.848	0.8490000000000001	0.39799999999999996	0.261	0.5479999999999999	0.534	0.735	0.309	0.39399999999999996	0.384	0.425	0.354	1.0759999999999998	1.087	0.68	0.956	1.0	0.424	0.312	0.8270000000000001	0.6509999999999999	0.7859999999999999	0.316	0.38299999999999995	0.373	0.426	0.36700000000000005	0.993	1.051	0.614	0.956	1.006	0.428	0.32799999999999996	0.778	0.45	0.682	0.281	0.344	0.318	0.36200000000000004	0.331
32.72	0.506	0.7959999999999999	0.609	0.845	0.846	0.395	0.261	0.5429999999999999	0.526	0.7340000000000001	0.308	0.39399999999999996	0.385	0.425	0.353	1.0759999999999998	1.077	0.6809999999999999	0.956	1.002	0.423	0.315	0.8240000000000001	0.649	0.789	0.316	0.38299999999999995	0.373	0.424	0.365	0.993	1.056	0.615	0.955	1.0070000000000001	0.428	0.318	0.7759999999999999	0.44299999999999995	0.679	0.28	0.345	0.318	0.36	0.32899999999999996
32.98	0.501	0.785	0.606	0.843	0.843	0.39399999999999996	0.257	0.539	0.527	0.735	0.308	0.39399999999999996	0.386	0.424	0.35200000000000004	1.0759999999999998	1.0859999999999999	0.6809999999999999	0.958	1.003	0.423	0.319	0.82	0.644	0.789	0.315	0.382	0.373	0.425	0.364	0.992	1.0490000000000002	0.615	0.956	1.008	0.42700000000000005	0.314	0.778	0.43799999999999994	0.6759999999999999	0.278	0.344	0.317	0.359	0.327
33.25	0.498	0.795	0.602	0.841	0.84	0.391	0.257	0.5329999999999999	0.523	0.733	0.307	0.39299999999999996	0.381	0.423	0.349	1.0759999999999998	1.088	0.682	0.958	1.003	0.423	0.316	0.821	0.6459999999999999	0.787	0.315	0.382	0.37200000000000005	0.423	0.361	0.99	1.047	0.615	0.958	1.008	0.426	0.317	0.774	0.435	0.674	0.278	0.341	0.315	0.358	0.324
33.5	0.491	0.775	0.599	0.838	0.8390000000000001	0.39	0.258	0.534	0.517	0.732	0.306	0.392	0.381	0.424	0.348	1.075	1.079	0.6809999999999999	0.958	1.003	0.42100000000000004	0.318	0.8290000000000001	0.645	0.7859999999999999	0.314	0.38	0.37200000000000005	0.423	0.35700000000000004	0.9890000000000001	1.065	0.615	0.9570000000000001	1.0070000000000001	0.426	0.32	0.775	0.431	0.6709999999999999	0.27699999999999997	0.341	0.315	0.35700000000000004	0.32299999999999995
33.77	0.485	0.772	0.595	0.835	0.8340000000000001	0.38799999999999996	0.256	0.526	0.517	0.732	0.306	0.39	0.381	0.42200000000000004	0.34600000000000003	1.075	1.091	0.6829999999999999	0.958	1.005	0.42200000000000004	0.314	0.825	0.6459999999999999	0.789	0.314	0.381	0.373	0.423	0.35600000000000004	0.987	1.055	0.617	0.9570000000000001	1.0090000000000001	0.424	0.326	0.774	0.429	0.669	0.276	0.34	0.315	0.35700000000000004	0.321
34.03	0.479	0.787	0.5920000000000001	0.8340000000000001	0.8320000000000001	0.385	0.254	0.522	0.511	0.732	0.306	0.391	0.382	0.42	0.345	1.075	1.088	0.6829999999999999	0.9590000000000001	1.005	0.42100000000000004	0.314	0.821	0.645	0.789	0.314	0.379	0.371	0.42100000000000004	0.35200000000000004	0.985	1.052	0.617	0.9570000000000001	1.0090000000000001	0.424	0.326	0.773	0.426	0.665	0.275	0.33899999999999997	0.315	0.355	0.318
34.3	0.474	0.774	0.588	0.83	0.83	0.38299999999999995	0.255	0.519	0.51	0.7290000000000001	0.304	0.39	0.381	0.42100000000000004	0.342	1.075	1.095	0.684	0.9590000000000001	1.005	0.42100000000000004	0.315	0.8270000000000001	0.644	0.789	0.313	0.37799999999999995	0.37	0.42200000000000004	0.35	0.983	1.0590000000000002	0.617	0.958	1.0090000000000001	0.423	0.326	0.7709999999999999	0.42100000000000004	0.662	0.273	0.33799999999999997	0.313	0.354	0.316
34.55	0.469	0.78	0.588	0.8270000000000001	0.826	0.381	0.254	0.514	0.511	0.727	0.303	0.389	0.381	0.42	0.341	1.073	1.085	0.685	0.958	1.004	0.42100000000000004	0.317	0.813	0.645	0.787	0.313	0.37799999999999995	0.369	0.42	0.348	0.981	1.043	0.617	0.9570000000000001	1.008	0.42200000000000004	0.321	0.77	0.42200000000000004	0.6579999999999999	0.272	0.336	0.312	0.353	0.314
34.82	0.461	0.7559999999999999	0.5820000000000001	0.8240000000000001	0.823	0.379	0.252	0.509	0.505	0.727	0.303	0.38799999999999996	0.38	0.419	0.33899999999999997	1.074	1.093	0.684	0.96	1.005	0.42	0.317	0.823	0.6409999999999999	0.7879999999999999	0.311	0.37799999999999995	0.37	0.42	0.345	0.9790000000000001	1.067	0.619	0.958	1.0090000000000001	0.42200000000000004	0.314	0.7709999999999999	0.42	0.655	0.271	0.33399999999999996	0.311	0.35200000000000004	0.311
35.08	0.45399999999999996	0.764	0.578	0.821	0.82	0.377	0.25	0.504	0.503	0.726	0.302	0.38799999999999996	0.379	0.41600000000000004	0.337	1.073	1.082	0.687	0.96	1.005	0.42	0.315	0.8240000000000001	0.644	0.787	0.311	0.37799999999999995	0.369	0.419	0.34299999999999997	0.978	1.052	0.619	0.958	1.0090000000000001	0.42100000000000004	0.32299999999999995	0.767	0.418	0.6509999999999999	0.27	0.33299999999999996	0.311	0.35	0.308
35.33	0.447	0.75	0.578	0.818	0.816	0.375	0.252	0.503	0.499	0.7240000000000001	0.302	0.385	0.37799999999999995	0.41700000000000004	0.335	1.073	1.095	0.687	0.9590000000000001	1.005	0.419	0.318	0.8190000000000001	0.6409999999999999	0.7859999999999999	0.311	0.375	0.36700000000000005	0.41600000000000004	0.33799999999999997	0.976	1.058	0.621	0.958	1.0090000000000001	0.42	0.335	0.772	0.413	0.648	0.26899999999999996	0.331	0.309	0.349	0.305
35.6	0.44	0.764	0.574	0.816	0.8140000000000001	0.373	0.25	0.498	0.493	0.723	0.3	0.384	0.377	0.415	0.33399999999999996	1.071	1.093	0.688	0.961	1.006	0.419	0.318	0.8170000000000001	0.643	0.7859999999999999	0.31	0.376	0.36700000000000005	0.41600000000000004	0.335	0.9740000000000001	1.0490000000000002	0.621	0.958	1.0090000000000001	0.42	0.318	0.769	0.41200000000000003	0.645	0.268	0.331	0.308	0.34700000000000003	0.302
35.87	0.43200000000000005	0.745	0.5720000000000001	0.812	0.8109999999999999	0.371	0.249	0.49700000000000005	0.49200000000000005	0.721	0.299	0.38299999999999995	0.376	0.414	0.331	1.072	1.091	0.69	0.9590000000000001	1.004	0.419	0.32	0.816	0.642	0.7859999999999999	0.308	0.375	0.36700000000000005	0.415	0.33399999999999996	0.971	1.065	0.623	0.958	1.0090000000000001	0.42	0.327	0.7659999999999999	0.409	0.64	0.266	0.33	0.308	0.34600000000000003	0.3
36.12	0.424	0.754	0.5670000000000001	0.8079999999999999	0.8079999999999999	0.368	0.249	0.49	0.49	0.72	0.299	0.382	0.376	0.41200000000000003	0.33	1.07	1.097	0.69	0.961	1.005	0.419	0.316	0.816	0.639	0.787	0.309	0.374	0.366	0.413	0.332	0.97	1.053	0.626	0.958	1.0090000000000001	0.42	0.33299999999999996	0.7659999999999999	0.41	0.636	0.266	0.32899999999999996	0.306	0.345	0.29600000000000004
36.38	0.41700000000000004	0.7440000000000001	0.564	0.805	0.805	0.366	0.247	0.48700000000000004	0.48700000000000004	0.721	0.299	0.382	0.376	0.41100000000000003	0.32899999999999996	1.07	1.104	0.6920000000000001	0.961	1.005	0.419	0.316	0.812	0.64	0.7859999999999999	0.308	0.371	0.36700000000000005	0.41200000000000003	0.327	0.968	1.062	0.627	0.9570000000000001	1.0090000000000001	0.418	0.335	0.767	0.406	0.632	0.264	0.327	0.305	0.344	0.293
36.65	0.41	0.754	0.561	0.802	0.8009999999999999	0.364	0.244	0.483	0.484	0.718	0.297	0.379	0.374	0.41	0.32799999999999996	1.071	1.102	0.6920000000000001	0.96	1.004	0.418	0.32	0.816	0.638	0.785	0.307	0.371	0.365	0.409	0.32799999999999996	0.965	1.054	0.627	0.9570000000000001	1.0090000000000001	0.418	0.325	0.768	0.401	0.627	0.263	0.325	0.306	0.344	0.29
36.92	0.40399999999999997	0.736	0.5579999999999999	0.7979999999999999	0.797	0.36200000000000004	0.243	0.48	0.483	0.716	0.297	0.379	0.374	0.40700000000000003	0.325	1.069	1.105	0.693	0.961	1.006	0.419	0.316	0.815	0.637	0.7859999999999999	0.308	0.371	0.365	0.40700000000000003	0.32299999999999995	0.963	1.062	0.628	0.9570000000000001	1.01	0.418	0.335	0.769	0.401	0.622	0.262	0.325	0.303	0.341	0.28800000000000003
37.17	0.39799999999999996	0.7490000000000001	0.557	0.795	0.795	0.359	0.244	0.47600000000000003	0.48200000000000004	0.716	0.29600000000000004	0.379	0.374	0.405	0.324	1.069	1.0959999999999999	0.695	0.961	1.006	0.418	0.32	0.81	0.636	0.785	0.306	0.371	0.364	0.40399999999999997	0.321	0.9620000000000001	1.063	0.63	0.958	1.0090000000000001	0.418	0.331	0.762	0.39799999999999996	0.617	0.26	0.32299999999999995	0.302	0.33799999999999997	0.284
37.43	0.392	0.736	0.5539999999999999	0.7929999999999999	0.7909999999999999	0.36700000000000005	0.243	0.474	0.48100000000000004	0.7140000000000001	0.29600000000000004	0.377	0.373	0.402	0.322	1.07	1.092	0.696	0.961	1.006	0.418	0.321	0.813	0.637	0.785	0.306	0.369	0.363	0.401	0.318	0.9590000000000001	1.06	0.631	0.958	1.0090000000000001	0.41700000000000004	0.32799999999999996	0.7609999999999999	0.395	0.612	0.26	0.322	0.301	0.33799999999999997	0.282
37.7	0.386	0.737	0.552	0.789	0.7879999999999999	0.35600000000000004	0.24100000000000002	0.47	0.475	0.713	0.295	0.377	0.37200000000000005	0.4	0.321	1.068	1.103	0.6970000000000001	0.961	1.005	0.41700000000000004	0.319	0.809	0.635	0.7829999999999999	0.305	0.368	0.363	0.39799999999999996	0.315	0.956	1.072	0.632	0.958	1.0090000000000001	0.41700000000000004	0.322	0.763	0.39299999999999996	0.608	0.258	0.32	0.299	0.336	0.278
37.95	0.382	0.721	0.5479999999999999	0.785	0.785	0.36700000000000005	0.24	0.466	0.474	0.711	0.295	0.376	0.371	0.396	0.32	1.068	1.109	0.6990000000000001	0.9620000000000001	1.005	0.41700000000000004	0.318	0.809	0.635	0.784	0.305	0.369	0.36200000000000004	0.39399999999999996	0.313	0.955	1.069	0.633	0.9570000000000001	1.0090000000000001	0.41600000000000004	0.32899999999999996	0.755	0.389	0.6	0.256	0.318	0.298	0.33399999999999996	0.27399999999999997
38.22	0.377	0.723	0.547	0.782	0.78	0.35100000000000003	0.23800000000000002	0.46	0.47200000000000003	0.7090000000000001	0.293	0.373	0.371	0.396	0.316	1.0659999999999998	1.113	0.701	0.9620000000000001	1.005	0.418	0.319	0.81	0.634	0.784	0.304	0.36700000000000005	0.36200000000000004	0.392	0.31	0.9520000000000001	1.053	0.635	0.958	1.008	0.41600000000000004	0.33	0.758	0.385	0.595	0.255	0.317	0.297	0.332	0.271
38.48	0.37	0.732	0.544	0.779	0.778	0.349	0.23800000000000002	0.46	0.47	0.708	0.293	0.373	0.37	0.391	0.319	1.067	1.101	0.7020000000000001	0.9620000000000001	1.006	0.41700000000000004	0.324	0.807	0.63	0.7829999999999999	0.304	0.366	0.36200000000000004	0.389	0.313	0.95	1.063	0.637	0.958	1.008	0.415	0.331	0.757	0.38299999999999995	0.589	0.254	0.315	0.29600000000000004	0.33	0.267
38.75	0.36200000000000004	0.7190000000000001	0.54	0.775	0.774	0.34700000000000003	0.23600000000000002	0.45399999999999996	0.46799999999999997	0.7070000000000001	0.292	0.373	0.369	0.38799999999999996	0.32	1.0659999999999998	1.112	0.7040000000000001	0.963	1.006	0.418	0.32299999999999995	0.8079999999999999	0.634	0.7809999999999999	0.303	0.365	0.361	0.386	0.306	0.946	1.065	0.638	0.9570000000000001	1.0070000000000001	0.415	0.332	0.754	0.382	0.584	0.252	0.314	0.295	0.32899999999999996	0.264
39.0	0.355	0.718	0.5379999999999999	0.772	0.7709999999999999	0.344	0.235	0.451	0.467	0.705	0.29100000000000004	0.37	0.368	0.385	0.312	1.0659999999999998	1.104	0.7040000000000001	0.963	1.0070000000000001	0.41700000000000004	0.325	0.8079999999999999	0.633	0.7829999999999999	0.303	0.366	0.361	0.38299999999999995	0.306	0.9440000000000001	1.063	0.637	0.958	1.008	0.415	0.331	0.757	0.37799999999999995	0.578	0.251	0.312	0.294	0.327	0.26
39.27	0.348	0.715	0.537	0.769	0.768	0.342	0.233	0.447	0.46399999999999997	0.705	0.289	0.369	0.36700000000000005	0.382	0.31	1.064	1.111	0.705	0.961	1.006	0.41700000000000004	0.317	0.8059999999999999	0.63	0.7809999999999999	0.302	0.364	0.358	0.37799999999999995	0.302	0.94	1.068	0.638	0.9590000000000001	1.008	0.414	0.33299999999999996	0.747	0.376	0.5720000000000001	0.249	0.311	0.29100000000000004	0.325	0.257
39.53	0.341	0.7090000000000001	0.535	0.765	0.764	0.34	0.233	0.442	0.46299999999999997	0.701	0.29	0.369	0.36700000000000005	0.379	0.309	1.065	1.095	0.706	0.963	1.006	0.41700000000000004	0.319	0.799	0.628	0.78	0.301	0.36200000000000004	0.359	0.377	0.3	0.9390000000000001	1.063	0.64	0.9570000000000001	1.0070000000000001	0.414	0.319	0.75	0.382	0.565	0.247	0.309	0.29100000000000004	0.324	0.254
39.78	0.33399999999999996	0.72	0.532	0.763	0.7609999999999999	0.33799999999999997	0.23399999999999999	0.44	0.461	0.7	0.289	0.36700000000000005	0.36700000000000005	0.376	0.308	1.063	1.093	0.7090000000000001	0.963	1.005	0.41600000000000004	0.32299999999999995	0.792	0.63	0.779	0.3	0.36200000000000004	0.358	0.373	0.298	0.934	1.045	0.642	0.9570000000000001	1.008	0.414	0.322	0.755	0.377	0.5589999999999999	0.245	0.307	0.28800000000000003	0.32	0.251
40.05	0.326	0.7040000000000001	0.532	0.759	0.758	0.336	0.23199999999999998	0.436	0.45799999999999996	0.6990000000000001	0.28800000000000003	0.366	0.366	0.373	0.305	1.064	1.088	0.711	0.963	1.0070000000000001	0.41700000000000004	0.316	0.7979999999999999	0.624	0.7809999999999999	0.301	0.361	0.35700000000000004	0.37	0.297	0.932	1.036	0.643	0.9590000000000001	1.0070000000000001	0.413	0.331	0.7509999999999999	0.374	0.5539999999999999	0.243	0.305	0.28800000000000003	0.319	0.247
40.32	0.319	0.6990000000000001	0.53	0.7559999999999999	0.754	0.33299999999999996	0.228	0.43200000000000005	0.457	0.698	0.28800000000000003	0.366	0.365	0.373	0.303	1.063	1.107	0.711	0.963	1.006	0.41700000000000004	0.324	0.8	0.627	0.779	0.3	0.36	0.358	0.36700000000000005	0.294	0.929	1.044	0.644	0.9590000000000001	1.0070000000000001	0.413	0.32299999999999995	0.7490000000000001	0.376	0.5489999999999999	0.242	0.302	0.285	0.318	0.244
40.58	0.311	0.6940000000000001	0.528	0.754	0.7509999999999999	0.331	0.226	0.425	0.45399999999999996	0.696	0.287	0.364	0.365	0.366	0.302	1.061	1.095	0.7120000000000001	0.965	1.006	0.41700000000000004	0.32	0.7959999999999999	0.625	0.779	0.3	0.36	0.35700000000000004	0.364	0.292	0.925	1.067	0.645	0.958	1.008	0.413	0.32799999999999996	0.741	0.37200000000000005	0.544	0.24	0.301	0.284	0.315	0.24100000000000002
40.83	0.301	0.6859999999999999	0.527	0.752	0.747	0.32899999999999996	0.223	0.423	0.452	0.696	0.287	0.366	0.366	0.363	0.303	1.0590000000000002	1.101	0.7170000000000001	0.965	1.008	0.418	0.321	0.797	0.624	0.78	0.3	0.359	0.358	0.36200000000000004	0.29100000000000004	0.922	1.0659999999999998	0.65	0.96	1.0070000000000001	0.414	0.335	0.745	0.373	0.54	0.23800000000000002	0.298	0.282	0.311	0.23800000000000002
41.1	0.295	0.6940000000000001	0.524	0.7490000000000001	0.745	0.327	0.223	0.418	0.45	0.691	0.285	0.364	0.363	0.359	0.3	1.052	1.111	0.716	0.965	1.006	0.41700000000000004	0.322	0.795	0.622	0.7759999999999999	0.297	0.35600000000000004	0.354	0.358	0.287	0.9159999999999999	1.053	0.65	0.9590000000000001	1.0070000000000001	0.413	0.33299999999999996	0.743	0.369	0.535	0.23600000000000002	0.297	0.281	0.309	0.23399999999999999
41.37	0.285	0.684	0.522	0.746	0.741	0.325	0.225	0.415	0.449	0.69	0.285	0.36200000000000004	0.364	0.359	0.3	1.05	1.119	0.7170000000000001	0.966	1.006	0.41700000000000004	0.321	0.7879999999999999	0.621	0.777	0.297	0.35700000000000004	0.354	0.35600000000000004	0.287	0.91	1.056	0.6509999999999999	0.9590000000000001	1.006	0.41200000000000003	0.335	0.741	0.37	0.531	0.23399999999999999	0.295	0.278	0.308	0.233
41.62	0.27399999999999997	0.69	0.522	0.742	0.738	0.32299999999999995	0.223	0.41200000000000003	0.449	0.6890000000000001	0.284	0.361	0.36200000000000004	0.35600000000000004	0.297	1.046	1.099	0.7190000000000001	0.966	1.006	0.41700000000000004	0.32	0.78	0.624	0.774	0.29600000000000004	0.355	0.353	0.35200000000000004	0.285	0.905	1.069	0.652	0.9590000000000001	1.006	0.41200000000000003	0.33299999999999996	0.737	0.37	0.526	0.233	0.293	0.278	0.305	0.22899999999999998
41.88	0.262	0.688	0.521	0.7390000000000001	0.736	0.321	0.223	0.408	0.446	0.6859999999999999	0.28300000000000003	0.36	0.36	0.35200000000000004	0.294	1.043	1.099	0.72	0.9670000000000001	1.0070000000000001	0.41700000000000004	0.32799999999999996	0.787	0.621	0.777	0.297	0.354	0.353	0.35100000000000003	0.285	0.9	1.078	0.653	0.9590000000000001	1.006	0.41200000000000003	0.327	0.737	0.36200000000000004	0.523	0.23	0.29100000000000004	0.276	0.304	0.226
42.15	0.252	0.682	0.518	0.736	0.732	0.319	0.223	0.405	0.44799999999999995	0.685	0.282	0.358	0.36	0.35100000000000003	0.292	1.04	1.102	0.721	0.9670000000000001	1.006	0.41700000000000004	0.32299999999999995	0.785	0.621	0.775	0.29600000000000004	0.354	0.35200000000000004	0.348	0.281	0.895	1.061	0.654	0.9590000000000001	1.006	0.41100000000000003	0.325	0.7290000000000001	0.361	0.518	0.22899999999999998	0.28800000000000003	0.27399999999999997	0.301	0.223
42.42	0.24	0.677	0.519	0.735	0.728	0.317	0.218	0.397	0.441	0.684	0.282	0.359	0.36200000000000004	0.34700000000000003	0.292	1.038	1.099	0.728	0.9670000000000001	1.008	0.418	0.325	0.787	0.617	0.7759999999999999	0.29600000000000004	0.354	0.353	0.34600000000000003	0.281	0.8909999999999999	1.067	0.6609999999999999	0.9620000000000001	1.008	0.41200000000000003	0.33399999999999996	0.7240000000000001	0.355	0.515	0.226	0.287	0.271	0.299	0.221
42.67	0.22899999999999998	0.674	0.517	0.731	0.726	0.314	0.22	0.395	0.442	0.682	0.281	0.35700000000000004	0.358	0.345	0.289	1.034	1.103	0.7240000000000001	0.968	1.0070000000000001	0.41600000000000004	0.32299999999999995	0.7809999999999999	0.614	0.774	0.295	0.353	0.35100000000000003	0.344	0.278	0.885	1.057	0.66	0.96	1.0070000000000001	0.41200000000000003	0.327	0.7290000000000001	0.355	0.51	0.225	0.284	0.26899999999999996	0.29600000000000004	0.21899999999999997
42.93	0.21600000000000003	0.6709999999999999	0.514	0.728	0.723	0.312	0.218	0.39	0.44299999999999995	0.6809999999999999	0.281	0.35600000000000004	0.359	0.344	0.28800000000000003	1.031	1.093	0.725	0.968	1.0070000000000001	0.41700000000000004	0.321	0.785	0.615	0.773	0.294	0.35100000000000003	0.35	0.342	0.276	0.882	1.06	0.659	0.96	1.006	0.41100000000000003	0.321	0.716	0.35100000000000003	0.507	0.223	0.282	0.268	0.294	0.21600000000000003
43.2	0.205	0.674	0.513	0.725	0.721	0.31	0.218	0.38799999999999996	0.44	0.6759999999999999	0.28	0.355	0.35600000000000004	0.341	0.28600000000000003	1.028	1.091	0.727	0.965	1.0070000000000001	0.41700000000000004	0.321	0.7809999999999999	0.609	0.7709999999999999	0.294	0.35100000000000003	0.35	0.34	0.275	0.878	1.057	0.66	0.9570000000000001	1.006	0.41100000000000003	0.324	0.726	0.34600000000000003	0.504	0.22	0.28	0.265	0.29100000000000004	0.214
43.45	0.19399999999999998	0.6659999999999999	0.513	0.72	0.718	0.308	0.21600000000000003	0.38299999999999995	0.439	0.6759999999999999	0.27899999999999997	0.354	0.35700000000000004	0.33899999999999997	0.285	1.025	1.09	0.73	0.965	1.0070000000000001	0.41700000000000004	0.318	0.778	0.609	0.772	0.293	0.35	0.348	0.337	0.273	0.8740000000000001	1.047	0.662	0.9570000000000001	1.0070000000000001	0.41100000000000003	0.324	0.721	0.342	0.501	0.21899999999999997	0.278	0.263	0.289	0.21100000000000002
43.72	0.183	0.662	0.512	0.7170000000000001	0.7140000000000001	0.307	0.214	0.37799999999999995	0.43799999999999994	0.675	0.278	0.35200000000000004	0.355	0.337	0.28300000000000003	1.023	1.083	0.731	0.965	1.008	0.418	0.32299999999999995	0.775	0.612	0.77	0.293	0.349	0.348	0.336	0.271	0.871	1.041	0.664	0.955	1.005	0.41	0.322	0.722	0.34	0.498	0.217	0.276	0.261	0.287	0.209
43.98	0.174	0.66	0.51	0.713	0.71	0.304	0.214	0.374	0.43700000000000006	0.6729999999999999	0.278	0.35100000000000003	0.355	0.335	0.28300000000000003	1.02	1.078	0.731	0.965	1.006	0.418	0.32299999999999995	0.774	0.61	0.769	0.292	0.348	0.34700000000000003	0.33399999999999996	0.271	0.866	1.04	0.667	0.956	1.005	0.41100000000000003	0.321	0.718	0.337	0.494	0.215	0.27399999999999997	0.259	0.285	0.207
44.25	0.16399999999999998	0.653	0.508	0.708	0.708	0.302	0.212	0.371	0.436	0.672	0.27699999999999997	0.35100000000000003	0.355	0.33399999999999996	0.282	1.018	1.069	0.733	0.965	1.006	0.41700000000000004	0.319	0.773	0.608	0.77	0.29100000000000004	0.34700000000000003	0.348	0.332	0.27	0.862	1.038	0.6659999999999999	0.955	1.006	0.41100000000000003	0.318	0.715	0.332	0.49200000000000005	0.214	0.271	0.257	0.282	0.20600000000000002
44.5	0.152	0.65	0.507	0.706	0.705	0.301	0.209	0.363	0.431	0.6679999999999999	0.27699999999999997	0.35	0.353	0.332	0.27899999999999997	1.014	1.071	0.7340000000000001	0.965	1.008	0.41700000000000004	0.32	0.77	0.61	0.769	0.29100000000000004	0.34600000000000003	0.34700000000000003	0.331	0.268	0.8590000000000001	1.036	0.669	0.956	1.0090000000000001	0.41	0.312	0.706	0.32799999999999996	0.491	0.212	0.26899999999999996	0.255	0.28	0.204
44.77	0.14	0.643	0.506	0.7020000000000001	0.703	0.299	0.21	0.358	0.43	0.6679999999999999	0.276	0.348	0.35200000000000004	0.331	0.27899999999999997	1.012	1.065	0.736	0.966	1.0090000000000001	0.41700000000000004	0.325	0.768	0.603	0.77	0.292	0.34600000000000003	0.34600000000000003	0.32799999999999996	0.266	0.856	1.028	0.6709999999999999	0.9570000000000001	1.008	0.41100000000000003	0.319	0.705	0.326	0.48700000000000004	0.21	0.266	0.252	0.27899999999999997	0.203
45.03	0.127	0.6409999999999999	0.503	0.7	0.701	0.297	0.20600000000000002	0.35200000000000004	0.428	0.665	0.275	0.34700000000000003	0.35100000000000003	0.327	0.276	1.0090000000000001	1.0590000000000002	0.738	0.9670000000000001	1.011	0.41700000000000004	0.32	0.7609999999999999	0.603	0.769	0.29100000000000004	0.345	0.34600000000000003	0.327	0.266	0.853	1.014	0.672	0.9570000000000001	1.0090000000000001	0.41	0.321	0.703	0.325	0.485	0.20800000000000002	0.264	0.25	0.278	0.2
45.28	0.114	0.632	0.503	0.6970000000000001	0.6990000000000001	0.295	0.205	0.34600000000000003	0.425	0.665	0.275	0.34700000000000003	0.35100000000000003	0.326	0.276	1.006	1.052	0.7390000000000001	0.968	1.011	0.418	0.314	0.764	0.601	0.768	0.29	0.345	0.345	0.325	0.265	0.8490000000000001	1.012	0.674	0.9570000000000001	1.01	0.41	0.319	0.7	0.322	0.48200000000000004	0.207	0.261	0.248	0.27399999999999997	0.19899999999999998
45.55	0.102	0.625	0.501	0.695	0.698	0.294	0.205	0.341	0.424	0.662	0.27399999999999997	0.34600000000000003	0.35100000000000003	0.325	0.275	1.004	1.051	0.742	0.9670000000000001	1.011	0.418	0.324	0.765	0.599	0.768	0.29	0.344	0.344	0.324	0.262	0.846	1.01	0.674	0.9570000000000001	1.011	0.41	0.318	0.6920000000000001	0.317	0.48100000000000004	0.205	0.259	0.24600000000000002	0.272	0.19699999999999998
45.82	0.09300000000000001	0.621	0.499	0.6920000000000001	0.695	0.292	0.205	0.335	0.423	0.659	0.273	0.345	0.349	0.322	0.272	1.001	1.054	0.743	0.968	1.013	0.418	0.322	0.76	0.595	0.768	0.289	0.34299999999999997	0.345	0.32299999999999995	0.262	0.843	1.0070000000000001	0.6759999999999999	0.9590000000000001	1.012	0.41	0.322	0.687	0.315	0.478	0.204	0.258	0.243	0.27	0.196
46.07	0.085	0.615	0.49700000000000005	0.6890000000000001	0.693	0.29	0.203	0.32899999999999996	0.42100000000000004	0.6579999999999999	0.272	0.344	0.348	0.321	0.271	0.997	1.038	0.7440000000000001	0.9640000000000001	1.014	0.423	0.317	0.765	0.596	0.765	0.289	0.342	0.34299999999999997	0.321	0.26	0.838	1.003	0.6779999999999999	0.955	1.013	0.41	0.316	0.687	0.313	0.47600000000000003	0.203	0.255	0.24100000000000002	0.268	0.195
46.33	0.08	0.608	0.49700000000000005	0.6859999999999999	0.69	0.28800000000000003	0.203	0.324	0.41700000000000004	0.654	0.272	0.342	0.34700000000000003	0.319	0.26899999999999996	0.991	1.04	0.745	0.96	1.015	0.419	0.319	0.76	0.595	0.7659999999999999	0.28800000000000003	0.342	0.34299999999999997	0.319	0.259	0.8340000000000001	0.993	0.6779999999999999	0.951	1.013	0.41	0.32	0.6809999999999999	0.307	0.474	0.20199999999999999	0.252	0.239	0.267	0.193
46.6	0.076	0.599	0.495	0.68	0.687	0.28600000000000003	0.2	0.317	0.41700000000000004	0.653	0.272	0.34299999999999997	0.34700000000000003	0.317	0.268	0.985	1.026	0.747	0.955	1.0170000000000001	0.418	0.319	0.759	0.591	0.765	0.28800000000000003	0.341	0.34299999999999997	0.319	0.258	0.826	0.993	0.679	0.946	1.014	0.409	0.316	0.684	0.302	0.47100000000000003	0.2	0.25	0.237	0.264	0.192
46.87	0.073	0.595	0.494	0.674	0.6859999999999999	0.285	0.19899999999999998	0.312	0.415	0.6509999999999999	0.271	0.341	0.34600000000000003	0.316	0.267	0.978	1.018	0.748	0.951	1.0170000000000001	0.418	0.313	0.7559999999999999	0.59	0.765	0.287	0.33899999999999997	0.341	0.316	0.256	0.8190000000000001	0.982	0.6809999999999999	0.941	1.013	0.409	0.312	0.6729999999999999	0.298	0.47100000000000003	0.19899999999999998	0.248	0.235	0.262	0.191
47.12	0.07200000000000001	0.586	0.49200000000000005	0.669	0.6829999999999999	0.28300000000000003	0.198	0.307	0.413	0.649	0.27	0.341	0.34600000000000003	0.315	0.265	0.973	1.011	0.7509999999999999	0.9470000000000001	1.0170000000000001	0.418	0.321	0.758	0.589	0.764	0.28800000000000003	0.34	0.341	0.316	0.255	0.8140000000000001	0.972	0.682	0.938	1.01	0.41	0.315	0.6729999999999999	0.299	0.46799999999999997	0.198	0.247	0.233	0.261	0.18899999999999997
47.38	0.071	0.579	0.491	0.662	0.6779999999999999	0.282	0.196	0.299	0.41200000000000003	0.648	0.26899999999999996	0.33899999999999997	0.344	0.313	0.263	0.9670000000000001	1.011	0.7509999999999999	0.9420000000000001	1.015	0.418	0.318	0.746	0.588	0.763	0.28600000000000003	0.33899999999999997	0.341	0.314	0.254	0.81	0.977	0.685	0.9329999999999999	1.0070000000000001	0.409	0.311	0.675	0.29100000000000004	0.473	0.19699999999999998	0.244	0.231	0.259	0.188
47.65	0.07	0.573	0.489	0.6579999999999999	0.6729999999999999	0.28	0.196	0.293	0.409	0.6459999999999999	0.26899999999999996	0.33899999999999997	0.34600000000000003	0.312	0.262	0.9620000000000001	1.005	0.753	0.937	1.012	0.418	0.317	0.752	0.588	0.763	0.28600000000000003	0.33799999999999997	0.34	0.312	0.253	0.804	0.963	0.685	0.9279999999999999	1.003	0.41	0.316	0.6679999999999999	0.293	0.46399999999999997	0.195	0.242	0.22899999999999998	0.257	0.187
47.9	0.069	0.568	0.48700000000000004	0.652	0.6679999999999999	0.27899999999999997	0.19699999999999998	0.29	0.408	0.644	0.268	0.33799999999999997	0.344	0.308	0.26	0.9570000000000001	0.9990000000000001	0.754	0.9329999999999999	1.0070000000000001	0.418	0.311	0.75	0.585	0.7609999999999999	0.28800000000000003	0.337	0.34	0.311	0.253	0.799	0.965	0.687	0.924	1.0	0.409	0.317	0.662	0.28800000000000003	0.469	0.19399999999999998	0.24100000000000002	0.22699999999999998	0.255	0.185
48.17	0.069	0.562	0.485	0.647	0.662	0.27699999999999997	0.196	0.285	0.408	0.642	0.268	0.337	0.34299999999999997	0.308	0.259	0.95	0.987	0.755	0.9279999999999999	1.005	0.418	0.316	0.747	0.5820000000000001	0.7609999999999999	0.285	0.336	0.33899999999999997	0.31	0.253	0.7929999999999999	0.948	0.6890000000000001	0.9179999999999999	0.995	0.409	0.31	0.6609999999999999	0.285	0.461	0.193	0.23800000000000002	0.22399999999999998	0.253	0.185
48.43	0.068	0.551	0.484	0.642	0.6559999999999999	0.275	0.195	0.28	0.405	0.642	0.267	0.336	0.342	0.305	0.258	0.945	0.982	0.758	0.922	1.0	0.419	0.309	0.7490000000000001	0.58	0.759	0.285	0.336	0.337	0.309	0.251	0.7879999999999999	0.9420000000000001	0.69	0.914	0.992	0.409	0.311	0.655	0.28300000000000003	0.45799999999999996	0.193	0.23600000000000002	0.222	0.251	0.183
48.7	0.068	0.544	0.48200000000000004	0.635	0.6509999999999999	0.27399999999999997	0.195	0.273	0.40299999999999997	0.638	0.267	0.336	0.341	0.304	0.256	0.9390000000000001	0.981	0.758	0.917	0.998	0.418	0.315	0.7440000000000001	0.578	0.759	0.28300000000000003	0.335	0.33799999999999997	0.307	0.249	0.7829999999999999	0.945	0.691	0.907	0.9890000000000001	0.409	0.31	0.657	0.27899999999999997	0.457	0.192	0.235	0.221	0.249	0.182
48.95	0.067	0.537	0.48100000000000004	0.63	0.6459999999999999	0.272	0.195	0.266	0.402	0.636	0.266	0.33399999999999996	0.341	0.302	0.256	0.935	0.968	0.759	0.91	0.995	0.419	0.314	0.743	0.575	0.76	0.284	0.335	0.33799999999999997	0.304	0.25	0.778	0.9329999999999999	0.693	0.903	0.986	0.409	0.31	0.648	0.27399999999999997	0.455	0.191	0.23399999999999999	0.21899999999999997	0.249	0.18100000000000002
49.22	0.067	0.5329999999999999	0.48	0.626	0.6409999999999999	0.271	0.193	0.261	0.4	0.633	0.266	0.332	0.34	0.301	0.254	0.929	0.9640000000000001	0.759	0.904	0.992	0.419	0.317	0.742	0.575	0.76	0.28300000000000003	0.33399999999999996	0.33799999999999997	0.304	0.248	0.773	0.929	0.6940000000000001	0.895	0.982	0.409	0.312	0.643	0.26899999999999996	0.45299999999999996	0.19	0.23199999999999998	0.218	0.247	0.18
49.48	0.065	0.525	0.47700000000000004	0.62	0.636	0.26899999999999996	0.192	0.256	0.39799999999999996	0.631	0.265	0.33299999999999996	0.34	0.299	0.253	0.9229999999999999	0.953	0.763	0.897	0.988	0.419	0.315	0.742	0.5710000000000001	0.758	0.28300000000000003	0.33299999999999996	0.337	0.303	0.248	0.769	0.9159999999999999	0.696	0.8909999999999999	0.98	0.408	0.306	0.639	0.267	0.451	0.18899999999999997	0.23	0.21600000000000003	0.244	0.179
49.73	0.065	0.516	0.47600000000000003	0.615	0.63	0.268	0.18899999999999997	0.25	0.396	0.628	0.264	0.332	0.33899999999999997	0.299	0.251	0.9179999999999999	0.9520000000000001	0.763	0.89	0.986	0.418	0.317	0.7440000000000001	0.5720000000000001	0.7559999999999999	0.28300000000000003	0.332	0.336	0.301	0.24600000000000002	0.763	0.9109999999999999	0.6970000000000001	0.884	0.976	0.409	0.307	0.634	0.262	0.45	0.188	0.22899999999999998	0.214	0.243	0.17800000000000002
50.0	0.064	0.508	0.475	0.61	0.625	0.266	0.18899999999999997	0.244	0.396	0.628	0.264	0.33	0.337	0.297	0.25	0.912	0.9329999999999999	0.7659999999999999	0.882	0.983	0.419	0.311	0.737	0.568	0.757	0.282	0.33299999999999996	0.336	0.299	0.247	0.759	0.897	0.6990000000000001	0.877	0.973	0.408	0.308	0.634	0.258	0.44799999999999995	0.187	0.22699999999999998	0.213	0.24100000000000002	0.177
50.27	0.063	0.5	0.473	0.606	0.621	0.264	0.188	0.24	0.392	0.625	0.264	0.331	0.337	0.295	0.249	0.9079999999999999	0.9229999999999999	0.7659999999999999	0.875	0.98	0.419	0.306	0.732	0.5670000000000001	0.755	0.282	0.332	0.335	0.298	0.244	0.753	0.9	0.7	0.87	0.97	0.408	0.307	0.63	0.255	0.446	0.187	0.225	0.21100000000000002	0.24	0.175
50.53	0.063	0.489	0.47200000000000003	0.601	0.615	0.263	0.183	0.233	0.389	0.622	0.262	0.32899999999999996	0.336	0.294	0.247	0.902	0.922	0.767	0.866	0.976	0.419	0.311	0.733	0.564	0.755	0.281	0.33	0.33399999999999996	0.297	0.244	0.7490000000000001	0.883	0.701	0.863	0.9670000000000001	0.408	0.303	0.624	0.248	0.445	0.18600000000000003	0.22399999999999998	0.21100000000000002	0.239	0.174
