Time	Temp_C	L0S1-100_1	L0S1-100_2	L0S1-100_3	L1S1-100_1	L1S1-100_2	L1S1-100_3	L2S1-100_1	L2S1-100_2	L0S2-100_1	L0S2-100_2	L0S2-100_3	L1S2-100_1	L1S2-100_2	L1S2-100_3	L2S2-100_1	L2S2-100_2	L0S3-100_1	L0S3-100_2	L0S3-100_3	L1S3-100_1	L1S3-100_2	L1S3-100_3	L2S3-100_1	L2S3-100_2	L0S4-100_1	L0S4-100_2	L0S4-100_3	L1S4-100_1	L1S4-100_2	L1S4-100_3	L2S4-100_1	L2S4-100_2	L0S5-100_1	L0S5-100_2	L0S5-100_3	L1S5-100_1	L1S5-100_2	L1S5-100_3	L2S5-100_1	L2S5-100_2	L2S1-100_3	L2S2-100_3	L2S3-100_3	L2S4-100_3	L2S5-100_3
0:00:00	25.0	0.055999999999999994	0.039	0.039	0.044000000000000004	0.044000000000000004	0.040999999999999995	0.045	0.046	0.054000000000000006	0.047	0.048	0.04	0.057	0.068	0.044000000000000004	0.05	0.052000000000000005	0.048	0.052000000000000005	0.049	0.044000000000000004	0.045	0.042	0.045	0.051	0.054000000000000006	0.057	0.046	0.046	0.055	0.046	0.046	0.054000000000000006	0.049	0.055999999999999994	0.272	0.04	0.049	0.042	0.046	0.055	0.05	0.044000000000000004	0.043	0.043
0:15:43	25.1	0.055999999999999994	0.055	0.055	0.045	0.046	0.046	0.047	0.047	0.055	0.055999999999999994	0.055999999999999994	0.048	0.05	0.051	0.045	0.047	0.059000000000000004	0.057999999999999996	0.057999999999999996	0.053	0.05	0.048	0.043	0.043	0.057999999999999996	0.06	0.057	0.048	0.05	0.05	0.045	0.045	0.057	0.059000000000000004	0.057999999999999996	0.055	0.059000000000000004	0.071	0.045	0.045	0.047	0.048	0.044000000000000004	0.044000000000000004	0.046
0:31:25	25.0	0.055999999999999994	0.055	0.055999999999999994	0.046	0.046	0.047	0.047	0.047	0.055	0.055999999999999994	0.057	0.048	0.05	0.05	0.046	0.048	0.059000000000000004	0.057999999999999996	0.057999999999999996	0.05	0.049	0.048	0.044000000000000004	0.043	0.057999999999999996	0.061	0.057999999999999996	0.049	0.05	0.051	0.045	0.046	0.057999999999999996	0.059000000000000004	0.059000000000000004	0.061	0.061	0.07	0.045	0.048	0.048	0.048	0.044000000000000004	0.044000000000000004	0.046
0:47:08	25.0	0.057	0.055	0.055999999999999994	0.046	0.047	0.047	0.047	0.047	0.055999999999999994	0.057	0.057	0.048	0.05	0.05	0.046	0.047	0.059000000000000004	0.059000000000000004	0.057999999999999996	0.051	0.049	0.048	0.044000000000000004	0.044000000000000004	0.059000000000000004	0.062	0.059000000000000004	0.049	0.051	0.051	0.046	0.046	0.057999999999999996	0.059000000000000004	0.059000000000000004	0.065	0.062	0.068	0.046	0.046	0.047	0.049	0.044000000000000004	0.045	0.045
1:02:50	25.0	0.057999999999999996	0.055999999999999994	0.057	0.047	0.047	0.048	0.048	0.048	0.057	0.057	0.057999999999999996	0.048	0.051	0.051	0.047	0.048	0.06	0.059000000000000004	0.059000000000000004	0.049	0.049	0.049	0.045	0.044000000000000004	0.061	0.064	0.06	0.05	0.052000000000000005	0.052000000000000005	0.046	0.047	0.059000000000000004	0.06	0.06	0.057	0.067	0.07400000000000001	0.046	0.048	0.048	0.049	0.045	0.045	0.046
1:18:33	25.0	0.059000000000000004	0.057	0.057999999999999996	0.047	0.048	0.048	0.049	0.049	0.057	0.057999999999999996	0.059000000000000004	0.049	0.05	0.051	0.047	0.051	0.061	0.06	0.06	0.051	0.049	0.051	0.045	0.044000000000000004	0.062	0.065	0.061	0.051	0.053	0.053	0.047	0.047	0.059000000000000004	0.061	0.061	0.062	0.063	0.073	0.046	0.047	0.049	0.05	0.045	0.046	0.046
1:34:16	25.0	0.059000000000000004	0.057999999999999996	0.057999999999999996	0.048	0.049	0.049	0.05	0.05	0.057999999999999996	0.059000000000000004	0.06	0.049	0.05	0.051	0.047	0.049	0.062	0.061	0.061	0.051	0.05	0.049	0.045	0.045	0.063	0.067	0.062	0.051	0.054000000000000006	0.054000000000000006	0.048	0.048	0.06	0.062	0.062	0.063	0.067	0.08199999999999999	0.047	0.047	0.05	0.05	0.046	0.047	0.047
1:49:58	25.0	0.06	0.059000000000000004	0.059000000000000004	0.049	0.049	0.05	0.051	0.051	0.059000000000000004	0.06	0.06	0.049	0.05	0.051	0.048	0.05	0.063	0.061	0.061	0.052000000000000005	0.052000000000000005	0.049	0.046	0.046	0.065	0.069	0.064	0.052000000000000005	0.055	0.055	0.049	0.049	0.062	0.063	0.063	0.067	0.063	0.077	0.047	0.048	0.051	0.05	0.047	0.048	0.047
2:05:41	25.0	0.062	0.06	0.061	0.049	0.05	0.051	0.052000000000000005	0.053	0.06	0.061	0.061	0.049	0.051	0.057	0.049	0.051	0.063	0.063	0.063	0.051	0.05	0.049	0.047	0.047	0.066	0.07	0.065	0.053	0.055999999999999994	0.057	0.05	0.05	0.063	0.065	0.065	0.063	0.064	0.085	0.048	0.049	0.052000000000000005	0.051	0.048	0.048	0.048
2:21:23	25.0	0.064	0.062	0.062	0.05	0.051	0.052000000000000005	0.053	0.054000000000000006	0.061	0.062	0.063	0.05	0.051	0.052000000000000005	0.049	0.052000000000000005	0.064	0.063	0.063	0.051	0.051	0.05	0.048	0.048	0.068	0.07200000000000001	0.067	0.055	0.057999999999999996	0.059000000000000004	0.051	0.052000000000000005	0.065	0.067	0.067	0.059000000000000004	0.068	0.08199999999999999	0.048	0.049	0.053	0.053	0.049	0.049	0.049
2:37:06	25.0	0.066	0.064	0.064	0.051	0.053	0.053	0.054000000000000006	0.055999999999999994	0.062	0.064	0.064	0.051	0.052000000000000005	0.055	0.052000000000000005	0.053	0.066	0.065	0.065	0.052000000000000005	0.051	0.05	0.05	0.049	0.07	0.075	0.069	0.057	0.06	0.06	0.052000000000000005	0.054000000000000006	0.068	0.07	0.069	0.073	0.07	0.075	0.049	0.05	0.055	0.054000000000000006	0.049	0.051	0.05
2:52:48	25.1	0.069	0.066	0.067	0.053	0.054000000000000006	0.055	0.055999999999999994	0.059000000000000004	0.064	0.065	0.066	0.051	0.053	0.054000000000000006	0.052000000000000005	0.055	0.067	0.066	0.066	0.052000000000000005	0.051	0.05	0.051	0.05	0.073	0.079	0.073	0.057999999999999996	0.062	0.063	0.054000000000000006	0.055	0.071	0.073	0.07200000000000001	0.071	0.071	0.094	0.05	0.052000000000000005	0.057	0.055	0.051	0.052000000000000005	0.051
3:08:31	25.1	0.073	0.07	0.07	0.054000000000000006	0.055999999999999994	0.057	0.059000000000000004	0.061	0.066	0.067	0.068	0.052000000000000005	0.054000000000000006	0.055	0.053	0.057	0.069	0.067	0.068	0.052000000000000005	0.052000000000000005	0.051	0.052000000000000005	0.052000000000000005	0.077	0.085	0.077	0.061	0.065	0.066	0.055999999999999994	0.057999999999999996	0.07400000000000001	0.076	0.076	0.068	0.079	0.084	0.052000000000000005	0.053	0.059000000000000004	0.057	0.053	0.055	0.052000000000000005
3:24:13	25.1	0.077	0.07400000000000001	0.07400000000000001	0.055999999999999994	0.057999999999999996	0.059000000000000004	0.061	0.064	0.068	0.07	0.071	0.053	0.055	0.055999999999999994	0.055	0.061	0.071	0.07	0.07	0.053	0.052000000000000005	0.051	0.054000000000000006	0.054000000000000006	0.083	0.091	0.083	0.064	0.07	0.07	0.059000000000000004	0.061	0.078	0.081	0.08	0.11800000000000001	0.079	0.094	0.053	0.055	0.067	0.059000000000000004	0.055	0.057	0.054000000000000006
3:39:56	25.1	0.083	0.079	0.079	0.059000000000000004	0.061	0.061	0.064	0.068	0.07200000000000001	0.07400000000000001	0.07400000000000001	0.055	0.057	0.057999999999999996	0.057	0.062	0.073	0.07200000000000001	0.07200000000000001	0.054000000000000006	0.053	0.052000000000000005	0.057	0.055999999999999994	0.09	0.1	0.08900000000000001	0.069	0.07400000000000001	0.07400000000000001	0.062	0.065	0.084	0.087	0.086	0.078	0.07400000000000001	0.08800000000000001	0.055	0.057	0.066	0.062	0.057	0.06	0.055999999999999994
3:55:39	25.1	0.09	0.086	0.086	0.061	0.065	0.065	0.068	0.085	0.076	0.079	0.079	0.057	0.059000000000000004	0.061	0.059000000000000004	0.065	0.076	0.075	0.075	0.055	0.054000000000000006	0.053	0.059000000000000004	0.059000000000000004	0.098	0.11	0.099	0.073	0.08	0.081	0.066	0.069	0.091	0.095	0.094	0.081	0.09699999999999999	0.1	0.057	0.059000000000000004	0.07	0.065	0.06	0.063	0.059000000000000004
4:11:21	25.1	0.09699999999999999	0.09300000000000001	0.092	0.064	0.068	0.068	0.073	0.078	0.08	0.084	0.084	0.059000000000000004	0.061	0.07400000000000001	0.063	0.069	0.079	0.078	0.078	0.055999999999999994	0.055	0.053	0.063	0.062	0.107	0.12	0.107	0.078	0.085	0.086	0.071	0.07400000000000001	0.1	0.10400000000000001	0.102	0.076	0.09	0.11800000000000001	0.059000000000000004	0.062	0.27899999999999997	0.069	0.063	0.067	0.062
4:27:04	25.1	0.107	0.102	0.10099999999999999	0.068	0.07400000000000001	0.07400000000000001	0.078	0.084	0.08800000000000001	0.091	0.09	0.063	0.065	0.081	0.066	0.073	0.083	0.08199999999999999	0.08199999999999999	0.057999999999999996	0.055999999999999994	0.055	0.067	0.067	0.11900000000000001	0.136	0.11900000000000001	0.083	0.09300000000000001	0.095	0.077	0.08	0.11	0.11599999999999999	0.114	0.12	0.095	0.11699999999999999	0.062	0.066	0.08199999999999999	0.073	0.067	0.07200000000000001	0.065
4:42:46	25.1	0.115	0.11	0.109	0.073	0.079	0.077	0.085	0.11199999999999999	0.09300000000000001	0.098	0.09699999999999999	0.066	0.069	0.076	0.069	0.078	0.087	0.086	0.087	0.057999999999999996	0.057	0.055	0.071	0.071	0.13	0.14800000000000002	0.13	0.09	0.1	0.1	0.083	0.087	0.121	0.129	0.126	0.094	0.115	0.132	0.066	0.069	0.09	0.08	0.07200000000000001	0.078	0.069
4:58:29	25.1	0.126	0.121	0.11900000000000001	0.077	0.084	0.086	0.092	0.10099999999999999	0.10400000000000001	0.107	0.106	0.071	0.073	0.078	0.07400000000000001	0.083	0.092	0.091	0.091	0.062	0.059000000000000004	0.057	0.077	0.076	0.142	0.162	0.14400000000000002	0.10099999999999999	0.109	0.107	0.094	0.09699999999999999	0.136	0.14300000000000002	0.14	0.102	0.126	0.15	0.069	0.07400000000000001	0.10300000000000001	0.083	0.077	0.085	0.07400000000000001
5:14:12	25.1	0.138	0.134	0.131	0.084	0.091	0.09	0.10099999999999999	0.11199999999999999	0.114	0.11599999999999999	0.115	0.076	0.079	0.083	0.079	0.091	0.098	0.09699999999999999	0.09699999999999999	0.062	0.061	0.057999999999999996	0.084	0.083	0.159	0.179	0.159	0.10800000000000001	0.11800000000000001	0.11800000000000001	0.1	0.106	0.151	0.157	0.153	0.11900000000000001	0.131	0.16399999999999998	0.07400000000000001	0.079	0.12	0.08900000000000001	0.084	0.092	0.079
5:29:54	25.1	0.153	0.147	0.145	0.091	0.099	0.098	0.11199999999999999	0.129	0.125	0.128	0.126	0.08199999999999999	0.085	0.09	0.083	0.09699999999999999	0.105	0.10300000000000001	0.105	0.063	0.063	0.059000000000000004	0.091	0.091	0.17300000000000001	0.19	0.172	0.11599999999999999	0.128	0.128	0.111	0.11699999999999999	0.16399999999999998	0.172	0.168	0.14800000000000002	0.15	0.175	0.079	0.086	0.121	0.09699999999999999	0.091	0.102	0.086
5:45:37	25.1	0.166	0.163	0.16	0.1	0.11	0.10800000000000001	0.124	0.136	0.135	0.14	0.139	0.09	0.092	0.098	0.09	0.106	0.113	0.11199999999999999	0.113	0.066	0.065	0.061	0.1	0.1	0.188	0.207	0.183	0.126	0.14	0.139	0.12300000000000001	0.128	0.183	0.187	0.179	0.155	0.16699999999999998	0.192	0.086	0.09300000000000001	0.134	0.106	0.1	0.114	0.09300000000000001
6:01:19	25.1	0.183	0.175	0.172	0.111	0.121	0.11900000000000001	0.135	0.192	0.14800000000000002	0.155	0.157	0.099	0.10300000000000001	0.11199999999999999	0.099	0.11800000000000001	0.126	0.12300000000000001	0.12300000000000001	0.07	0.068	0.063	0.11	0.111	0.207	0.22899999999999998	0.203	0.13699999999999998	0.152	0.151	0.135	0.141	0.195	0.201	0.195	0.174	0.18100000000000002	0.207	0.09300000000000001	0.10099999999999999	0.14800000000000002	0.11699999999999999	0.111	0.124	0.102
6:17:02	25.1	0.207	0.195	0.18899999999999997	0.12300000000000001	0.133	0.13	0.14800000000000002	0.24100000000000002	0.16399999999999998	0.16899999999999998	0.174	0.11	0.114	0.12	0.11	0.13	0.139	0.136	0.136	0.073	0.07200000000000001	0.066	0.122	0.122	0.228	0.252	0.225	0.149	0.168	0.163	0.149	0.153	0.213	0.22	0.212	0.179	0.19699999999999998	0.22	0.102	0.111	0.222	0.129	0.122	0.13699999999999998	0.11199999999999999
6:32:45	25.1	0.22699999999999998	0.213	0.209	0.133	0.14800000000000002	0.14300000000000002	0.158	0.175	0.17800000000000002	0.184	0.184	0.124	0.128	0.136	0.12	0.142	0.149	0.149	0.15	0.076	0.07400000000000001	0.068	0.131	0.133	0.249	0.27	0.24600000000000002	0.16399999999999998	0.184	0.179	0.16	0.163	0.231	0.239	0.23	0.203	0.212	0.23800000000000002	0.111	0.122	0.193	0.139	0.133	0.15	0.122
6:48:27	25.1	0.245	0.235	0.231	0.149	0.163	0.157	0.17	0.191	0.195	0.204	0.20199999999999999	0.139	0.14400000000000002	0.153	0.134	0.156	0.16399999999999998	0.162	0.162	0.081	0.078	0.07200000000000001	0.14400000000000002	0.147	0.265	0.282	0.261	0.183	0.20600000000000002	0.20199999999999999	0.172	0.17600000000000002	0.249	0.258	0.25	0.213	0.22699999999999998	0.249	0.122	0.133	0.18899999999999997	0.156	0.147	0.16	0.134
7:04:10	25.1	0.262	0.252	0.249	0.163	0.174	0.16899999999999998	0.183	0.20199999999999999	0.21600000000000003	0.223	0.225	0.157	0.162	0.171	0.147	0.168	0.17600000000000002	0.175	0.174	0.086	0.083	0.075	0.156	0.158	0.27899999999999997	0.295	0.275	0.204	0.23199999999999998	0.22399999999999998	0.184	0.19	0.273	0.282	0.27399999999999997	0.231	0.243	0.264	0.134	0.146	0.21100000000000002	0.171	0.158	0.172	0.147
7:19:52	25.1	0.28	0.27	0.27	0.175	0.185	0.18	0.19399999999999998	0.22	0.237	0.24100000000000002	0.25	0.175	0.18	0.188	0.16	0.18600000000000003	0.188	0.187	0.18899999999999997	0.094	0.087	0.079	0.16699999999999998	0.16899999999999998	0.293	0.306	0.285	0.22899999999999998	0.26	0.25	0.19899999999999998	0.201	0.298	0.31	0.293	0.247	0.26	0.271	0.146	0.157	0.214	0.187	0.17	0.185	0.159
7:35:35	25.0	0.299	0.29	0.28600000000000003	0.18600000000000003	0.196	0.191	0.20199999999999999	0.222	0.254	0.259	0.263	0.18899999999999997	0.195	0.204	0.17300000000000001	0.2	0.20199999999999999	0.201	0.20199999999999999	0.09699999999999999	0.094	0.083	0.18	0.18100000000000002	0.303	0.314	0.295	0.256	0.28600000000000003	0.27399999999999997	0.21	0.21	0.322	0.32799999999999996	0.314	0.261	0.27	0.278	0.157	0.168	0.228	0.205	0.183	0.19899999999999998	0.16899999999999998
7:51:17	25.1	0.308	0.304	0.298	0.198	0.20600000000000002	0.201	0.21	0.23	0.273	0.281	0.282	0.20800000000000002	0.215	0.231	0.18899999999999997	0.214	0.218	0.21600000000000003	0.21600000000000003	0.10400000000000001	0.1	0.087	0.193	0.195	0.309	0.322	0.3	0.28600000000000003	0.31	0.297	0.21899999999999997	0.21600000000000003	0.34700000000000003	0.35200000000000004	0.335	0.266	0.275	0.281	0.168	0.18	0.239	0.222	0.19699999999999998	0.207	0.185
8:07:00	25.1	0.314	0.312	0.307	0.20800000000000002	0.21600000000000003	0.21100000000000002	0.217	0.231	0.293	0.29600000000000004	0.3	0.233	0.23800000000000002	0.251	0.205	0.22899999999999998	0.23399999999999999	0.23199999999999998	0.233	0.11199999999999999	0.107	0.092	0.204	0.20600000000000002	0.316	0.32899999999999996	0.308	0.312	0.33399999999999996	0.319	0.22399999999999998	0.215	0.368	0.375	0.35700000000000004	0.27399999999999997	0.28	0.285	0.18	0.196	0.23600000000000002	0.23800000000000002	0.20800000000000002	0.21600000000000003	0.19699999999999998
8:22:43	25.1	0.321	0.32	0.314	0.217	0.225	0.22	0.214	0.228	0.31	0.308	0.314	0.256	0.263	0.27399999999999997	0.222	0.242	0.252	0.25	0.251	0.11699999999999999	0.115	0.098	0.213	0.213	0.326	0.341	0.318	0.335	0.358	0.33399999999999996	0.22	0.21100000000000002	0.39299999999999996	0.39799999999999996	0.379	0.27699999999999997	0.28300000000000003	0.29	0.195	0.20600000000000002	0.233	0.252	0.218	0.222	0.207
8:38:25	25.1	0.331	0.327	0.322	0.226	0.233	0.228	0.21	0.223	0.322	0.318	0.327	0.28	0.285	0.294	0.237	0.248	0.27	0.268	0.26899999999999996	0.128	0.122	0.10400000000000001	0.217	0.21899999999999997	0.337	0.35200000000000004	0.32899999999999996	0.35100000000000003	0.36	0.344	0.21600000000000003	0.20800000000000002	0.413	0.42200000000000004	0.396	0.27899999999999997	0.287	0.294	0.20600000000000002	0.215	0.22699999999999998	0.259	0.226	0.21899999999999997	0.218
8:54:08	25.1	0.341	0.33799999999999997	0.33299999999999996	0.233	0.23600000000000002	0.23199999999999998	0.205	0.218	0.331	0.327	0.337	0.3	0.305	0.314	0.251	0.24600000000000002	0.284	0.28300000000000003	0.28300000000000003	0.138	0.132	0.111	0.215	0.217	0.348	0.365	0.341	0.361	0.366	0.349	0.214	0.20600000000000002	0.435	0.441	0.41700000000000004	0.285	0.29100000000000004	0.301	0.214	0.222	0.221	0.26	0.223	0.214	0.225
9:09:50	25.1	0.353	0.349	0.344	0.235	0.23399999999999999	0.231	0.2	0.215	0.342	0.337	0.348	0.32	0.325	0.32899999999999996	0.254	0.24600000000000002	0.295	0.294	0.294	0.152	0.14300000000000002	0.11800000000000001	0.212	0.214	0.36	0.377	0.353	0.369	0.37200000000000005	0.354	0.21100000000000002	0.205	0.452	0.461	0.435	0.294	0.292	0.306	0.22	0.223	0.217	0.261	0.22	0.212	0.225
9:25:33	25.1	0.36700000000000005	0.361	0.35600000000000004	0.233	0.23199999999999998	0.22899999999999998	0.196	0.212	0.354	0.35	0.363	0.335	0.341	0.337	0.257	0.247	0.306	0.304	0.304	0.16699999999999998	0.157	0.13	0.209	0.21100000000000002	0.373	0.39	0.365	0.376	0.377	0.36200000000000004	0.209	0.203	0.473	0.48200000000000004	0.45799999999999996	0.292	0.298	0.307	0.221	0.221	0.212	0.261	0.217	0.21	0.222
9:41:16	25.1	0.384	0.377	0.37200000000000005	0.23	0.231	0.22699999999999998	0.191	0.207	0.36700000000000005	0.363	0.377	0.34299999999999997	0.345	0.34299999999999997	0.256	0.248	0.315	0.313	0.314	0.18100000000000002	0.172	0.141	0.20800000000000002	0.20800000000000002	0.384	0.402	0.377	0.381	0.38299999999999995	0.365	0.207	0.201	0.491	0.504	0.47600000000000003	0.31	0.301	0.318	0.217	0.217	0.207	0.26	0.215	0.209	0.21899999999999997
9:56:58	25.1	0.401	0.395	0.391	0.22899999999999998	0.231	0.228	0.188	0.205	0.38299999999999995	0.38	0.395	0.348	0.35	0.348	0.257	0.248	0.326	0.32299999999999995	0.325	0.201	0.187	0.155	0.20600000000000002	0.20800000000000002	0.39799999999999996	0.41600000000000004	0.391	0.387	0.387	0.37200000000000005	0.205	0.19899999999999998	0.513	0.526	0.498	0.301	0.31	0.32	0.214	0.21600000000000003	0.204	0.263	0.213	0.207	0.217
10:12:41	25.1	0.415	0.41200000000000003	0.408	0.22899999999999998	0.23199999999999998	0.22899999999999998	0.185	0.203	0.401	0.396	0.413	0.354	0.354	0.35200000000000004	0.257	0.248	0.33799999999999997	0.335	0.33799999999999997	0.22	0.209	0.16899999999999998	0.205	0.20600000000000002	0.414	0.433	0.40700000000000003	0.392	0.39399999999999996	0.37799999999999995	0.20199999999999999	0.196	0.536	0.544	0.521	0.341	0.313	0.331	0.213	0.215	0.201	0.263	0.21100000000000002	0.205	0.21600000000000003
10:28:23	25.1	0.431	0.428	0.425	0.22899999999999998	0.23199999999999998	0.23	0.182	0.201	0.419	0.413	0.431	0.358	0.36	0.36200000000000004	0.258	0.253	0.349	0.34700000000000003	0.349	0.253	0.23	0.18600000000000003	0.205	0.205	0.431	0.449	0.423	0.39799999999999996	0.4	0.384	0.19899999999999998	0.193	0.561	0.5720000000000001	0.5479999999999999	0.313	0.32	0.33399999999999996	0.21100000000000002	0.214	0.2	0.264	0.21	0.20199999999999999	0.215
10:44:06	25.1	0.449	0.447	0.444	0.23	0.23399999999999999	0.231	0.18100000000000002	0.19899999999999998	0.436	0.43	0.449	0.364	0.366	0.364	0.26	0.251	0.361	0.36	0.363	0.268	0.255	0.20600000000000002	0.203	0.204	0.446	0.465	0.43799999999999994	0.40299999999999997	0.40700000000000003	0.392	0.195	0.191	0.585	0.6	0.574	0.32	0.326	0.33899999999999997	0.212	0.214	0.198	0.265	0.21	0.2	0.215
10:59:49	25.0	0.469	0.466	0.462	0.231	0.23399999999999999	0.23199999999999998	0.18	0.19899999999999998	0.45399999999999996	0.449	0.469	0.371	0.375	0.37	0.261	0.253	0.373	0.375	0.37799999999999995	0.29600000000000004	0.276	0.22899999999999998	0.203	0.204	0.46299999999999997	0.48	0.455	0.414	0.41700000000000004	0.40299999999999997	0.192	0.188	0.611	0.624	0.6	0.324	0.33399999999999996	0.341	0.21100000000000002	0.213	0.19699999999999998	0.265	0.20800000000000002	0.196	0.213
11:15:31	25.1	0.488	0.486	0.483	0.231	0.23600000000000002	0.233	0.17800000000000002	0.198	0.47200000000000003	0.465	0.48700000000000004	0.377	0.377	0.377	0.264	0.252	0.389	0.39	0.39299999999999996	0.324	0.299	0.25	0.201	0.203	0.48100000000000004	0.5	0.473	0.425	0.428	0.41200000000000003	0.18899999999999997	0.185	0.635	0.6509999999999999	0.623	0.327	0.336	0.345	0.21	0.212	0.19699999999999998	0.266	0.207	0.192	0.212
11:31:14	25.1	0.505	0.506	0.502	0.231	0.235	0.233	0.17800000000000002	0.19899999999999998	0.48700000000000004	0.483	0.505	0.382	0.382	0.381	0.264	0.255	0.405	0.406	0.41	0.348	0.325	0.271	0.201	0.201	0.505	0.524	0.494	0.43799999999999994	0.43700000000000006	0.423	0.18600000000000003	0.182	0.6579999999999999	0.677	0.65	0.332	0.342	0.359	0.209	0.212	0.19699999999999998	0.266	0.207	0.19	0.21100000000000002
11:46:56	25.1	0.522	0.523	0.52	0.23199999999999998	0.23600000000000002	0.23399999999999999	0.17800000000000002	0.198	0.506	0.504	0.527	0.386	0.387	0.386	0.264	0.255	0.42100000000000004	0.42200000000000004	0.426	0.369	0.365	0.292	0.2	0.201	0.528	0.546	0.516	0.447	0.44799999999999995	0.43200000000000005	0.182	0.18	0.6809999999999999	0.701	0.675	0.33	0.341	0.35100000000000003	0.21	0.21100000000000002	0.19699999999999998	0.266	0.205	0.187	0.212
12:02:39	25.0	0.546	0.545	0.541	0.23199999999999998	0.23600000000000002	0.233	0.17800000000000002	0.19899999999999998	0.528	0.526	0.5489999999999999	0.389	0.392	0.39299999999999996	0.265	0.255	0.43700000000000006	0.43799999999999994	0.44299999999999995	0.431	0.375	0.32	0.19899999999999998	0.19899999999999998	0.55	0.569	0.539	0.457	0.457	0.44299999999999995	0.18	0.177	0.7040000000000001	0.727	0.701	0.33899999999999997	0.34299999999999997	0.35600000000000004	0.209	0.21100000000000002	0.19699999999999998	0.266	0.203	0.184	0.212
12:18:22	25.1	0.5670000000000001	0.563	0.565	0.23199999999999998	0.23600000000000002	0.23399999999999999	0.17800000000000002	0.19899999999999998	0.55	0.547	0.5720000000000001	0.395	0.397	0.397	0.266	0.254	0.457	0.457	0.46299999999999997	0.418	0.39799999999999996	0.34	0.198	0.198	0.5770000000000001	0.595	0.564	0.467	0.46799999999999997	0.45299999999999996	0.17800000000000002	0.175	0.728	0.7490000000000001	0.72	0.336	0.34600000000000003	0.358	0.20800000000000002	0.21	0.198	0.266	0.203	0.183	0.21100000000000002
12:34:04	25.1	0.5870000000000001	0.584	0.586	0.23199999999999998	0.23600000000000002	0.23399999999999999	0.17800000000000002	0.2	0.5720000000000001	0.569	0.593	0.401	0.40299999999999997	0.40399999999999997	0.267	0.255	0.479	0.48100000000000004	0.486	0.441	0.42100000000000004	0.413	0.19699999999999998	0.19699999999999998	0.602	0.62	0.588	0.48	0.478	0.465	0.17600000000000002	0.17300000000000001	0.745	0.768	0.738	0.342	0.349	0.368	0.20600000000000002	0.209	0.2	0.265	0.2	0.18100000000000002	0.21
12:49:47	25.1	0.603	0.603	0.602	0.231	0.23600000000000002	0.23399999999999999	0.17800000000000002	0.201	0.597	0.593	0.62	0.405	0.409	0.409	0.264	0.253	0.502	0.502	0.509	0.46799999999999997	0.442	0.386	0.195	0.196	0.625	0.644	0.612	0.49200000000000005	0.489	0.47700000000000004	0.175	0.172	0.763	0.785	0.755	0.342	0.35100000000000003	0.364	0.207	0.20800000000000002	0.2	0.263	0.2	0.179	0.20800000000000002
13:05:29	25.1	0.622	0.622	0.621	0.23	0.23600000000000002	0.23399999999999999	0.179	0.20199999999999999	0.624	0.618	0.645	0.41100000000000003	0.415	0.41700000000000004	0.265	0.254	0.525	0.525	0.532	0.489	0.467	0.41200000000000003	0.19399999999999998	0.195	0.647	0.6609999999999999	0.633	0.506	0.5	0.491	0.172	0.17	0.778	0.802	0.77	0.35100000000000003	0.353	0.369	0.207	0.207	0.20199999999999999	0.263	0.198	0.177	0.20800000000000002
13:21:12	25.0	0.64	0.64	0.6409999999999999	0.231	0.237	0.235	0.18	0.205	0.649	0.638	0.667	0.42	0.42100000000000004	0.426	0.266	0.254	0.551	0.551	0.557	0.517	0.48700000000000004	0.43200000000000005	0.193	0.19399999999999998	0.66	0.675	0.647	0.523	0.515	0.504	0.172	0.17	0.7909999999999999	0.815	0.7829999999999999	0.344	0.35600000000000004	0.379	0.20600000000000002	0.207	0.203	0.263	0.19699999999999998	0.17600000000000002	0.207
13:36:55	25.1	0.655	0.6579999999999999	0.659	0.231	0.237	0.233	0.182	0.20600000000000002	0.6679999999999999	0.657	0.69	0.424	0.428	0.43	0.265	0.252	0.5770000000000001	0.578	0.585	0.526	0.505	0.457	0.192	0.192	0.679	0.6920000000000001	0.662	0.5379999999999999	0.529	0.516	0.17	0.16699999999999998	0.799	0.823	0.7929999999999999	0.344	0.35700000000000004	0.373	0.20600000000000002	0.207	0.205	0.261	0.195	0.174	0.20800000000000002
13:52:37	25.1	0.667	0.6709999999999999	0.675	0.231	0.23800000000000002	0.23399999999999999	0.185	0.20800000000000002	0.69	0.6779999999999999	0.711	0.43	0.435	0.43700000000000006	0.265	0.252	0.604	0.604	0.61	0.547	0.527	0.485	0.191	0.19	0.7	0.718	0.6859999999999999	0.551	0.545	0.528	0.16899999999999998	0.165	0.8109999999999999	0.836	0.8059999999999999	0.35	0.35700000000000004	0.374	0.204	0.20600000000000002	0.207	0.261	0.19399999999999998	0.17300000000000001	0.20600000000000002
14:08:20	25.1	0.6759999999999999	0.682	0.6859999999999999	0.231	0.23800000000000002	0.233	0.183	0.209	0.708	0.696	0.73	0.43799999999999994	0.441	0.442	0.26899999999999996	0.251	0.627	0.627	0.633	0.563	0.547	0.498	0.18899999999999997	0.18899999999999997	0.7240000000000001	0.741	0.708	0.562	0.5479999999999999	0.535	0.16699999999999998	0.16399999999999998	0.823	0.848	0.8190000000000001	0.35100000000000003	0.361	0.38	0.203	0.205	0.20800000000000002	0.26	0.192	0.172	0.205
14:24:02	25.1	0.688	0.698	0.698	0.231	0.23800000000000002	0.23399999999999999	0.182	0.21	0.727	0.7140000000000001	0.7509999999999999	0.444	0.447	0.449	0.263	0.261	0.649	0.65	0.6559999999999999	0.5760000000000001	0.555	0.516	0.18899999999999997	0.18899999999999997	0.747	0.763	0.731	0.568	0.56	0.542	0.16699999999999998	0.163	0.835	0.86	0.8320000000000001	0.349	0.365	0.401	0.204	0.205	0.21100000000000002	0.258	0.191	0.171	0.204
14:39:45	25.0	0.7020000000000001	0.7090000000000001	0.711	0.231	0.23800000000000002	0.233	0.182	0.21100000000000002	0.745	0.73	0.768	0.45	0.45399999999999996	0.456	0.262	0.265	0.6709999999999999	0.672	0.677	0.597	0.574	0.526	0.18600000000000003	0.187	0.768	0.782	0.752	0.573	0.5670000000000001	0.544	0.165	0.162	0.8440000000000001	0.872	0.8420000000000001	0.349	0.366	0.382	0.204	0.204	0.212	0.258	0.18899999999999997	0.16899999999999998	0.204
14:55:28	25.1	0.7140000000000001	0.7240000000000001	0.723	0.231	0.239	0.23399999999999999	0.18100000000000002	0.212	0.763	0.75	0.789	0.45899999999999996	0.461	0.46399999999999997	0.263	0.267	0.6890000000000001	0.69	0.6940000000000001	0.605	0.5870000000000001	0.5529999999999999	0.185	0.18600000000000003	0.79	0.802	0.773	0.57	0.5710000000000001	0.544	0.16399999999999998	0.16	0.856	0.882	0.8540000000000001	0.355	0.368	0.387	0.203	0.20199999999999999	0.214	0.257	0.18899999999999997	0.168	0.203
15:11:10	25.1	0.728	0.736	0.736	0.23199999999999998	0.239	0.233	0.182	0.213	0.7809999999999999	0.7659999999999999	0.8059999999999999	0.46399999999999997	0.46799999999999997	0.47	0.262	0.25	0.7070000000000001	0.706	0.7120000000000001	0.623	0.603	0.563	0.184	0.184	0.8109999999999999	0.8220000000000001	0.794	0.569	0.565	0.541	0.163	0.159	0.867	0.893	0.867	0.358	0.37200000000000005	0.39	0.201	0.20199999999999999	0.217	0.255	0.18600000000000003	0.16699999999999998	0.20199999999999999
15:26:53	25.1	0.7390000000000001	0.748	0.75	0.23199999999999998	0.24	0.23399999999999999	0.183	0.217	0.8009999999999999	0.785	0.826	0.473	0.475	0.47700000000000004	0.263	0.249	0.731	0.73	0.7340000000000001	0.628	0.615	0.586	0.183	0.184	0.833	0.8420000000000001	0.815	0.5710000000000001	0.5670000000000001	0.545	0.163	0.159	0.8809999999999999	0.907	0.8809999999999999	0.376	0.377	0.391	0.201	0.20199999999999999	0.22	0.256	0.185	0.166	0.203
15:42:35	25.1	0.7509999999999999	0.762	0.764	0.231	0.239	0.23399999999999999	0.185	0.21899999999999997	0.816	0.7979999999999999	0.841	0.47700000000000004	0.48100000000000004	0.48200000000000004	0.264	0.249	0.7509999999999999	0.748	0.752	0.643	0.624	0.602	0.182	0.183	0.851	0.858	0.8320000000000001	0.562	0.562	0.546	0.162	0.157	0.892	0.919	0.894	0.36	0.376	0.39399999999999996	0.201	0.20199999999999999	0.223	0.254	0.185	0.165	0.201
15:58:18	25.1	0.764	0.775	0.7759999999999999	0.233	0.239	0.235	0.187	0.222	0.831	0.813	0.857	0.483	0.486	0.488	0.26	0.27	0.768	0.7659999999999999	0.7709999999999999	0.664	0.632	0.601	0.18	0.182	0.8690000000000001	0.8740000000000001	0.85	0.5579999999999999	0.5579999999999999	0.536	0.162	0.157	0.9059999999999999	0.9329999999999999	0.907	0.365	0.375	0.397	0.201	0.2	0.22699999999999998	0.255	0.184	0.16399999999999998	0.201
16:14:01	25.1	0.775	0.7879999999999999	0.789	0.233	0.239	0.235	0.191	0.225	0.8490000000000001	0.8290000000000001	0.873	0.491	0.493	0.495	0.261	0.248	0.785	0.784	0.7879999999999999	0.659	0.639	0.61	0.179	0.18	0.884	0.888	0.866	0.5529999999999999	0.551	0.531	0.162	0.156	0.92	0.948	0.92	0.365	0.377	0.396	0.2	0.19899999999999998	0.231	0.253	0.182	0.165	0.19899999999999998
16:29:43	25.1	0.785	0.8	0.8009999999999999	0.233	0.24100000000000002	0.237	0.19399999999999998	0.22899999999999998	0.863	0.843	0.888	0.496	0.499	0.5	0.259	0.247	0.8029999999999999	0.802	0.8059999999999999	0.6629999999999999	0.647	0.616	0.17800000000000002	0.179	0.898	0.902	0.88	0.546	0.551	0.527	0.161	0.155	0.932	0.96	0.9329999999999999	0.36700000000000005	0.38	0.39899999999999997	0.19899999999999998	0.19899999999999998	0.237	0.252	0.18100000000000002	0.16399999999999998	0.2
16:45:26	25.1	0.7959999999999999	0.813	0.815	0.23399999999999999	0.24100000000000002	0.237	0.19699999999999998	0.233	0.878	0.856	0.902	0.502	0.505	0.506	0.26	0.268	0.8190000000000001	0.818	0.8240000000000001	0.6609999999999999	0.648	0.63	0.177	0.17800000000000002	0.9109999999999999	0.914	0.892	0.544	0.551	0.526	0.161	0.155	0.946	0.972	0.9470000000000001	0.364	0.385	0.401	0.198	0.198	0.242	0.253	0.18	0.163	0.19899999999999998
17:01:08	25.1	0.805	0.823	0.825	0.23399999999999999	0.243	0.23800000000000002	0.2	0.23600000000000002	0.889	0.867	0.914	0.507	0.511	0.513	0.26	0.248	0.836	0.835	0.8420000000000001	0.659	0.652	0.629	0.17600000000000002	0.177	0.9229999999999999	0.925	0.904	0.536	0.5429999999999999	0.52	0.162	0.154	0.9570000000000001	0.985	0.9570000000000001	0.371	0.38	0.406	0.19699999999999998	0.19699999999999998	0.248	0.252	0.17800000000000002	0.162	0.198
17:16:51	25.1	0.813	0.8320000000000001	0.836	0.235	0.244	0.24	0.205	0.242	0.903	0.88	0.9279999999999999	0.512	0.516	0.518	0.259	0.248	0.855	0.852	0.857	0.659	0.654	0.642	0.175	0.17600000000000002	0.935	0.938	0.9159999999999999	0.536	0.54	0.514	0.161	0.154	0.968	0.995	0.97	0.376	0.385	0.409	0.19699999999999998	0.196	0.255	0.251	0.177	0.163	0.19699999999999998
17:32:34	25.0	0.8220000000000001	0.8420000000000001	0.846	0.237	0.245	0.24	0.21	0.24600000000000002	0.914	0.8909999999999999	0.9390000000000001	0.519	0.521	0.522	0.267	0.247	0.871	0.868	0.872	0.6609999999999999	0.653	0.6629999999999999	0.17300000000000001	0.175	0.945	0.95	0.929	0.5329999999999999	0.539	0.516	0.162	0.154	0.9790000000000001	1.006	0.98	0.379	0.391	0.414	0.19699999999999998	0.195	0.261	0.251	0.17600000000000002	0.162	0.195
17:48:16	25.1	0.8270000000000001	0.851	0.8540000000000001	0.23800000000000002	0.247	0.242	0.21600000000000003	0.251	0.925	0.902	0.95	0.523	0.528	0.528	0.26	0.248	0.883	0.88	0.885	0.6609999999999999	0.6659999999999999	0.657	0.17300000000000001	0.174	0.9570000000000001	0.9590000000000001	0.9390000000000001	0.532	0.542	0.517	0.162	0.154	0.9890000000000001	1.0170000000000001	0.9890000000000001	0.384	0.389	0.42100000000000004	0.196	0.195	0.26899999999999996	0.249	0.175	0.163	0.196
18:03:59	25.0	0.8320000000000001	0.858	0.861	0.239	0.248	0.243	0.221	0.258	0.9359999999999999	0.912	0.9620000000000001	0.528	0.532	0.532	0.259	0.247	0.8959999999999999	0.894	0.899	0.6629999999999999	0.655	0.634	0.172	0.17300000000000001	0.963	0.9640000000000001	0.9490000000000001	0.532	0.542	0.519	0.163	0.153	0.998	1.0270000000000001	1.0	0.384	0.391	0.426	0.196	0.19399999999999998	0.276	0.25	0.174	0.163	0.196
18:19:42	25.1	0.836	0.866	0.8690000000000001	0.24100000000000002	0.249	0.244	0.22699999999999998	0.264	0.946	0.9209999999999999	0.9740000000000001	0.5329999999999999	0.537	0.537	0.26	0.271	0.9079999999999999	0.905	0.91	0.655	0.648	0.64	0.17	0.22699999999999998	0.9590000000000001	0.96	0.948	0.532	0.54	0.519	0.163	0.153	1.0	1.031	1.002	0.391	0.39799999999999996	0.433	0.195	0.19399999999999998	0.284	0.249	0.17300000000000001	0.162	0.195
18:35:24	25.1	0.84	0.872	0.875	0.243	0.251	0.245	0.235	0.268	0.955	0.93	0.983	0.537	0.54	0.5429999999999999	0.261	0.24600000000000002	0.9209999999999999	0.919	0.922	0.649	0.6459999999999999	0.64	0.16899999999999998	0.171	0.955	0.955	0.943	0.528	0.54	0.515	0.16399999999999998	0.154	0.9940000000000001	1.0270000000000001	0.997	0.396	0.405	0.441	0.19399999999999998	0.193	0.292	0.25	0.172	0.163	0.19399999999999998
18:51:07	25.1	0.846	0.879	0.883	0.245	0.253	0.247	0.242	0.276	0.9640000000000001	0.94	0.992	0.54	0.544	0.545	0.264	0.24600000000000002	0.9329999999999999	0.93	0.935	0.649	0.643	0.633	0.16899999999999998	0.171	0.951	0.953	0.94	0.531	0.547	0.519	0.165	0.154	0.99	1.022	0.993	0.401	0.41200000000000003	0.44	0.19399999999999998	0.191	0.3	0.249	0.172	0.163	0.193
19:06:49	25.1	0.85	0.883	0.888	0.247	0.255	0.25	0.254	0.282	0.975	0.951	1.001	0.544	0.546	0.55	0.27	0.24600000000000002	0.9440000000000001	0.941	0.9440000000000001	0.648	0.647	0.638	0.168	0.17	0.946	0.9490000000000001	0.937	0.5329999999999999	0.552	0.521	0.168	0.154	0.983	1.018	0.9890000000000001	0.419	0.415	0.442	0.193	0.191	0.309	0.251	0.171	0.163	0.192
19:22:32	25.0	0.851	0.889	0.895	0.25	0.258	0.252	0.259	0.28800000000000003	0.981	0.958	1.011	0.547	0.55	0.552	0.27699999999999997	0.247	0.9540000000000001	0.9520000000000001	0.955	0.6459999999999999	0.642	0.636	0.16699999999999998	0.16899999999999998	0.9420000000000001	0.9440000000000001	0.932	0.534	0.5529999999999999	0.525	0.168	0.154	0.978	1.013	0.9840000000000001	0.442	0.423	0.44799999999999995	0.192	0.191	0.318	0.25	0.17	0.163	0.192
19:38:15	25.1	0.843	0.894	0.9009999999999999	0.253	0.261	0.255	0.268	0.295	0.9890000000000001	0.966	1.02	0.55	0.555	0.5589999999999999	0.262	0.24600000000000002	0.9620000000000001	0.96	0.963	0.645	0.636	0.631	0.166	0.168	0.9390000000000001	0.941	0.9279999999999999	0.5379999999999999	0.557	0.53	0.168	0.155	0.973	1.0090000000000001	0.981	0.413	0.428	0.45	0.193	0.19	0.327	0.249	0.16899999999999998	0.163	0.192
19:53:57	25.1	0.835	0.8909999999999999	0.897	0.256	0.265	0.257	0.281	0.303	0.998	0.976	1.031	0.555	0.5589999999999999	0.561	0.28600000000000003	0.24600000000000002	0.97	0.9690000000000001	0.973	0.6459999999999999	0.636	0.628	0.166	0.168	0.935	0.938	0.9259999999999999	0.54	0.56	0.534	0.17	0.155	0.968	1.004	0.976	0.413	0.426	0.449	0.192	0.191	0.337	0.25	0.168	0.16399999999999998	0.191
20:09:40	25.1	0.825	0.887	0.8909999999999999	0.259	0.267	0.26	0.287	0.311	1.005	0.982	1.038	0.5579999999999999	0.562	0.564	0.26	0.24600000000000002	0.978	0.977	0.981	0.6459999999999999	0.636	0.625	0.165	0.165	0.9309999999999999	0.935	0.922	0.54	0.564	0.536	0.171	0.157	0.965	0.9990000000000001	0.9740000000000001	0.413	0.425	0.44799999999999995	0.19	0.18899999999999997	0.34600000000000003	0.249	0.16699999999999998	0.163	0.191
20:25:23	25.1	0.8170000000000001	0.88	0.887	0.263	0.271	0.264	0.298	0.317	1.01	0.988	1.042	0.562	0.5670000000000001	0.569	0.28300000000000003	0.24600000000000002	0.9840000000000001	0.985	0.985	0.64	0.631	0.637	0.165	0.165	0.929	0.9329999999999999	0.919	0.5479999999999999	0.57	0.539	0.172	0.157	0.961	0.995	0.971	0.41200000000000003	0.431	0.45299999999999996	0.19	0.19	0.35600000000000004	0.248	0.166	0.165	0.19
20:41:05	25.1	0.809	0.873	0.88	0.267	0.275	0.266	0.308	0.324	1.018	0.995	1.051	0.5670000000000001	0.5710000000000001	0.574	0.26	0.247	0.9840000000000001	0.986	0.986	0.638	0.632	0.624	0.16399999999999998	0.16399999999999998	0.9259999999999999	0.9309999999999999	0.917	0.55	0.578	0.542	0.17300000000000001	0.157	0.9590000000000001	0.995	0.97	0.41600000000000004	0.428	0.451	0.191	0.18899999999999997	0.36700000000000005	0.247	0.166	0.165	0.188
20:56:48	25.1	0.8009999999999999	0.868	0.873	0.271	0.27899999999999997	0.26899999999999996	0.32	0.332	1.021	1.0	1.057	0.568	0.573	0.5770000000000001	0.261	0.24600000000000002	0.98	0.982	0.983	0.635	0.631	0.625	0.163	0.163	0.925	0.929	0.9159999999999999	0.557	0.581	0.55	0.17600000000000002	0.158	0.9570000000000001	0.993	0.9690000000000001	0.445	0.435	0.452	0.19	0.188	0.37799999999999995	0.248	0.165	0.16699999999999998	0.18899999999999997
21:12:30	25.0	0.794	0.863	0.868	0.275	0.282	0.273	0.332	0.33899999999999997	1.0270000000000001	1.005	1.063	0.573	0.5760000000000001	0.579	0.261	0.24600000000000002	0.9790000000000001	0.98	0.9790000000000001	0.633	0.634	0.624	0.162	0.163	0.9229999999999999	0.927	0.914	0.56	0.591	0.5539999999999999	0.17800000000000002	0.158	0.956	0.993	0.968	0.419	0.431	0.455	0.19	0.188	0.389	0.249	0.165	0.166	0.188
21:28:13	25.1	0.787	0.858	0.8640000000000001	0.27899999999999997	0.28600000000000003	0.27699999999999997	0.34299999999999997	0.348	1.028	1.006	1.0659999999999998	0.574	0.5770000000000001	0.581	0.27899999999999997	0.247	0.973	0.976	0.976	0.632	0.629	0.622	0.163	0.163	0.9209999999999999	0.927	0.912	0.5670000000000001	0.593	0.5579999999999999	0.179	0.159	0.9540000000000001	0.992	0.9670000000000001	0.42	0.436	0.452	0.18899999999999997	0.187	0.39799999999999996	0.249	0.16399999999999998	0.16699999999999998	0.188
21:43:56	25.1	0.782	0.855	0.861	0.284	0.29	0.28	0.35700000000000004	0.35700000000000004	1.026	1.003	1.064	0.578	0.581	0.585	0.262	0.24600000000000002	0.971	0.973	0.973	0.632	0.627	0.623	0.161	0.161	0.919	0.924	0.9109999999999999	0.57	0.596	0.563	0.18100000000000002	0.161	0.9540000000000001	0.991	0.968	0.41700000000000004	0.436	0.462	0.188	0.18600000000000003	0.41	0.249	0.163	0.16699999999999998	0.188
21:59:38	25.1	0.779	0.851	0.858	0.287	0.293	0.28300000000000003	0.37	0.363	1.02	1.0	1.06	0.58	0.584	0.591	0.265	0.247	0.966	0.968	0.97	0.633	0.628	0.63	0.16	0.161	0.9179999999999999	0.924	0.91	0.578	0.599	0.5670000000000001	0.182	0.162	0.953	0.991	0.9670000000000001	0.418	0.435	0.45299999999999996	0.188	0.18600000000000003	0.42100000000000004	0.248	0.162	0.168	0.18600000000000003
22:15:21	25.1	0.772	0.8490000000000001	0.856	0.29	0.29600000000000004	0.28600000000000003	0.385	0.371	1.018	0.998	1.058	0.5820000000000001	0.588	0.591	0.265	0.247	0.963	0.9670000000000001	0.966	0.628	0.623	0.623	0.16	0.161	0.9159999999999999	0.924	0.91	0.579	0.605	0.57	0.183	0.163	0.953	0.991	0.9670000000000001	0.418	0.43799999999999994	0.451	0.187	0.18600000000000003	0.43200000000000005	0.248	0.161	0.17	0.18600000000000003
22:31:03	25.1	0.769	0.845	0.855	0.293	0.299	0.289	0.4	0.396	1.013	0.9940000000000001	1.055	0.5870000000000001	0.591	0.594	0.263	0.248	0.961	0.9640000000000001	0.965	0.627	0.627	0.621	0.16	0.16	0.915	0.922	0.9079999999999999	0.583	0.606	0.573	0.185	0.16399999999999998	0.951	0.99	0.966	0.414	0.435	0.451	0.188	0.18600000000000003	0.442	0.248	0.162	0.171	0.185
22:46:46	25.1	0.764	0.845	0.853	0.297	0.302	0.293	0.414	0.385	1.01	0.99	1.051	0.59	0.594	0.598	0.263	0.24600000000000002	0.9590000000000001	0.9620000000000001	0.963	0.6409999999999999	0.625	0.62	0.159	0.159	0.915	0.922	0.907	0.589	0.618	0.581	0.187	0.166	0.951	0.99	0.9670000000000001	0.418	0.439	0.45	0.187	0.184	0.45399999999999996	0.249	0.161	0.172	0.185
23:02:28	25.1	0.759	0.8440000000000001	0.853	0.301	0.304	0.295	0.43	0.391	1.006	0.988	1.0490000000000002	0.593	0.597	0.601	0.263	0.248	0.958	0.9620000000000001	0.963	0.628	0.632	0.622	0.159	0.158	0.9129999999999999	0.9209999999999999	0.907	0.59	0.62	0.586	0.188	0.166	0.9490000000000001	0.99	0.968	0.414	0.435	0.45299999999999996	0.18600000000000003	0.184	0.462	0.249	0.16	0.17300000000000001	0.185
23:18:11	25.1	0.754	0.841	0.85	0.303	0.306	0.297	0.444	0.395	1.003	0.985	1.047	0.596	0.6	0.603	0.263	0.248	0.956	0.96	0.9620000000000001	0.633	0.62	0.621	0.158	0.157	0.9109999999999999	0.92	0.9059999999999999	0.599	0.624	0.585	0.18899999999999997	0.16699999999999998	0.948	0.9890000000000001	0.9670000000000001	0.445	0.43799999999999994	0.447	0.185	0.184	0.47	0.249	0.159	0.174	0.184
23:33:54	25.1	0.75	0.8390000000000001	0.85	0.306	0.309	0.299	0.457	0.40700000000000003	1.0	0.983	1.044	0.597	0.607	0.603	0.265	0.247	0.955	0.96	0.961	0.626	0.626	0.625	0.157	0.157	0.9109999999999999	0.919	0.905	0.598	0.623	0.5920000000000001	0.19	0.168	0.9470000000000001	0.988	0.966	0.41700000000000004	0.436	0.444	0.18600000000000003	0.183	0.478	0.249	0.158	0.17600000000000002	0.183
23:49:36	25.1	0.745	0.8370000000000001	0.847	0.307	0.31	0.3	0.47100000000000003	0.405	0.998	0.982	1.043	0.597	0.602	0.605	0.266	0.247	0.955	0.96	0.9620000000000001	0.634	0.621	0.635	0.157	0.156	0.9109999999999999	0.919	0.9059999999999999	0.602	0.627	0.59	0.193	0.17	0.9470000000000001	0.9890000000000001	0.9670000000000001	0.413	0.434	0.45399999999999996	0.184	0.183	0.486	0.249	0.158	0.17600000000000002	0.183
24:05:19	25.1	0.7390000000000001	0.835	0.847	0.308	0.311	0.302	0.48200000000000004	0.40700000000000003	0.995	0.981	1.042	0.597	0.601	0.605	0.266	0.249	0.955	0.9590000000000001	0.96	0.628	0.623	0.618	0.157	0.155	0.909	0.9179999999999999	0.904	0.604	0.628	0.594	0.196	0.171	0.945	0.987	0.966	0.415	0.435	0.45	0.185	0.182	0.489	0.249	0.158	0.17800000000000002	0.183
24:21:02	25.1	0.735	0.8340000000000001	0.846	0.31	0.312	0.303	0.491	0.43	0.993	0.9790000000000001	1.04	0.598	0.601	0.606	0.266	0.248	0.9540000000000001	0.9590000000000001	0.96	0.629	0.619	0.61	0.156	0.155	0.9079999999999999	0.9179999999999999	0.904	0.609	0.634	0.599	0.198	0.17	0.9440000000000001	0.988	0.966	0.425	0.435	0.44299999999999995	0.185	0.182	0.493	0.25	0.158	0.179	0.182
24:36:44	25.1	0.7290000000000001	0.8320000000000001	0.8440000000000001	0.311	0.313	0.304	0.501	0.41100000000000003	0.99	0.976	1.04	0.596	0.6	0.605	0.267	0.25	0.9540000000000001	0.9590000000000001	0.96	0.622	0.624	0.615	0.155	0.155	0.9079999999999999	0.9179999999999999	0.904	0.613	0.631	0.599	0.201	0.174	0.945	0.987	0.966	0.41200000000000003	0.43	0.442	0.184	0.18100000000000002	0.49700000000000005	0.249	0.157	0.183	0.182
24:52:27	25.0	0.7240000000000001	0.831	0.843	0.312	0.315	0.305	0.507	0.41100000000000003	0.988	0.975	1.038	0.597	0.601	0.606	0.268	0.248	0.9540000000000001	0.958	0.96	0.619	0.612	0.616	0.156	0.154	0.907	0.917	0.902	0.611	0.632	0.599	0.203	0.17600000000000002	0.9440000000000001	0.986	0.965	0.42100000000000004	0.435	0.457	0.184	0.18100000000000002	0.501	0.25	0.156	0.184	0.18100000000000002
25:08:10	25.1	0.7190000000000001	0.8290000000000001	0.8420000000000001	0.312	0.316	0.306	0.513	0.413	0.986	0.973	1.037	0.595	0.6	0.606	0.268	0.249	0.953	0.958	0.9590000000000001	0.618	0.606	0.605	0.155	0.153	0.9059999999999999	0.917	0.9009999999999999	0.614	0.631	0.601	0.205	0.177	0.9440000000000001	0.987	0.965	0.415	0.435	0.445	0.184	0.18	0.504	0.249	0.156	0.18600000000000003	0.18
25:23:52	25.1	0.7120000000000001	0.8270000000000001	0.841	0.314	0.316	0.308	0.52	0.413	0.986	0.9740000000000001	1.037	0.593	0.596	0.603	0.272	0.25	0.9540000000000001	0.9590000000000001	0.961	0.615	0.613	0.621	0.154	0.153	0.905	0.9159999999999999	0.9009999999999999	0.614	0.634	0.603	0.20800000000000002	0.179	0.943	0.987	0.966	0.41200000000000003	0.431	0.44799999999999995	0.183	0.18	0.505	0.25	0.155	0.187	0.18100000000000002
25:39:35	25.1	0.7070000000000001	0.825	0.84	0.315	0.317	0.308	0.525	0.41200000000000003	0.9840000000000001	0.973	1.037	0.599	0.597	0.6	0.271	0.25	0.9540000000000001	0.96	0.961	0.615	0.613	0.606	0.156	0.154	0.904	0.9159999999999999	0.9	0.616	0.635	0.603	0.21100000000000002	0.18	0.9420000000000001	0.986	0.966	0.415	0.435	0.439	0.183	0.18100000000000002	0.509	0.25	0.156	0.18899999999999997	0.18
25:55:17	25.1	0.701	0.8220000000000001	0.8370000000000001	0.314	0.318	0.309	0.529	0.41	0.982	0.973	1.036	0.591	0.594	0.598	0.271	0.251	0.9540000000000001	0.96	0.961	0.617	0.609	0.608	0.155	0.152	0.904	0.915	0.9	0.617	0.636	0.604	0.213	0.184	0.9420000000000001	0.987	0.966	0.41200000000000003	0.43	0.43799999999999994	0.183	0.18	0.511	0.251	0.156	0.191	0.18
26:11:00	25.1	0.695	0.821	0.8370000000000001	0.315	0.318	0.309	0.5329999999999999	0.409	0.982	0.972	1.036	0.5870000000000001	0.591	0.595	0.271	0.25	0.955	0.961	0.9620000000000001	0.617	0.605	0.597	0.154	0.152	0.903	0.915	0.9	0.617	0.638	0.603	0.21600000000000003	0.184	0.9420000000000001	0.988	0.968	0.413	0.431	0.43700000000000006	0.183	0.179	0.514	0.251	0.156	0.193	0.179
26:26:42	25.1	0.688	0.82	0.8370000000000001	0.316	0.32	0.311	0.5379999999999999	0.408	0.98	0.973	1.036	0.585	0.589	0.594	0.273	0.251	0.955	0.961	0.9620000000000001	0.614	0.604	0.614	0.154	0.152	0.902	0.914	0.899	0.618	0.64	0.606	0.218	0.187	0.941	0.988	0.9670000000000001	0.41100000000000003	0.428	0.44	0.182	0.179	0.514	0.251	0.155	0.195	0.17800000000000002
26:42:25	25.1	0.682	0.818	0.835	0.317	0.32	0.312	0.5429999999999999	0.40399999999999997	0.98	0.973	1.036	0.581	0.586	0.59	0.299	0.251	0.955	0.9620000000000001	0.9640000000000001	0.608	0.603	0.601	0.155	0.152	0.9009999999999999	0.915	0.899	0.617	0.633	0.606	0.21899999999999997	0.19	0.941	0.987	0.968	0.41100000000000003	0.428	0.435	0.182	0.18	0.515	0.252	0.156	0.196	0.17800000000000002
26:58:08	25.1	0.675	0.815	0.8340000000000001	0.317	0.32	0.312	0.546	0.401	0.977	0.971	1.036	0.5760000000000001	0.581	0.585	0.275	0.253	0.955	0.961	0.963	0.612	0.603	0.601	0.155	0.151	0.9	0.914	0.898	0.618	0.638	0.606	0.223	0.192	0.94	0.988	0.968	0.405	0.429	0.433	0.182	0.177	0.515	0.25	0.156	0.19899999999999998	0.179
27:13:50	25.1	0.669	0.813	0.833	0.318	0.321	0.313	0.55	0.39899999999999997	0.978	0.971	1.036	0.5720000000000001	0.5760000000000001	0.58	0.275	0.261	0.955	0.9620000000000001	0.963	0.609	0.599	0.593	0.155	0.15	0.899	0.912	0.898	0.616	0.635	0.606	0.22399999999999998	0.193	0.9390000000000001	0.988	0.968	0.409	0.42700000000000005	0.43700000000000006	0.182	0.17800000000000002	0.515	0.253	0.155	0.201	0.17800000000000002
27:29:33	25.1	0.6609999999999999	0.8109999999999999	0.831	0.318	0.32299999999999995	0.313	0.556	0.397	0.977	0.971	1.037	0.5670000000000001	0.5710000000000001	0.579	0.27899999999999997	0.252	0.955	0.9620000000000001	0.9640000000000001	0.6	0.599	0.593	0.155	0.151	0.898	0.9109999999999999	0.897	0.617	0.639	0.606	0.226	0.196	0.9390000000000001	0.988	0.9690000000000001	0.406	0.429	0.433	0.182	0.177	0.515	0.252	0.155	0.20199999999999999	0.17800000000000002
27:45:16	25.1	0.6559999999999999	0.809	0.8290000000000001	0.318	0.326	0.313	0.5579999999999999	0.39399999999999996	0.975	0.971	1.036	0.562	0.5660000000000001	0.5710000000000001	0.276	0.255	0.955	0.9620000000000001	0.963	0.609	0.597	0.595	0.155	0.15	0.897	0.9109999999999999	0.8959999999999999	0.616	0.635	0.606	0.22699999999999998	0.19699999999999998	0.938	0.988	0.9690000000000001	0.409	0.426	0.429	0.182	0.177	0.514	0.252	0.156	0.205	0.177
28:00:58	25.1	0.649	0.8059999999999999	0.8270000000000001	0.32	0.32899999999999996	0.315	0.56	0.391	0.9740000000000001	0.972	1.036	0.5579999999999999	0.56	0.5660000000000001	0.28	0.254	0.956	0.963	0.963	0.598	0.595	0.593	0.156	0.15	0.8959999999999999	0.91	0.895	0.615	0.64	0.604	0.23	0.2	0.938	0.988	0.97	0.406	0.428	0.433	0.182	0.177	0.512	0.254	0.157	0.20600000000000002	0.17800000000000002
28:16:41	25.1	0.642	0.805	0.826	0.322	0.331	0.317	0.562	0.389	0.9740000000000001	0.972	1.037	0.552	0.5579999999999999	0.564	0.281	0.256	0.956	0.963	0.9640000000000001	0.604	0.602	0.5870000000000001	0.159	0.15	0.894	0.909	0.894	0.615	0.634	0.604	0.233	0.201	0.9359999999999999	0.988	0.9690000000000001	0.40299999999999997	0.424	0.433	0.18100000000000002	0.17600000000000002	0.51	0.254	0.157	0.207	0.17600000000000002
28:32:23	25.1	0.636	0.8029999999999999	0.823	0.324	0.335	0.32	0.563	0.387	0.973	0.972	1.038	0.5479999999999999	0.5539999999999999	0.5579999999999999	0.281	0.253	0.956	0.963	0.9640000000000001	0.612	0.598	0.585	0.158	0.15	0.892	0.9079999999999999	0.893	0.613	0.636	0.603	0.233	0.203	0.935	0.988	0.9690000000000001	0.406	0.423	0.426	0.18100000000000002	0.17600000000000002	0.507	0.254	0.157	0.209	0.17800000000000002
28:48:06	25.1	0.629	0.8	0.8220000000000001	0.326	0.33799999999999997	0.32299999999999995	0.56	0.384	0.972	0.972	1.038	0.5429999999999999	0.5479999999999999	0.552	0.28300000000000003	0.253	0.955	0.9640000000000001	0.965	0.598	0.595	0.584	0.157	0.15	0.892	0.9079999999999999	0.892	0.613	0.636	0.603	0.23399999999999999	0.205	0.935	0.9890000000000001	0.9690000000000001	0.405	0.424	0.431	0.18100000000000002	0.175	0.505	0.254	0.158	0.21	0.177
29:03:48	25.1	0.622	0.797	0.8190000000000001	0.32899999999999996	0.342	0.326	0.5589999999999999	0.381	0.971	0.973	1.04	0.54	0.546	0.55	0.285	0.255	0.955	0.9640000000000001	0.965	0.593	0.59	0.5820000000000001	0.159	0.15	0.89	0.9059999999999999	0.892	0.609	0.636	0.598	0.235	0.205	0.934	0.987	0.97	0.40299999999999997	0.425	0.428	0.18100000000000002	0.17600000000000002	0.499	0.255	0.159	0.212	0.17800000000000002
29:19:31	25.1	0.618	0.794	0.818	0.332	0.345	0.32899999999999996	0.555	0.37799999999999995	0.971	0.972	1.0390000000000001	0.536	0.539	0.544	0.285	0.253	0.955	0.9640000000000001	0.965	0.5920000000000001	0.593	0.585	0.158	0.15	0.889	0.9059999999999999	0.8909999999999999	0.607	0.635	0.6	0.237	0.207	0.9329999999999999	0.988	0.97	0.434	0.42700000000000005	0.43200000000000005	0.182	0.174	0.495	0.255	0.16	0.213	0.177
29:35:14	25.1	0.613	0.7929999999999999	0.8170000000000001	0.335	0.349	0.33299999999999996	0.5529999999999999	0.375	0.9690000000000001	0.972	1.038	0.5329999999999999	0.535	0.539	0.28600000000000003	0.254	0.9540000000000001	0.963	0.966	0.589	0.585	0.578	0.159	0.15	0.888	0.905	0.89	0.607	0.631	0.596	0.239	0.209	0.932	0.988	0.971	0.40399999999999997	0.426	0.428	0.18100000000000002	0.175	0.49200000000000005	0.256	0.16	0.215	0.177
29:50:56	25.1	0.607	0.79	0.8140000000000001	0.33799999999999997	0.35200000000000004	0.335	0.5489999999999999	0.373	0.968	0.972	1.0390000000000001	0.528	0.529	0.535	0.28600000000000003	0.253	0.9540000000000001	0.9640000000000001	0.966	0.5920000000000001	0.589	0.574	0.16	0.15	0.887	0.904	0.889	0.605	0.631	0.591	0.24100000000000002	0.21	0.932	0.988	0.97	0.402	0.426	0.429	0.18100000000000002	0.175	0.484	0.255	0.162	0.21600000000000003	0.17800000000000002
30:06:39	25.1	0.602	0.7879999999999999	0.812	0.342	0.35600000000000004	0.33799999999999997	0.5489999999999999	0.37	0.968	0.973	1.04	0.524	0.527	0.531	0.28800000000000003	0.255	0.9540000000000001	0.9640000000000001	0.966	0.5870000000000001	0.5820000000000001	0.578	0.161	0.151	0.885	0.903	0.888	0.601	0.631	0.596	0.243	0.212	0.9309999999999999	0.988	0.97	0.406	0.42700000000000005	0.426	0.18100000000000002	0.17300000000000001	0.47600000000000003	0.256	0.162	0.21600000000000003	0.177
30:22:22	25.1	0.597	0.7859999999999999	0.8109999999999999	0.345	0.359	0.342	0.544	0.36700000000000005	0.966	0.972	1.041	0.52	0.521	0.526	0.289	0.255	0.9540000000000001	0.965	0.9670000000000001	0.581	0.5770000000000001	0.5760000000000001	0.162	0.151	0.885	0.903	0.888	0.601	0.63	0.591	0.242	0.213	0.93	0.987	0.971	0.406	0.423	0.428	0.182	0.174	0.47	0.256	0.16399999999999998	0.218	0.17800000000000002
30:38:04	25.1	0.5920000000000001	0.782	0.809	0.349	0.363	0.344	0.542	0.364	0.966	0.972	1.041	0.515	0.517	0.521	0.289	0.255	0.955	0.965	0.9670000000000001	0.5820000000000001	0.575	0.575	0.16399999999999998	0.151	0.882	0.9009999999999999	0.887	0.599	0.626	0.59	0.24600000000000002	0.214	0.929	0.988	0.97	0.406	0.425	0.423	0.183	0.174	0.46299999999999997	0.256	0.165	0.218	0.17800000000000002
30:53:47	25.1	0.588	0.778	0.805	0.35200000000000004	0.366	0.34700000000000003	0.541	0.361	0.965	0.973	1.042	0.512	0.515	0.517	0.29100000000000004	0.265	0.955	0.966	0.968	0.579	0.575	0.58	0.16399999999999998	0.152	0.8809999999999999	0.9009999999999999	0.887	0.598	0.626	0.589	0.247	0.215	0.9279999999999999	0.988	0.972	0.419	0.429	0.423	0.183	0.174	0.45399999999999996	0.257	0.166	0.22	0.179
31:09:30	25.1	0.5820000000000001	0.7759999999999999	0.802	0.354	0.368	0.349	0.534	0.35700000000000004	0.9640000000000001	0.973	1.042	0.507	0.508	0.511	0.293	0.257	0.9540000000000001	0.966	0.9690000000000001	0.5770000000000001	0.5710000000000001	0.565	0.17	0.153	0.88	0.9	0.885	0.593	0.627	0.586	0.247	0.21600000000000003	0.927	0.986	0.97	0.428	0.423	0.423	0.183	0.17300000000000001	0.446	0.258	0.16699999999999998	0.221	0.179
31:25:12	25.1	0.58	0.773	0.8	0.358	0.371	0.35200000000000004	0.531	0.35600000000000004	0.9620000000000001	0.972	1.042	0.501	0.505	0.507	0.295	0.256	0.953	0.965	0.968	0.581	0.5660000000000001	0.57	0.168	0.153	0.879	0.898	0.884	0.59	0.625	0.581	0.249	0.217	0.925	0.987	0.97	0.426	0.424	0.424	0.183	0.174	0.436	0.257	0.168	0.222	0.18
31:40:55	25.1	0.574	0.77	0.7979999999999999	0.361	0.373	0.354	0.531	0.353	0.9620000000000001	0.973	1.044	0.499	0.501	0.503	0.29600000000000004	0.256	0.953	0.9670000000000001	0.9690000000000001	0.5770000000000001	0.5720000000000001	0.5710000000000001	0.16899999999999998	0.154	0.877	0.899	0.885	0.59	0.625	0.581	0.249	0.21899999999999997	0.924	0.988	0.971	0.402	0.424	0.424	0.184	0.174	0.431	0.259	0.17	0.222	0.17800000000000002
31:56:37	25.1	0.57	0.765	0.795	0.364	0.375	0.355	0.526	0.35100000000000003	0.96	0.973	1.043	0.491	0.496	0.499	0.298	0.256	0.953	0.9670000000000001	0.97	0.569	0.569	0.563	0.16899999999999998	0.153	0.8759999999999999	0.897	0.882	0.59	0.624	0.585	0.251	0.218	0.9229999999999999	0.987	0.97	0.405	0.42100000000000004	0.42200000000000004	0.184	0.174	0.423	0.258	0.171	0.223	0.18
32:12:20	25.1	0.5660000000000001	0.762	0.794	0.366	0.376	0.35700000000000004	0.522	0.349	0.96	0.972	1.043	0.489	0.49	0.493	0.299	0.257	0.953	0.9670000000000001	0.97	0.565	0.5670000000000001	0.562	0.17	0.155	0.875	0.8959999999999999	0.882	0.586	0.62	0.58	0.253	0.22	0.9229999999999999	0.986	0.972	0.409	0.42	0.42100000000000004	0.183	0.174	0.418	0.26	0.172	0.223	0.18
32:28:03	25.1	0.561	0.757	0.79	0.368	0.379	0.359	0.518	0.34600000000000003	0.9570000000000001	0.973	1.045	0.483	0.486	0.49	0.301	0.258	0.953	0.9670000000000001	0.97	0.565	0.562	0.5589999999999999	0.172	0.156	0.873	0.8959999999999999	0.882	0.586	0.621	0.58	0.255	0.22	0.922	0.987	0.971	0.40399999999999997	0.42100000000000004	0.418	0.184	0.174	0.413	0.258	0.174	0.22399999999999998	0.179
32:43:45	25.1	0.5579999999999999	0.755	0.7859999999999999	0.371	0.381	0.361	0.512	0.344	0.956	0.973	1.045	0.48	0.484	0.49200000000000005	0.302	0.258	0.953	0.9670000000000001	0.97	0.565	0.5670000000000001	0.556	0.172	0.157	0.872	0.894	0.879	0.5820000000000001	0.62	0.581	0.256	0.22	0.92	0.986	0.971	0.402	0.42100000000000004	0.414	0.185	0.174	0.40700000000000003	0.258	0.174	0.225	0.18
32:59:28	25.1	0.5539999999999999	0.7509999999999999	0.785	0.37200000000000005	0.38299999999999995	0.36200000000000004	0.508	0.34299999999999997	0.9540000000000001	0.972	1.045	0.47600000000000003	0.47700000000000004	0.48100000000000004	0.303	0.257	0.9520000000000001	0.968	0.971	0.562	0.552	0.5579999999999999	0.174	0.158	0.872	0.895	0.88	0.5820000000000001	0.618	0.579	0.257	0.222	0.92	0.986	0.972	0.402	0.42200000000000004	0.42	0.185	0.174	0.40399999999999997	0.259	0.174	0.226	0.18100000000000002
33:15:11	25.1	0.55	0.746	0.7829999999999999	0.374	0.384	0.363	0.504	0.33799999999999997	0.9540000000000001	0.973	1.046	0.473	0.473	0.47600000000000003	0.304	0.258	0.9520000000000001	0.968	0.971	0.555	0.5539999999999999	0.55	0.174	0.158	0.87	0.893	0.879	0.58	0.62	0.5760000000000001	0.259	0.223	0.9179999999999999	0.986	0.972	0.4	0.42100000000000004	0.419	0.18600000000000003	0.174	0.39899999999999997	0.259	0.17600000000000002	0.226	0.182
33:30:53	25.1	0.546	0.742	0.779	0.375	0.385	0.364	0.499	0.33799999999999997	0.951	0.971	1.045	0.46799999999999997	0.46799999999999997	0.47100000000000003	0.305	0.258	0.951	0.9670000000000001	0.972	0.557	0.552	0.547	0.175	0.159	0.868	0.892	0.878	0.578	0.62	0.575	0.26	0.223	0.917	0.986	0.972	0.39899999999999997	0.418	0.41700000000000004	0.188	0.174	0.396	0.259	0.177	0.228	0.183
33:46:36	25.1	0.542	0.738	0.777	0.37799999999999995	0.385	0.365	0.494	0.336	0.95	0.972	1.046	0.46299999999999997	0.465	0.46799999999999997	0.305	0.257	0.951	0.968	0.972	0.56	0.5489999999999999	0.544	0.17600000000000002	0.16	0.868	0.892	0.877	0.5770000000000001	0.618	0.575	0.261	0.223	0.9159999999999999	0.985	0.971	0.401	0.42200000000000004	0.42	0.188	0.175	0.39299999999999996	0.259	0.17800000000000002	0.228	0.182
34:02:19	25.1	0.5379999999999999	0.733	0.772	0.37799999999999995	0.385	0.36700000000000005	0.49	0.33399999999999996	0.9490000000000001	0.971	1.048	0.45899999999999996	0.461	0.46299999999999997	0.306	0.257	0.951	0.9690000000000001	0.972	0.555	0.5479999999999999	0.54	0.17800000000000002	0.163	0.866	0.89	0.877	0.58	0.616	0.575	0.262	0.22399999999999998	0.914	0.985	0.971	0.4	0.42100000000000004	0.424	0.18899999999999997	0.17600000000000002	0.389	0.258	0.18	0.23	0.18600000000000003
34:18:01	25.1	0.534	0.727	0.77	0.377	0.384	0.366	0.485	0.332	0.948	0.972	1.046	0.457	0.456	0.46	0.308	0.26	0.951	0.9690000000000001	0.971	0.551	0.542	0.5429999999999999	0.179	0.163	0.866	0.89	0.8759999999999999	0.575	0.615	0.573	0.264	0.226	0.914	0.985	0.971	0.39799999999999996	0.42100000000000004	0.415	0.18899999999999997	0.175	0.387	0.258	0.179	0.22899999999999998	0.185
34:33:44	25.1	0.531	0.7240000000000001	0.768	0.377	0.384	0.36700000000000005	0.479	0.32899999999999996	0.946	0.971	1.047	0.452	0.455	0.456	0.309	0.258	0.95	0.9690000000000001	0.972	0.55	0.542	0.545	0.18	0.163	0.863	0.888	0.875	0.573	0.616	0.57	0.265	0.226	0.912	0.985	0.973	0.401	0.41700000000000004	0.423	0.18899999999999997	0.17600000000000002	0.38299999999999995	0.258	0.18100000000000002	0.23	0.18600000000000003
34:49:27	25.1	0.527	0.72	0.764	0.377	0.384	0.366	0.475	0.327	0.945	0.971	1.046	0.449	0.45	0.451	0.312	0.259	0.9490000000000001	0.9690000000000001	0.973	0.545	0.5429999999999999	0.544	0.18100000000000002	0.16399999999999998	0.863	0.888	0.875	0.574	0.613	0.574	0.267	0.22699999999999998	0.9109999999999999	0.985	0.972	0.397	0.423	0.415	0.19	0.177	0.382	0.258	0.182	0.23199999999999998	0.18600000000000003
35:05:09	25.1	0.523	0.715	0.7609999999999999	0.376	0.38299999999999995	0.365	0.469	0.326	0.943	0.971	1.047	0.44299999999999995	0.445	0.445	0.312	0.258	0.95	0.9690000000000001	0.973	0.539	0.535	0.534	0.183	0.165	0.862	0.889	0.875	0.574	0.615	0.5710000000000001	0.27	0.228	0.91	0.985	0.971	0.397	0.41600000000000004	0.435	0.192	0.177	0.37799999999999995	0.258	0.183	0.23199999999999998	0.188
35:20:52	25.1	0.52	0.71	0.758	0.377	0.38299999999999995	0.365	0.465	0.32299999999999995	0.941	0.971	1.048	0.441	0.44299999999999995	0.441	0.313	0.26	0.9490000000000001	0.97	0.9740000000000001	0.5429999999999999	0.537	0.536	0.184	0.166	0.861	0.888	0.873	0.5720000000000001	0.611	0.5710000000000001	0.27	0.22699999999999998	0.9079999999999999	0.985	0.972	0.39799999999999996	0.42100000000000004	0.415	0.192	0.179	0.375	0.258	0.185	0.233	0.188
35:36:34	25.1	0.516	0.706	0.7559999999999999	0.375	0.381	0.364	0.461	0.321	0.9390000000000001	0.9690000000000001	1.048	0.436	0.439	0.44	0.314	0.259	0.948	0.9690000000000001	0.9740000000000001	0.56	0.545	0.53	0.184	0.168	0.8590000000000001	0.887	0.873	0.5720000000000001	0.613	0.5660000000000001	0.272	0.22899999999999998	0.9079999999999999	0.9840000000000001	0.971	0.396	0.424	0.41100000000000003	0.193	0.179	0.373	0.258	0.18600000000000003	0.233	0.188
35:52:17	25.1	0.512	0.701	0.752	0.37200000000000005	0.379	0.363	0.456	0.319	0.938	0.97	1.048	0.431	0.436	0.433	0.316	0.257	0.9490000000000001	0.97	0.975	0.539	0.53	0.5329999999999999	0.18600000000000003	0.168	0.858	0.887	0.873	0.57	0.611	0.569	0.27399999999999997	0.22899999999999998	0.9059999999999999	0.9840000000000001	0.972	0.39899999999999997	0.42	0.41200000000000003	0.19399999999999998	0.179	0.37	0.258	0.18600000000000003	0.233	0.18899999999999997
36:07:59	25.1	0.508	0.6970000000000001	0.7490000000000001	0.371	0.377	0.36200000000000004	0.45	0.317	0.935	0.9690000000000001	1.048	0.43	0.43	0.434	0.316	0.258	0.9470000000000001	0.97	0.9740000000000001	0.534	0.535	0.528	0.187	0.17	0.857	0.8859999999999999	0.871	0.57	0.612	0.5670000000000001	0.275	0.23	0.905	0.9840000000000001	0.972	0.40299999999999997	0.42	0.413	0.195	0.18	0.368	0.258	0.188	0.235	0.191
36:23:42	25.1	0.504	0.693	0.745	0.37	0.374	0.36	0.446	0.314	0.932	0.9690000000000001	1.048	0.42700000000000005	0.42700000000000005	0.429	0.317	0.259	0.9470000000000001	0.97	0.975	0.539	0.526	0.521	0.18899999999999997	0.172	0.856	0.8859999999999999	0.872	0.57	0.611	0.565	0.27699999999999997	0.23	0.904	0.9840000000000001	0.973	0.401	0.415	0.41	0.195	0.18100000000000002	0.366	0.258	0.188	0.235	0.191
36:39:25	25.1	0.5	0.6890000000000001	0.742	0.368	0.37200000000000005	0.36	0.44299999999999995	0.312	0.93	0.968	1.048	0.424	0.42700000000000005	0.426	0.317	0.258	0.9470000000000001	0.97	0.975	0.531	0.525	0.524	0.19	0.172	0.855	0.8859999999999999	0.871	0.568	0.612	0.568	0.27699999999999997	0.231	0.902	0.9840000000000001	0.972	0.39899999999999997	0.41700000000000004	0.413	0.195	0.182	0.364	0.258	0.19	0.23600000000000002	0.193
36:55:07	25.1	0.496	0.684	0.7390000000000001	0.366	0.371	0.358	0.43700000000000006	0.31	0.929	0.9690000000000001	1.0490000000000002	0.42200000000000004	0.425	0.42200000000000004	0.32	0.258	0.9470000000000001	0.973	0.977	0.53	0.525	0.526	0.191	0.17300000000000001	0.8540000000000001	0.884	0.871	0.569	0.613	0.569	0.27899999999999997	0.23199999999999998	0.902	0.9840000000000001	0.973	0.39899999999999997	0.419	0.414	0.19699999999999998	0.182	0.36200000000000004	0.257	0.19	0.235	0.195
37:10:50	25.1	0.49200000000000005	0.68	0.735	0.363	0.368	0.35600000000000004	0.433	0.308	0.927	0.9690000000000001	1.05	0.418	0.42100000000000004	0.42200000000000004	0.32	0.259	0.9470000000000001	0.972	0.977	0.531	0.518	0.523	0.193	0.174	0.8540000000000001	0.884	0.87	0.569	0.613	0.5660000000000001	0.281	0.233	0.9009999999999999	0.9840000000000001	0.973	0.39799999999999996	0.42	0.414	0.198	0.183	0.36	0.258	0.191	0.23600000000000002	0.19399999999999998
37:26:32	25.1	0.489	0.675	0.732	0.361	0.366	0.354	0.429	0.306	0.925	0.9690000000000001	1.05	0.41600000000000004	0.41600000000000004	0.41700000000000004	0.32	0.258	0.946	0.972	0.978	0.526	0.519	0.519	0.193	0.175	0.852	0.884	0.87	0.569	0.613	0.5660000000000001	0.282	0.233	0.899	0.985	0.973	0.41200000000000003	0.419	0.415	0.198	0.184	0.35700000000000004	0.258	0.192	0.23600000000000002	0.195
37:42:15	25.1	0.484	0.6709999999999999	0.7290000000000001	0.358	0.363	0.35200000000000004	0.425	0.303	0.922	0.9690000000000001	1.05	0.413	0.415	0.41600000000000004	0.321	0.257	0.946	0.973	0.977	0.52	0.515	0.512	0.195	0.177	0.851	0.884	0.8690000000000001	0.5670000000000001	0.612	0.5670000000000001	0.284	0.233	0.898	0.9840000000000001	0.9740000000000001	0.397	0.42	0.424	0.19699999999999998	0.184	0.35600000000000004	0.256	0.193	0.237	0.195
37:57:58	25.1	0.48100000000000004	0.667	0.725	0.355	0.36	0.349	0.42100000000000004	0.302	0.92	0.9670000000000001	1.0490000000000002	0.408	0.41	0.41100000000000003	0.319	0.255	0.945	0.972	0.977	0.518	0.521	0.511	0.196	0.17800000000000002	0.851	0.883	0.868	0.5670000000000001	0.616	0.565	0.285	0.235	0.897	0.985	0.973	0.39899999999999997	0.41700000000000004	0.41200000000000003	0.2	0.184	0.355	0.255	0.19399999999999998	0.237	0.195
38:13:40	25.1	0.47600000000000003	0.664	0.722	0.353	0.358	0.34700000000000003	0.41600000000000004	0.301	0.9179999999999999	0.968	1.05	0.406	0.41100000000000003	0.408	0.318	0.255	0.945	0.972	0.977	0.519	0.513	0.515	0.225	0.179	0.85	0.883	0.8690000000000001	0.568	0.614	0.5670000000000001	0.287	0.235	0.8959999999999999	0.9840000000000001	0.973	0.39899999999999997	0.42	0.41	0.203	0.185	0.35200000000000004	0.254	0.19399999999999998	0.239	0.196
38:29:23	25.0	0.47200000000000003	0.66	0.7190000000000001	0.35	0.355	0.345	0.41200000000000003	0.298	0.9159999999999999	0.966	1.05	0.40399999999999997	0.409	0.406	0.319	0.256	0.945	0.972	0.9790000000000001	0.545	0.516	0.509	0.19699999999999998	0.18100000000000002	0.848	0.883	0.868	0.568	0.617	0.568	0.287	0.235	0.895	0.9840000000000001	0.973	0.39899999999999997	0.415	0.41100000000000003	0.201	0.18600000000000003	0.35	0.25	0.196	0.23800000000000002	0.196
38:45:06	25.1	0.467	0.6559999999999999	0.715	0.349	0.353	0.342	0.409	0.295	0.912	0.965	1.05	0.397	0.40299999999999997	0.40299999999999997	0.319	0.255	0.943	0.973	0.978	0.515	0.509	0.505	0.198	0.183	0.847	0.882	0.867	0.57	0.617	0.564	0.289	0.237	0.894	0.9840000000000001	0.973	0.402	0.419	0.413	0.20199999999999999	0.18600000000000003	0.349	0.251	0.195	0.239	0.198
39:00:48	25.1	0.46299999999999997	0.652	0.7120000000000001	0.34600000000000003	0.35100000000000003	0.341	0.405	0.294	0.91	0.966	1.051	0.4	0.401	0.40299999999999997	0.319	0.254	0.943	0.972	0.9790000000000001	0.516	0.504	0.526	0.19899999999999998	0.183	0.846	0.8809999999999999	0.866	0.568	0.613	0.565	0.289	0.237	0.892	0.983	0.9740000000000001	0.39899999999999997	0.419	0.424	0.20199999999999999	0.187	0.345	0.247	0.196	0.239	0.19899999999999998
39:16:31	25.1	0.45799999999999996	0.648	0.7090000000000001	0.34299999999999997	0.348	0.33799999999999997	0.401	0.292	0.907	0.966	1.052	0.4	0.402	0.401	0.317	0.255	0.943	0.973	0.98	0.511	0.509	0.517	0.2	0.185	0.846	0.882	0.867	0.569	0.616	0.569	0.29	0.237	0.8909999999999999	0.9840000000000001	0.9740000000000001	0.39899999999999997	0.42	0.408	0.20199999999999999	0.18899999999999997	0.344	0.247	0.19699999999999998	0.24	0.19899999999999998
39:32:14	25.0	0.45299999999999996	0.645	0.705	0.341	0.345	0.336	0.397	0.29	0.905	0.965	1.052	0.395	0.39799999999999996	0.39799999999999996	0.317	0.253	0.9420000000000001	0.973	0.98	0.507	0.506	0.498	0.201	0.18600000000000003	0.8440000000000001	0.8809999999999999	0.867	0.5670000000000001	0.614	0.5670000000000001	0.29	0.237	0.89	0.983	0.9740000000000001	0.401	0.418	0.41	0.203	0.18899999999999997	0.34299999999999997	0.244	0.19699999999999998	0.24	0.198
39:47:56	25.1	0.449	0.642	0.7020000000000001	0.33899999999999997	0.342	0.33299999999999996	0.39399999999999996	0.289	0.9009999999999999	0.965	1.051	0.392	0.397	0.39299999999999996	0.316	0.253	0.941	0.973	0.9790000000000001	0.503	0.52	0.496	0.20199999999999999	0.18600000000000003	0.8440000000000001	0.8809999999999999	0.866	0.5670000000000001	0.617	0.5660000000000001	0.292	0.23800000000000002	0.888	0.9840000000000001	0.9740000000000001	0.401	0.419	0.406	0.203	0.18899999999999997	0.341	0.242	0.19699999999999998	0.24100000000000002	0.2
40:03:39	25.1	0.444	0.638	0.698	0.336	0.341	0.332	0.39	0.287	0.9	0.965	1.053	0.39	0.397	0.392	0.316	0.251	0.941	0.9740000000000001	0.981	0.505	0.499	0.501	0.203	0.18899999999999997	0.843	0.879	0.865	0.568	0.616	0.5670000000000001	0.292	0.239	0.887	0.983	0.975	0.4	0.42200000000000004	0.405	0.204	0.19	0.33899999999999997	0.242	0.19699999999999998	0.24	0.201
40:19:21	25.1	0.43700000000000006	0.635	0.696	0.33299999999999996	0.33799999999999997	0.33	0.387	0.285	0.8959999999999999	0.965	1.053	0.389	0.389	0.39	0.313	0.251	0.941	0.975	0.981	0.502	0.501	0.521	0.203	0.18899999999999997	0.8420000000000001	0.88	0.865	0.5670000000000001	0.616	0.5660000000000001	0.294	0.239	0.8859999999999999	0.9840000000000001	0.975	0.401	0.42200000000000004	0.406	0.205	0.191	0.337	0.24	0.198	0.24	0.201
40:35:04	25.1	0.43200000000000005	0.632	0.6920000000000001	0.331	0.335	0.32799999999999996	0.384	0.282	0.893	0.9640000000000001	1.052	0.385	0.389	0.38799999999999996	0.313	0.249	0.94	0.975	0.98	0.503	0.49700000000000005	0.494	0.203	0.19	0.841	0.879	0.866	0.5660000000000001	0.614	0.565	0.293	0.24	0.883	0.983	0.976	0.42100000000000004	0.41600000000000004	0.40700000000000003	0.205	0.191	0.335	0.237	0.198	0.24100000000000002	0.20199999999999999
40:50:47	25.0	0.426	0.628	0.6890000000000001	0.32899999999999996	0.33399999999999996	0.325	0.38	0.27899999999999997	0.89	0.963	1.053	0.386	0.387	0.38799999999999996	0.313	0.247	0.94	0.975	0.981	0.5	0.494	0.495	0.205	0.191	0.84	0.879	0.8640000000000001	0.5660000000000001	0.614	0.569	0.294	0.24	0.883	0.9840000000000001	0.975	0.39899999999999997	0.42	0.405	0.20600000000000002	0.193	0.33399999999999996	0.23600000000000002	0.2	0.24100000000000002	0.20199999999999999
41:06:29	25.1	0.42	0.626	0.685	0.327	0.332	0.324	0.37799999999999995	0.278	0.8859999999999999	0.965	1.054	0.38	0.38299999999999995	0.384	0.312	0.248	0.94	0.975	0.981	0.504	0.496	0.49700000000000005	0.204	0.195	0.84	0.879	0.865	0.57	0.617	0.57	0.294	0.24	0.8809999999999999	0.983	0.975	0.39899999999999997	0.419	0.40700000000000003	0.20600000000000002	0.192	0.332	0.233	0.201	0.24	0.203
41:22:12	25.1	0.414	0.622	0.682	0.324	0.32899999999999996	0.321	0.376	0.27699999999999997	0.882	0.963	1.054	0.38	0.382	0.381	0.312	0.24600000000000002	0.9390000000000001	0.975	0.982	0.507	0.488	0.494	0.20600000000000002	0.193	0.838	0.878	0.8640000000000001	0.57	0.617	0.57	0.294	0.24100000000000002	0.88	0.983	0.976	0.39899999999999997	0.42	0.408	0.20600000000000002	0.192	0.332	0.231	0.2	0.24100000000000002	0.203
41:37:55	25.1	0.408	0.618	0.679	0.322	0.327	0.32	0.371	0.27399999999999997	0.879	0.963	1.054	0.379	0.382	0.382	0.311	0.245	0.938	0.976	0.982	0.49700000000000005	0.49	0.49200000000000005	0.20600000000000002	0.196	0.838	0.879	0.8640000000000001	0.573	0.618	0.57	0.294	0.24100000000000002	0.878	0.983	0.976	0.433	0.41600000000000004	0.41	0.207	0.193	0.32799999999999996	0.22899999999999998	0.201	0.24	0.203
41:53:37	25.1	0.402	0.617	0.6759999999999999	0.32	0.326	0.318	0.368	0.271	0.8759999999999999	0.963	1.054	0.376	0.381	0.379	0.31	0.243	0.938	0.975	0.983	0.494	0.489	0.49700000000000005	0.207	0.19399999999999998	0.836	0.877	0.863	0.57	0.619	0.57	0.294	0.242	0.877	0.9840000000000001	0.976	0.40399999999999997	0.418	0.40399999999999997	0.207	0.19399999999999998	0.327	0.228	0.201	0.24100000000000002	0.203
42:09:20	25.1	0.395	0.613	0.672	0.318	0.32299999999999995	0.316	0.365	0.27	0.871	0.961	1.055	0.374	0.37799999999999995	0.376	0.31	0.242	0.937	0.976	0.9840000000000001	0.49200000000000005	0.488	0.48	0.207	0.195	0.836	0.877	0.865	0.5710000000000001	0.617	0.57	0.294	0.242	0.875	0.983	0.977	0.401	0.418	0.406	0.20800000000000002	0.196	0.327	0.226	0.201	0.239	0.203
42:25:02	25.1	0.39	0.612	0.67	0.316	0.322	0.315	0.363	0.267	0.8690000000000001	0.9620000000000001	1.055	0.375	0.376	0.375	0.308	0.24100000000000002	0.9359999999999999	0.977	0.9840000000000001	0.495	0.48200000000000004	0.485	0.20800000000000002	0.19699999999999998	0.835	0.878	0.8640000000000001	0.573	0.619	0.5710000000000001	0.294	0.243	0.8740000000000001	0.9840000000000001	0.976	0.41600000000000004	0.419	0.40700000000000003	0.20800000000000002	0.196	0.324	0.223	0.203	0.24	0.20199999999999999
42:40:45	25.1	0.38299999999999995	0.608	0.667	0.316	0.32	0.313	0.359	0.265	0.866	0.9620000000000001	1.056	0.374	0.375	0.37	0.308	0.24	0.935	0.977	0.9840000000000001	0.491	0.48	0.486	0.209	0.198	0.8340000000000001	0.877	0.863	0.573	0.621	0.573	0.294	0.243	0.872	0.983	0.977	0.39899999999999997	0.419	0.413	0.209	0.196	0.32299999999999995	0.221	0.201	0.23800000000000002	0.203
42:56:28	25.1	0.37799999999999995	0.605	0.664	0.313	0.319	0.312	0.358	0.262	0.862	0.9620000000000001	1.056	0.371	0.371	0.37200000000000005	0.308	0.239	0.9329999999999999	0.978	0.985	0.48700000000000004	0.48200000000000004	0.48200000000000004	0.20800000000000002	0.19699999999999998	0.833	0.877	0.8640000000000001	0.5720000000000001	0.621	0.574	0.295	0.244	0.871	0.983	0.978	0.402	0.424	0.408	0.21	0.198	0.321	0.21899999999999997	0.203	0.239	0.20199999999999999
43:12:10	25.1	0.371	0.602	0.6609999999999999	0.312	0.317	0.31	0.354	0.26	0.8590000000000001	0.9620000000000001	1.058	0.37	0.371	0.371	0.308	0.237	0.935	0.978	0.9840000000000001	0.488	0.483	0.47600000000000003	0.20800000000000002	0.198	0.833	0.877	0.863	0.5720000000000001	0.621	0.574	0.294	0.243	0.8690000000000001	0.9840000000000001	0.978	0.402	0.42	0.40700000000000003	0.209	0.19699999999999998	0.32	0.217	0.201	0.239	0.204
43:27:53	25.1	0.365	0.599	0.6579999999999999	0.31	0.316	0.309	0.35	0.257	0.855	0.9620000000000001	1.058	0.366	0.371	0.368	0.307	0.235	0.935	0.9740000000000001	0.9840000000000001	0.49	0.483	0.479	0.209	0.201	0.8320000000000001	0.877	0.8640000000000001	0.574	0.623	0.573	0.292	0.243	0.868	0.983	0.977	0.42100000000000004	0.419	0.406	0.209	0.198	0.318	0.215	0.20199999999999999	0.237	0.203
43:43:36	25.1	0.36	0.598	0.655	0.309	0.314	0.308	0.348	0.255	0.852	0.961	1.058	0.361	0.369	0.364	0.308	0.23399999999999999	0.9359999999999999	0.976	0.985	0.485	0.478	0.49200000000000005	0.21	0.2	0.831	0.878	0.8640000000000001	0.575	0.624	0.573	0.293	0.243	0.866	0.9840000000000001	0.978	0.40299999999999997	0.423	0.408	0.21	0.198	0.319	0.214	0.203	0.237	0.203
43:59:18	25.1	0.35200000000000004	0.595	0.652	0.308	0.313	0.306	0.345	0.253	0.8490000000000001	0.961	1.0590000000000002	0.364	0.366	0.365	0.305	0.23199999999999998	0.9359999999999999	0.978	0.987	0.48700000000000004	0.47600000000000003	0.478	0.21	0.201	0.831	0.877	0.8640000000000001	0.573	0.625	0.575	0.293	0.243	0.8640000000000001	0.9840000000000001	0.978	0.425	0.423	0.41100000000000003	0.21	0.19899999999999998	0.315	0.214	0.203	0.23399999999999999	0.203
44:15:01	25.1	0.34600000000000003	0.5920000000000001	0.649	0.306	0.311	0.305	0.344	0.251	0.846	0.9570000000000001	1.058	0.36200000000000004	0.36700000000000005	0.364	0.305	0.23	0.9359999999999999	0.9790000000000001	0.99	0.484	0.47700000000000004	0.478	0.21	0.201	0.83	0.878	0.865	0.5760000000000001	0.623	0.5770000000000001	0.293	0.243	0.863	0.983	0.9790000000000001	0.40399999999999997	0.418	0.406	0.21	0.201	0.313	0.212	0.20199999999999999	0.233	0.203
44:30:44	25.1	0.34	0.59	0.6459999999999999	0.305	0.31	0.304	0.341	0.247	0.841	0.9570000000000001	1.056	0.365	0.364	0.36200000000000004	0.305	0.23	0.9359999999999999	0.982	0.991	0.483	0.475	0.475	0.21100000000000002	0.20199999999999999	0.83	0.878	0.866	0.578	0.623	0.5770000000000001	0.292	0.244	0.86	0.9840000000000001	0.9790000000000001	0.41200000000000003	0.42100000000000004	0.41200000000000003	0.21	0.201	0.311	0.21100000000000002	0.20199999999999999	0.233	0.203
44:46:26	25.1	0.335	0.586	0.645	0.304	0.31	0.302	0.33899999999999997	0.24600000000000002	0.8370000000000001	0.9540000000000001	1.055	0.361	0.36200000000000004	0.35700000000000004	0.304	0.22699999999999998	0.935	0.982	0.991	0.479	0.474	0.473	0.21100000000000002	0.20199999999999999	0.8290000000000001	0.877	0.865	0.5770000000000001	0.623	0.5760000000000001	0.29100000000000004	0.243	0.8590000000000001	0.9840000000000001	0.9790000000000001	0.40700000000000003	0.425	0.405	0.21100000000000002	0.2	0.309	0.209	0.2	0.23199999999999998	0.203
45:02:09	25.0	0.32899999999999996	0.585	0.642	0.303	0.308	0.302	0.336	0.243	0.833	0.953	1.054	0.36	0.361	0.359	0.303	0.226	0.934	0.982	0.992	0.475	0.47100000000000003	0.475	0.212	0.203	0.828	0.878	0.865	0.579	0.621	0.578	0.292	0.243	0.857	0.9840000000000001	0.981	0.40299999999999997	0.42200000000000004	0.405	0.21100000000000002	0.201	0.307	0.20800000000000002	0.20199999999999999	0.231	0.203
45:17:52	25.1	0.324	0.58	0.639	0.301	0.307	0.3	0.33299999999999996	0.239	0.83	0.9520000000000001	1.055	0.35600000000000004	0.358	0.358	0.301	0.225	0.929	0.983	0.993	0.478	0.47200000000000003	0.46799999999999997	0.213	0.204	0.828	0.878	0.866	0.5770000000000001	0.621	0.578	0.29	0.243	0.857	0.9840000000000001	0.981	0.40299999999999997	0.42200000000000004	0.406	0.212	0.20199999999999999	0.305	0.20600000000000002	0.19899999999999998	0.23199999999999998	0.203
45:33:34	25.1	0.318	0.5760000000000001	0.635	0.301	0.306	0.3	0.33	0.237	0.826	0.951	1.054	0.35600000000000004	0.35700000000000004	0.355	0.3	0.223	0.924	0.9840000000000001	0.992	0.473	0.47	0.469	0.212	0.204	0.8270000000000001	0.878	0.865	0.58	0.624	0.58	0.29	0.242	0.855	0.985	0.982	0.402	0.42	0.41	0.212	0.201	0.303	0.205	0.20199999999999999	0.22699999999999998	0.203
45:49:17	25.1	0.312	0.574	0.632	0.3	0.305	0.298	0.32799999999999996	0.23399999999999999	0.8220000000000001	0.9490000000000001	1.054	0.35600000000000004	0.35600000000000004	0.354	0.299	0.221	0.919	0.981	0.9890000000000001	0.474	0.47700000000000004	0.47200000000000003	0.213	0.204	0.8270000000000001	0.878	0.866	0.581	0.624	0.578	0.29100000000000004	0.242	0.8540000000000001	0.985	0.981	0.415	0.423	0.40700000000000003	0.213	0.203	0.302	0.203	0.201	0.226	0.203
46:05:00	25.1	0.305	0.5710000000000001	0.629	0.299	0.304	0.298	0.326	0.23	0.8190000000000001	0.9490000000000001	1.053	0.35100000000000003	0.354	0.353	0.298	0.221	0.914	0.977	0.987	0.473	0.46799999999999997	0.48100000000000004	0.213	0.20600000000000002	0.826	0.878	0.867	0.581	0.627	0.581	0.289	0.242	0.8490000000000001	0.985	0.982	0.409	0.423	0.406	0.213	0.203	0.299	0.20199999999999999	0.2	0.22399999999999998	0.203
46:20:43	25.0	0.298	0.568	0.628	0.298	0.303	0.29600000000000004	0.32299999999999995	0.228	0.815	0.948	1.054	0.349	0.355	0.35100000000000003	0.297	0.218	0.909	0.972	0.983	0.47700000000000004	0.474	0.465	0.213	0.20600000000000002	0.825	0.879	0.866	0.581	0.627	0.58	0.29	0.242	0.843	0.987	0.9840000000000001	0.40399999999999997	0.42200000000000004	0.406	0.213	0.203	0.298	0.20199999999999999	0.19899999999999998	0.223	0.203
46:36:25	25.0	0.29	0.568	0.627	0.29600000000000004	0.302	0.295	0.32	0.22399999999999998	0.813	0.9470000000000001	1.054	0.35100000000000003	0.35200000000000004	0.35	0.29600000000000004	0.217	0.905	0.9690000000000001	0.9790000000000001	0.47100000000000003	0.46399999999999997	0.47200000000000003	0.214	0.207	0.8240000000000001	0.878	0.866	0.5820000000000001	0.629	0.5820000000000001	0.29	0.24	0.8390000000000001	0.988	0.986	0.423	0.424	0.40399999999999997	0.214	0.204	0.29600000000000004	0.201	0.19899999999999998	0.223	0.20199999999999999
46:52:08	25.0	0.28	0.5660000000000001	0.626	0.295	0.301	0.294	0.317	0.221	0.81	0.946	1.053	0.35	0.35100000000000003	0.35	0.29600000000000004	0.215	0.9	0.965	0.975	0.475	0.466	0.45899999999999996	0.214	0.207	0.823	0.878	0.866	0.583	0.629	0.581	0.289	0.24	0.8340000000000001	0.987	0.986	0.39899999999999997	0.426	0.41	0.214	0.20600000000000002	0.293	0.2	0.198	0.222	0.203
47:07:51	25.1	0.26899999999999996	0.563	0.624	0.295	0.3	0.292	0.314	0.217	0.8059999999999999	0.9440000000000001	1.052	0.349	0.353	0.34600000000000003	0.295	0.213	0.8959999999999999	0.961	0.971	0.469	0.47	0.46	0.214	0.207	0.823	0.879	0.867	0.584	0.629	0.58	0.28800000000000003	0.239	0.828	0.985	0.985	0.41200000000000003	0.423	0.409	0.215	0.205	0.29100000000000004	0.198	0.19899999999999998	0.218	0.20199999999999999
47:23:33	25.1	0.259	0.561	0.623	0.293	0.299	0.29100000000000004	0.312	0.215	0.8029999999999999	0.9420000000000001	1.052	0.34600000000000003	0.35	0.344	0.341	0.21100000000000002	0.8909999999999999	0.956	0.968	0.48700000000000004	0.46399999999999997	0.46	0.215	0.20800000000000002	0.8220000000000001	0.878	0.867	0.583	0.629	0.5820000000000001	0.28800000000000003	0.239	0.823	0.982	0.983	0.40700000000000003	0.42100000000000004	0.408	0.215	0.205	0.289	0.19699999999999998	0.19899999999999998	0.218	0.20199999999999999
47:39:16	25.1	0.25	0.56	0.622	0.292	0.298	0.289	0.31	0.212	0.8	0.941	1.051	0.345	0.35100000000000003	0.345	0.292	0.209	0.887	0.953	0.9640000000000001	0.474	0.461	0.457	0.215	0.209	0.821	0.879	0.867	0.585	0.633	0.583	0.28800000000000003	0.23800000000000002	0.8170000000000001	0.9790000000000001	0.9790000000000001	0.405	0.42	0.405	0.21600000000000003	0.20600000000000002	0.287	0.195	0.19699999999999998	0.217	0.203
47:54:59	25.1	0.239	0.557	0.619	0.29100000000000004	0.297	0.28800000000000003	0.307	0.20800000000000002	0.797	0.938	1.051	0.345	0.348	0.348	0.292	0.20800000000000002	0.883	0.95	0.961	0.465	0.46	0.457	0.215	0.209	0.8190000000000001	0.878	0.866	0.586	0.632	0.585	0.28800000000000003	0.23800000000000002	0.812	0.975	0.978	0.4	0.42	0.405	0.215	0.20600000000000002	0.284	0.195	0.196	0.215	0.203
48:10:41	25.1	0.22899999999999998	0.551	0.616	0.29	0.29600000000000004	0.287	0.304	0.20600000000000002	0.7929999999999999	0.937	1.05	0.34	0.349	0.344	0.29	0.207	0.879	0.946	0.958	0.465	0.462	0.457	0.215	0.209	0.818	0.878	0.867	0.589	0.631	0.585	0.28800000000000003	0.237	0.807	0.971	0.9740000000000001	0.39899999999999997	0.42100000000000004	0.40700000000000003	0.21600000000000003	0.20800000000000002	0.282	0.193	0.196	0.214	0.20199999999999999
48:26:24	25.1	0.21899999999999997	0.544	0.609	0.29	0.295	0.28600000000000003	0.302	0.201	0.789	0.935	1.0490000000000002	0.345	0.348	0.342	0.289	0.20600000000000002	0.8740000000000001	0.943	0.955	0.47200000000000003	0.457	0.456	0.21600000000000003	0.209	0.818	0.878	0.866	0.588	0.632	0.583	0.287	0.237	0.8009999999999999	0.9670000000000001	0.971	0.40399999999999997	0.419	0.409	0.217	0.207	0.27899999999999997	0.192	0.195	0.21100000000000002	0.203
48:42:07	25.1	0.21	0.5379999999999999	0.602	0.289	0.293	0.285	0.3	0.198	0.7859999999999999	0.932	1.047	0.34299999999999997	0.34700000000000003	0.337	0.287	0.203	0.871	0.94	0.9520000000000001	0.466	0.46399999999999997	0.457	0.21600000000000003	0.21	0.8170000000000001	0.878	0.867	0.589	0.631	0.585	0.287	0.23600000000000002	0.797	0.9640000000000001	0.968	0.402	0.42200000000000004	0.405	0.218	0.20600000000000002	0.276	0.191	0.193	0.21	0.20199999999999999
48:57:50	25.1	0.19899999999999998	0.5329999999999999	0.597	0.28800000000000003	0.293	0.28300000000000003	0.297	0.19399999999999998	0.782	0.9279999999999999	1.045	0.345	0.345	0.342	0.28600000000000003	0.20199999999999999	0.867	0.9359999999999999	0.9490000000000001	0.461	0.461	0.46	0.21600000000000003	0.21	0.816	0.878	0.866	0.59	0.632	0.583	0.28600000000000003	0.235	0.7909999999999999	0.961	0.965	0.414	0.426	0.406	0.217	0.207	0.275	0.19	0.193	0.209	0.203
49:13:32	25.1	0.18899999999999997	0.527	0.591	0.287	0.29100000000000004	0.282	0.295	0.191	0.778	0.9229999999999999	1.043	0.337	0.341	0.33899999999999997	0.285	0.201	0.862	0.9329999999999999	0.945	0.465	0.456	0.456	0.21600000000000003	0.21	0.815	0.877	0.866	0.591	0.638	0.59	0.28600000000000003	0.235	0.785	0.958	0.9620000000000001	0.409	0.425	0.405	0.218	0.20800000000000002	0.272	0.188	0.193	0.207	0.20199999999999999
49:29:15	25.1	0.177	0.522	0.586	0.28600000000000003	0.29	0.281	0.293	0.188	0.772	0.919	1.0390000000000001	0.33799999999999997	0.33899999999999997	0.33299999999999996	0.28300000000000003	0.19899999999999998	0.858	0.93	0.943	0.462	0.452	0.452	0.21600000000000003	0.21	0.8140000000000001	0.877	0.866	0.591	0.637	0.5870000000000001	0.28600000000000003	0.23399999999999999	0.78	0.9540000000000001	0.9590000000000001	0.401	0.424	0.40700000000000003	0.218	0.20800000000000002	0.268	0.18600000000000003	0.191	0.20600000000000002	0.20199999999999999
49:44:57	25.1	0.165	0.516	0.58	0.285	0.289	0.27899999999999997	0.29100000000000004	0.182	0.767	0.914	1.035	0.337	0.34	0.33799999999999997	0.281	0.19699999999999998	0.8540000000000001	0.9259999999999999	0.9390000000000001	0.45799999999999996	0.455	0.465	0.21600000000000003	0.21100000000000002	0.8109999999999999	0.877	0.867	0.593	0.634	0.589	0.285	0.233	0.775	0.95	0.955	0.40299999999999997	0.423	0.40700000000000003	0.21899999999999997	0.20800000000000002	0.266	0.185	0.191	0.204	0.2
50:00:40	25.1	0.154	0.509	0.574	0.284	0.287	0.278	0.28800000000000003	0.18	0.762	0.9109999999999999	1.032	0.33899999999999997	0.34600000000000003	0.336	0.281	0.196	0.85	0.9229999999999999	0.9359999999999999	0.456	0.45799999999999996	0.45	0.217	0.21	0.8109999999999999	0.877	0.866	0.597	0.636	0.594	0.284	0.23199999999999998	0.769	0.946	0.9520000000000001	0.4	0.42	0.405	0.21899999999999997	0.20800000000000002	0.264	0.184	0.19	0.204	0.2
50:16:23	25.1	0.141	0.504	0.569	0.28300000000000003	0.287	0.275	0.28600000000000003	0.175	0.757	0.9059999999999999	1.0290000000000001	0.33399999999999996	0.34	0.33299999999999996	0.28	0.19399999999999998	0.847	0.92	0.9329999999999999	0.45799999999999996	0.452	0.44299999999999995	0.217	0.21	0.81	0.877	0.866	0.597	0.639	0.588	0.284	0.231	0.764	0.943	0.9490000000000001	0.401	0.419	0.406	0.21899999999999997	0.209	0.26	0.183	0.19399999999999998	0.20199999999999999	0.2
50:32:06	25.1	0.128	0.499	0.564	0.281	0.285	0.275	0.28300000000000003	0.171	0.7509999999999999	0.9009999999999999	1.025	0.33399999999999996	0.33899999999999997	0.33799999999999997	0.278	0.192	0.843	0.917	0.9309999999999999	0.45799999999999996	0.456	0.45	0.217	0.21100000000000002	0.807	0.878	0.867	0.599	0.643	0.591	0.284	0.23	0.759	0.9390000000000001	0.946	0.40399999999999997	0.42	0.41700000000000004	0.22	0.20800000000000002	0.257	0.18100000000000002	0.18899999999999997	0.2	0.19899999999999998
