Time	L0B5-200_1	L1B5-200_1	L2B5-100_1	L2B4-100_1	L0B4-200_1	L1B4-200_1	L2B3-100_1	L0B2-200_1	L1B2-200_1	L2B1-100_1	L1B1-200_1	L2B2-100_1	L1B3-200_1	L0B3-200_1	L0B1-200_1	L0B5-200_2	L1B5-200_2	L2B5-100_2	L2B4-100_2	L0B4-200_2	L1B4-200_2	L2B3-100_2	L0B2-200_2	L1B2-200_2	L2B1-100_2	L1B1-200_2	L2B2-100_2	L1B3-200_2	L0B3-200_2	L0B1-200_2	L0B5-200_3	L1B5-200_3	L2B5-100_3	L2B4-100_3	L0B4-200_3	L1B4-200_3	L2B3-100_3	L0B2-200_3	L1B2-200_3	L2B1-100_3	L1B1-200_3	L2B2-100_3	L1B3-200_3	L0B3-200_3	L0B1-200_3
0.0	0.051	0.053	0.051	0.047	0.051	0.051	0.045	0.055	0.051	0.042	0.044000000000000004	0.042	0.042	0.049	0.051	0.061	0.044000000000000004	0.045	0.043	0.047	0.049	0.046	0.057999999999999996	0.05	0.044000000000000004	0.052000000000000005	0.043	0.046	0.053	0.055	0.055999999999999994	0.051	0.046	0.045	0.055	0.053	0.047	0.055999999999999994	0.05	0.045	0.054000000000000006	0.059000000000000004	0.05	0.053	0.057999999999999996
0.25	0.055999999999999994	0.061	0.057	0.047	0.061	0.052000000000000005	0.047	0.057	0.051	0.046	0.053	0.045	0.051	0.057	0.057999999999999996	0.057999999999999996	0.054000000000000006	0.05	0.046	0.061	0.053	0.047	0.059000000000000004	0.052000000000000005	0.046	0.051	0.047	0.051	0.059000000000000004	0.057999999999999996	0.06	0.057	0.05	0.047	0.059000000000000004	0.051	0.046	0.055999999999999994	0.051	0.045	0.052000000000000005	0.047	0.052000000000000005	0.057999999999999996	0.06
0.52	0.057	0.057	0.051	0.061	0.061	0.052000000000000005	0.046	0.057	0.051	0.045	0.052000000000000005	0.045	0.05	0.057	0.057999999999999996	0.059000000000000004	0.054000000000000006	0.05	0.046	0.061	0.053	0.046	0.059000000000000004	0.052000000000000005	0.046	0.055	0.046	0.051	0.059000000000000004	0.057999999999999996	0.059000000000000004	0.055999999999999994	0.049	0.047	0.059000000000000004	0.051	0.046	0.055999999999999994	0.051	0.045	0.052000000000000005	0.047	0.051	0.059000000000000004	0.06
0.78	0.057	0.055	0.054000000000000006	0.047	0.061	0.052000000000000005	0.046	0.057	0.052000000000000005	0.046	0.052000000000000005	0.045	0.05	0.057	0.059000000000000004	0.059000000000000004	0.054000000000000006	0.05	0.046	0.063	0.053	0.047	0.059000000000000004	0.052000000000000005	0.046	0.051	0.047	0.051	0.059000000000000004	0.059000000000000004	0.06	0.065	0.049	0.047	0.06	0.052000000000000005	0.046	0.055999999999999994	0.051	0.045	0.052000000000000005	0.047	0.051	0.059000000000000004	0.061
1.03	0.057999999999999996	0.055	0.055	0.047	0.062	0.053	0.047	0.057999999999999996	0.052000000000000005	0.046	0.052000000000000005	0.046	0.05	0.057999999999999996	0.06	0.061	0.053	0.051	0.047	0.064	0.054000000000000006	0.047	0.059000000000000004	0.053	0.046	0.051	0.047	0.051	0.06	0.06	0.063	0.057	0.05	0.047	0.061	0.052000000000000005	0.047	0.057	0.051	0.045	0.052000000000000005	0.047	0.051	0.06	0.062
1.3	0.06	0.054000000000000006	0.05	0.048	0.063	0.053	0.048	0.057999999999999996	0.052000000000000005	0.046	0.052000000000000005	0.046	0.05	0.059000000000000004	0.061	0.062	0.053	0.051	0.047	0.065	0.054000000000000006	0.047	0.06	0.053	0.047	0.051	0.047	0.051	0.061	0.062	0.063	0.055999999999999994	0.05	0.048	0.062	0.052000000000000005	0.047	0.057999999999999996	0.051	0.046	0.052000000000000005	0.047	0.051	0.061	0.063
1.57	0.061	0.057999999999999996	0.05	0.048	0.065	0.054000000000000006	0.049	0.059000000000000004	0.052000000000000005	0.047	0.052000000000000005	0.046	0.05	0.06	0.063	0.064	0.053	0.052000000000000005	0.048	0.066	0.054000000000000006	0.049	0.061	0.053	0.047	0.051	0.048	0.053	0.062	0.063	0.066	0.055999999999999994	0.05	0.049	0.063	0.052000000000000005	0.048	0.059000000000000004	0.053	0.046	0.052000000000000005	0.048	0.051	0.062	0.064
1.82	0.063	0.053	0.05	0.049	0.066	0.053	0.048	0.061	0.053	0.047	0.052000000000000005	0.047	0.051	0.061	0.064	0.065	0.053	0.052000000000000005	0.049	0.068	0.055	0.049	0.063	0.053	0.048	0.052000000000000005	0.048	0.051	0.063	0.064	0.073	0.055999999999999994	0.051	0.049	0.064	0.053	0.048	0.059000000000000004	0.051	0.046	0.052000000000000005	0.048	0.051	0.063	0.066
2.08	0.065	0.055	0.052000000000000005	0.05	0.068	0.054000000000000006	0.048	0.062	0.052000000000000005	0.048	0.052000000000000005	0.047	0.051	0.062	0.066	0.069	0.053	0.054000000000000006	0.049	0.07	0.055	0.049	0.065	0.053	0.048	0.052000000000000005	0.049	0.051	0.065	0.066	0.071	0.057	0.051	0.05	0.066	0.053	0.049	0.061	0.051	0.047	0.053	0.049	0.051	0.064	0.068
2.35	0.067	0.055999999999999994	0.051	0.05	0.07	0.054000000000000006	0.049	0.064	0.052000000000000005	0.049	0.053	0.048	0.051	0.063	0.068	0.071	0.054000000000000006	0.055999999999999994	0.05	0.07200000000000001	0.055	0.05	0.067	0.053	0.049	0.052000000000000005	0.049	0.052000000000000005	0.066	0.068	0.073	0.057	0.052000000000000005	0.051	0.068	0.053	0.055999999999999994	0.063	0.051	0.048	0.053	0.05	0.052000000000000005	0.065	0.07
2.62	0.07	0.057	0.052000000000000005	0.051	0.07200000000000001	0.054000000000000006	0.05	0.065	0.052000000000000005	0.05	0.053	0.048	0.052000000000000005	0.065	0.07	0.07400000000000001	0.054000000000000006	0.055999999999999994	0.052000000000000005	0.076	0.057	0.051	0.07	0.054000000000000006	0.05	0.053	0.05	0.052000000000000005	0.068	0.071	0.077	0.057	0.054000000000000006	0.052000000000000005	0.07	0.053	0.05	0.065	0.052000000000000005	0.049	0.054000000000000006	0.05	0.052000000000000005	0.067	0.079
2.87	0.073	0.054000000000000006	0.054000000000000006	0.053	0.075	0.055	0.051	0.068	0.053	0.051	0.054000000000000006	0.049	0.052000000000000005	0.066	0.073	0.077	0.054000000000000006	0.057	0.053	0.08	0.055999999999999994	0.053	0.07200000000000001	0.054000000000000006	0.052000000000000005	0.054000000000000006	0.051	0.053	0.07	0.073	0.08199999999999999	0.057999999999999996	0.055	0.054000000000000006	0.07400000000000001	0.053	0.051	0.068	0.055999999999999994	0.05	0.054000000000000006	0.051	0.053	0.07	0.075
3.13	0.077	0.059000000000000004	0.055999999999999994	0.055	0.078	0.055	0.055999999999999994	0.071	0.053	0.052000000000000005	0.055	0.05	0.053	0.069	0.076	0.084	0.055	0.059000000000000004	0.055	0.084	0.057	0.054000000000000006	0.076	0.054000000000000006	0.053	0.055	0.053	0.054000000000000006	0.073	0.078	0.086	0.057999999999999996	0.057	0.055999999999999994	0.078	0.054000000000000006	0.053	0.07	0.053	0.051	0.055	0.053	0.054000000000000006	0.07200000000000001	0.079
3.4	0.08199999999999999	0.057999999999999996	0.057999999999999996	0.057	0.08199999999999999	0.055999999999999994	0.054000000000000006	0.075	0.053	0.054000000000000006	0.055999999999999994	0.051	0.055	0.07200000000000001	0.08199999999999999	0.09	0.055999999999999994	0.061	0.057999999999999996	0.08800000000000001	0.057999999999999996	0.055999999999999994	0.081	0.054000000000000006	0.055	0.055999999999999994	0.054000000000000006	0.055999999999999994	0.079	0.083	0.10400000000000001	0.059000000000000004	0.059000000000000004	0.057999999999999996	0.08199999999999999	0.055	0.055	0.07400000000000001	0.052000000000000005	0.052000000000000005	0.055999999999999994	0.055	0.055999999999999994	0.076	0.08800000000000001
3.65	0.087	0.06	0.061	0.06	0.086	0.057	0.057	0.08	0.053	0.057	0.057	0.053	0.055999999999999994	0.077	0.08800000000000001	0.098	0.055999999999999994	0.064	0.06	0.095	0.059000000000000004	0.059000000000000004	0.08900000000000001	0.055	0.057999999999999996	0.06	0.055999999999999994	0.057	0.08199999999999999	0.08900000000000001	0.105	0.06	0.062	0.061	0.087	0.055999999999999994	0.057999999999999996	0.079	0.053	0.055	0.057999999999999996	0.057999999999999996	0.057	0.081	0.09
3.92	0.095	0.06	0.063	0.063	0.091	0.057999999999999996	0.059000000000000004	0.085	0.054000000000000006	0.06	0.059000000000000004	0.054000000000000006	0.057999999999999996	0.08199999999999999	0.095	0.106	0.057	0.068	0.064	0.10099999999999999	0.06	0.062	0.095	0.055999999999999994	0.062	0.059000000000000004	0.057999999999999996	0.06	0.08800000000000001	0.095	0.113	0.062	0.065	0.064	0.09300000000000001	0.055999999999999994	0.059000000000000004	0.085	0.053	0.057	0.059000000000000004	0.062	0.06	0.086	0.098
4.18	0.102	0.064	0.068	0.067	0.095	0.06	0.062	0.092	0.055	0.063	0.061	0.057	0.061	0.08800000000000001	0.10300000000000001	0.11699999999999999	0.059000000000000004	0.073	0.068	0.107	0.061	0.066	0.10099999999999999	0.055999999999999994	0.066	0.061	0.061	0.063	0.095	0.10300000000000001	0.125	0.064	0.069	0.069	0.1	0.057	0.063	0.092	0.053	0.06	0.061	0.068	0.063	0.094	0.107
4.45	0.111	0.087	0.073	0.071	0.10099999999999999	0.061	0.065	0.1	0.055	0.067	0.062	0.06	0.064	0.095	0.10800000000000001	0.132	0.061	0.078	0.07200000000000001	0.115	0.063	0.07	0.11	0.057	0.071	0.063	0.064	0.066	0.105	0.11199999999999999	0.139	0.067	0.07400000000000001	0.07400000000000001	0.107	0.059000000000000004	0.066	0.099	0.054000000000000006	0.064	0.063	0.07400000000000001	0.067	0.10300000000000001	0.11699999999999999
4.7	0.12	0.094	0.078	0.077	0.10800000000000001	0.063	0.07	0.106	0.055999999999999994	0.07200000000000001	0.065	0.063	0.067	0.106	0.11599999999999999	0.14300000000000002	0.063	0.085	0.079	0.12300000000000001	0.065	0.075	0.122	0.057999999999999996	0.076	0.067	0.068	0.07	0.115	0.124	0.151	0.07	0.079	0.08	0.115	0.061	0.071	0.10800000000000001	0.055	0.068	0.066	0.084	0.071	0.114	0.128
4.97	0.129	0.08199999999999999	0.085	0.084	0.115	0.065	0.075	0.115	0.057	0.077	0.068	0.067	0.071	0.11	0.127	0.158	0.065	0.091	0.08800000000000001	0.134	0.067	0.08199999999999999	0.133	0.059000000000000004	0.084	0.069	0.073	0.075	0.13	0.135	0.165	0.073	0.086	0.087	0.12300000000000001	0.063	0.077	0.11900000000000001	0.055999999999999994	0.07400000000000001	0.069	0.09300000000000001	0.076	0.124	0.141
5.23	0.142	0.066	0.09300000000000001	0.091	0.124	0.069	0.081	0.127	0.057999999999999996	0.085	0.071	0.07200000000000001	0.075	0.126	0.138	0.17	0.068	0.099	0.095	0.146	0.071	0.09	0.146	0.06	0.094	0.073	0.079	0.08	0.14	0.14800000000000002	0.17800000000000002	0.077	0.094	0.096	0.132	0.067	0.083	0.132	0.055999999999999994	0.08	0.07200000000000001	0.105	0.08199999999999999	0.13699999999999998	0.155
5.48	0.153	0.07	0.102	0.102	0.133	0.071	0.08900000000000001	0.142	0.059000000000000004	0.095	0.07400000000000001	0.079	0.083	0.13699999999999998	0.151	0.184	0.07200000000000001	0.109	0.105	0.156	0.07400000000000001	0.099	0.16	0.062	0.105	0.077	0.086	0.086	0.153	0.162	0.195	0.08199999999999999	0.10300000000000001	0.107	0.142	0.071	0.091	0.145	0.057999999999999996	0.08800000000000001	0.076	0.11900000000000001	0.08800000000000001	0.15	0.168
5.75	0.163	0.07200000000000001	0.11199999999999999	0.11199999999999999	0.142	0.076	0.11199999999999999	0.155	0.06	0.105	0.08199999999999999	0.086	0.08800000000000001	0.154	0.161	0.204	0.075	0.12	0.11800000000000001	0.166	0.078	0.11	0.17800000000000002	0.063	0.11699999999999999	0.08199999999999999	0.096	0.094	0.165	0.175	0.214	0.086	0.113	0.12	0.151	0.07400000000000001	0.102	0.156	0.059000000000000004	0.098	0.079	0.133	0.096	0.166	0.17800000000000002
6.02	0.179	0.076	0.124	0.125	0.158	0.08	0.10800000000000001	0.16899999999999998	0.062	0.11800000000000001	0.08199999999999999	0.095	0.09699999999999999	0.156	0.17300000000000001	0.225	0.08	0.132	0.131	0.18	0.08199999999999999	0.12300000000000001	0.198	0.066	0.131	0.087	0.107	0.10300000000000001	0.179	0.192	0.23800000000000002	0.09300000000000001	0.124	0.132	0.16399999999999998	0.08	0.113	0.171	0.06	0.11	0.084	0.147	0.106	0.17600000000000002	0.195
6.28	0.19899999999999998	0.081	0.13699999999999998	0.138	0.16899999999999998	0.087	0.121	0.188	0.064	0.132	0.08800000000000001	0.105	0.109	0.17	0.19399999999999998	0.248	0.085	0.149	0.145	0.195	0.08800000000000001	0.136	0.218	0.068	0.147	0.09300000000000001	0.11699999999999999	0.11599999999999999	0.193	0.20800000000000002	0.27	0.1	0.136	0.147	0.177	0.085	0.125	0.19	0.062	0.12300000000000001	0.09	0.158	0.11900000000000001	0.191	0.214
6.53	0.21899999999999997	0.08800000000000001	0.14800000000000002	0.152	0.18100000000000002	0.095	0.133	0.20600000000000002	0.065	0.147	0.094	0.11800000000000001	0.12	0.182	0.213	0.278	0.092	0.162	0.157	0.22	0.09699999999999999	0.15	0.242	0.07	0.158	0.1	0.129	0.131	0.20800000000000002	0.231	0.295	0.109	0.15	0.157	0.192	0.091	0.139	0.209	0.063	0.13699999999999998	0.096	0.172	0.134	0.20600000000000002	0.233
6.8	0.245	0.11699999999999999	0.162	0.163	0.203	0.10300000000000001	0.146	0.225	0.069	0.159	0.102	0.129	0.136	0.19699999999999998	0.231	0.306	0.102	0.17600000000000002	0.168	0.245	0.105	0.16	0.259	0.07400000000000001	0.172	0.11	0.141	0.15	0.231	0.253	0.337	0.121	0.162	0.16899999999999998	0.214	0.099	0.149	0.23	0.066	0.152	0.10300000000000001	0.18899999999999997	0.154	0.228	0.255
7.07	0.272	0.10400000000000001	0.17300000000000001	0.174	0.226	0.114	0.157	0.243	0.073	0.17	0.111	0.142	0.154	0.22	0.249	0.332	0.111	0.191	0.183	0.273	0.11599999999999999	0.17600000000000002	0.28	0.078	0.18600000000000003	0.11800000000000001	0.153	0.16899999999999998	0.252	0.278	0.35	0.135	0.17600000000000002	0.184	0.24100000000000002	0.109	0.161	0.25	0.069	0.162	0.11199999999999999	0.203	0.17300000000000001	0.24600000000000002	0.273
7.32	0.293	0.11699999999999999	0.18600000000000003	0.188	0.248	0.12300000000000001	0.16899999999999998	0.257	0.076	0.184	0.11800000000000001	0.154	0.17	0.23800000000000002	0.267	0.359	0.124	0.203	0.19699999999999998	0.303	0.128	0.19	0.297	0.098	0.19899999999999998	0.126	0.16399999999999998	0.18600000000000003	0.271	0.295	0.37799999999999995	0.15	0.188	0.19699999999999998	0.26899999999999996	0.121	0.174	0.268	0.07200000000000001	0.175	0.121	0.214	0.19	0.265	0.294
7.58	0.316	0.15	0.19699999999999998	0.2	0.275	0.136	0.183	0.276	0.08199999999999999	0.196	0.129	0.16399999999999998	0.18899999999999997	0.257	0.289	0.385	0.138	0.212	0.209	0.33399999999999996	0.141	0.203	0.313	0.091	0.21	0.14	0.17800000000000002	0.207	0.293	0.316	0.40399999999999997	0.17	0.19699999999999998	0.207	0.299	0.135	0.18899999999999997	0.285	0.077	0.18899999999999997	0.131	0.221	0.21100000000000002	0.284	0.314
7.85	0.33899999999999997	0.146	0.204	0.209	0.303	0.152	0.196	0.295	0.08900000000000001	0.207	0.14	0.17800000000000002	0.21100000000000002	0.27899999999999997	0.308	0.40700000000000003	0.155	0.217	0.218	0.366	0.157	0.212	0.331	0.099	0.21899999999999997	0.152	0.193	0.231	0.316	0.33899999999999997	0.429	0.191	0.20600000000000002	0.217	0.32899999999999996	0.149	0.2	0.303	0.083	0.20199999999999999	0.14300000000000002	0.225	0.235	0.304	0.33299999999999996
8.1	0.36	0.16399999999999998	0.215	0.218	0.33	0.16699999999999998	0.20600000000000002	0.31	0.096	0.217	0.153	0.192	0.23600000000000002	0.304	0.327	0.43200000000000005	0.174	0.215	0.22899999999999998	0.38799999999999996	0.171	0.221	0.345	0.10800000000000001	0.23199999999999998	0.166	0.20199999999999999	0.254	0.33799999999999997	0.35600000000000004	0.461	0.212	0.21	0.22399999999999998	0.36	0.16399999999999998	0.20800000000000002	0.321	0.08900000000000001	0.21100000000000002	0.155	0.223	0.257	0.32299999999999995	0.35100000000000003
8.37	0.379	0.184	0.21600000000000003	0.22399999999999998	0.349	0.18	0.214	0.324	0.107	0.22899999999999998	0.16899999999999998	0.201	0.258	0.325	0.34600000000000003	0.45	0.195	0.21100000000000002	0.23	0.41200000000000003	0.185	0.222	0.36	0.12	0.23399999999999999	0.183	0.21	0.276	0.36	0.377	0.466	0.23	0.20800000000000002	0.223	0.384	0.177	0.214	0.337	0.09699999999999999	0.22	0.17	0.218	0.275	0.34299999999999997	0.37200000000000005
8.63	0.396	0.20199999999999999	0.212	0.221	0.368	0.195	0.222	0.341	0.11699999999999999	0.23600000000000002	0.185	0.209	0.27699999999999997	0.35	0.365	0.475	0.214	0.20800000000000002	0.226	0.433	0.204	0.21899999999999997	0.375	0.132	0.231	0.196	0.21600000000000003	0.297	0.38299999999999995	0.402	0.495	0.251	0.204	0.21899999999999997	0.409	0.19399999999999998	0.213	0.35100000000000003	0.107	0.23	0.185	0.215	0.297	0.365	0.396
8.9	0.419	0.22399999999999998	0.20800000000000002	0.217	0.386	0.209	0.221	0.35600000000000004	0.131	0.23399999999999999	0.2	0.218	0.3	0.37200000000000005	0.386	0.49700000000000005	0.233	0.204	0.222	0.455	0.222	0.214	0.38799999999999996	0.149	0.22899999999999998	0.21600000000000003	0.214	0.319	0.405	0.425	0.521	0.27399999999999997	0.201	0.21600000000000003	0.43200000000000005	0.21	0.20800000000000002	0.358	0.11900000000000001	0.22899999999999998	0.2	0.212	0.318	0.386	0.415
9.15	0.441	0.248	0.205	0.213	0.41100000000000003	0.218	0.217	0.371	0.14400000000000002	0.23199999999999998	0.21600000000000003	0.217	0.32	0.39799999999999996	0.41	0.517	0.257	0.2	0.218	0.479	0.23600000000000002	0.21100000000000002	0.401	0.165	0.22399999999999998	0.231	0.209	0.336	0.428	0.451	0.5529999999999999	0.29600000000000004	0.198	0.212	0.456	0.226	0.205	0.37200000000000005	0.132	0.22699999999999998	0.217	0.209	0.335	0.41200000000000003	0.441
9.42	0.46	0.267	0.20199999999999999	0.21	0.43	0.228	0.213	0.38299999999999995	0.161	0.22699999999999998	0.23399999999999999	0.212	0.336	0.435	0.436	0.5379999999999999	0.276	0.196	0.215	0.503	0.252	0.20800000000000002	0.418	0.184	0.217	0.249	0.20600000000000002	0.348	0.45	0.47600000000000003	0.5770000000000001	0.319	0.19399999999999998	0.209	0.47700000000000004	0.242	0.203	0.385	0.146	0.223	0.23199999999999998	0.20600000000000002	0.34600000000000003	0.431	0.45799999999999996
9.68	0.48	0.29	0.19699999999999998	0.207	0.45299999999999996	0.24	0.209	0.4	0.17800000000000002	0.222	0.253	0.209	0.35100000000000003	0.451	0.462	0.573	0.302	0.192	0.21100000000000002	0.526	0.264	0.204	0.433	0.201	0.21100000000000002	0.266	0.203	0.359	0.473	0.499	0.612	0.34	0.191	0.205	0.499	0.25	0.2	0.397	0.162	0.217	0.249	0.203	0.35700000000000004	0.452	0.47700000000000004
9.93	0.505	0.312	0.19399999999999998	0.203	0.473	0.247	0.20600000000000002	0.41600000000000004	0.196	0.215	0.273	0.205	0.36200000000000004	0.473	0.486	0.605	0.326	0.188	0.207	0.552	0.276	0.201	0.452	0.21899999999999997	0.20600000000000002	0.29	0.201	0.368	0.491	0.522	0.648	0.355	0.187	0.201	0.523	0.259	0.196	0.41100000000000003	0.179	0.21	0.267	0.2	0.365	0.47100000000000003	0.519
10.2	0.536	0.331	0.19	0.19899999999999998	0.501	0.254	0.204	0.43200000000000005	0.213	0.209	0.294	0.203	0.373	0.495	0.514	0.639	0.344	0.185	0.203	0.5760000000000001	0.281	0.198	0.46799999999999997	0.242	0.2	0.312	0.19699999999999998	0.375	0.505	0.542	0.684	0.369	0.184	0.19699999999999998	0.5479999999999999	0.265	0.193	0.428	0.196	0.203	0.28800000000000003	0.19699999999999998	0.374	0.486	0.522
10.47	0.563	0.348	0.187	0.196	0.526	0.258	0.201	0.44799999999999995	0.237	0.204	0.318	0.19899999999999998	0.381	0.511	0.535	0.675	0.359	0.182	0.19899999999999998	0.604	0.287	0.19399999999999998	0.488	0.261	0.196	0.33799999999999997	0.193	0.386	0.521	0.57	0.711	0.382	0.182	0.193	0.5720000000000001	0.273	0.18899999999999997	0.444	0.21	0.19699999999999998	0.311	0.195	0.382	0.502	0.546
10.73	0.598	0.361	0.184	0.191	0.551	0.267	0.19699999999999998	0.469	0.26	0.2	0.342	0.19699999999999998	0.391	0.526	0.5670000000000001	0.7070000000000001	0.373	0.18100000000000002	0.195	0.636	0.297	0.19	0.51	0.282	0.192	0.364	0.19	0.395	0.534	0.598	0.7390000000000001	0.391	0.18	0.188	0.602	0.281	0.185	0.46399999999999997	0.22899999999999998	0.193	0.335	0.192	0.392	0.518	0.57
10.98	0.626	0.374	0.182	0.187	0.5770000000000001	0.273	0.195	0.488	0.27399999999999997	0.196	0.366	0.193	0.401	0.54	0.597	0.737	0.384	0.179	0.191	0.6629999999999999	0.306	0.187	0.534	0.303	0.18899999999999997	0.38799999999999996	0.18600000000000003	0.405	0.5479999999999999	0.626	0.805	0.40299999999999997	0.179	0.184	0.632	0.28800000000000003	0.182	0.484	0.247	0.188	0.359	0.18899999999999997	0.401	0.5329999999999999	0.597
11.25	0.653	0.387	0.18	0.183	0.608	0.27899999999999997	0.191	0.51	0.295	0.191	0.386	0.19	0.41100000000000003	0.556	0.628	0.765	0.395	0.17800000000000002	0.187	0.695	0.317	0.182	0.556	0.32	0.18600000000000003	0.409	0.182	0.41700000000000004	0.563	0.654	0.795	0.415	0.177	0.18	0.6629999999999999	0.294	0.17800000000000002	0.505	0.264	0.185	0.382	0.187	0.41200000000000003	0.55	0.623
11.52	0.6829999999999999	0.401	0.179	0.179	0.64	0.28600000000000003	0.187	0.532	0.317	0.18899999999999997	0.41200000000000003	0.18600000000000003	0.424	0.5710000000000001	0.66	0.7959999999999999	0.40700000000000003	0.179	0.183	0.726	0.321	0.179	0.579	0.33799999999999997	0.184	0.431	0.179	0.429	0.5820000000000001	0.684	0.815	0.431	0.177	0.177	0.691	0.3	0.174	0.528	0.28300000000000003	0.182	0.405	0.185	0.424	0.569	0.649
11.77	0.711	0.415	0.17800000000000002	0.17600000000000002	0.6709999999999999	0.292	0.184	0.552	0.336	0.187	0.434	0.182	0.435	0.585	0.691	0.82	0.42200000000000004	0.17800000000000002	0.179	0.758	0.332	0.175	0.606	0.358	0.18100000000000002	0.452	0.175	0.441	0.599	0.711	0.831	0.447	0.177	0.17300000000000001	0.722	0.308	0.17	0.5489999999999999	0.302	0.179	0.428	0.183	0.43799999999999994	0.588	0.6779999999999999
12.03	0.736	0.431	0.177	0.172	0.7040000000000001	0.298	0.18	0.578	0.35200000000000004	0.184	0.45299999999999996	0.18	0.447	0.603	0.7190000000000001	0.833	0.43700000000000006	0.179	0.17600000000000002	0.7829999999999999	0.33899999999999997	0.172	0.628	0.376	0.18	0.474	0.172	0.456	0.621	0.737	0.873	0.465	0.177	0.171	0.752	0.313	0.16699999999999998	0.57	0.32	0.177	0.44799999999999995	0.18100000000000002	0.45	0.61	0.705
12.3	0.7490000000000001	0.446	0.17800000000000002	0.16899999999999998	0.732	0.306	0.177	0.601	0.371	0.182	0.475	0.17600000000000002	0.462	0.623	0.747	0.85	0.45299999999999996	0.18	0.172	0.812	0.345	0.16899999999999998	0.6459999999999999	0.391	0.17800000000000002	0.494	0.16899999999999998	0.47100000000000003	0.6409999999999999	0.76	0.866	0.484	0.177	0.16699999999999998	0.779	0.318	0.16399999999999998	0.591	0.336	0.17600000000000002	0.46799999999999997	0.18	0.46399999999999997	0.632	0.725
12.57	0.769	0.465	0.17600000000000002	0.166	0.759	0.314	0.174	0.623	0.38799999999999996	0.18	0.494	0.174	0.478	0.645	0.773	0.868	0.47	0.18	0.16899999999999998	0.836	0.355	0.166	0.672	0.41200000000000003	0.177	0.513	0.166	0.485	0.664	0.7809999999999999	0.887	0.504	0.177	0.165	0.8	0.326	0.16	0.61	0.353	0.174	0.48700000000000004	0.179	0.479	0.655	0.7509999999999999
12.82	0.789	0.48200000000000004	0.17600000000000002	0.16399999999999998	0.7859999999999999	0.318	0.171	0.647	0.40399999999999997	0.179	0.514	0.172	0.494	0.667	0.797	0.8909999999999999	0.49	0.18100000000000002	0.16699999999999998	0.861	0.36700000000000005	0.16399999999999998	0.691	0.42700000000000005	0.175	0.529	0.16399999999999998	0.5	0.687	0.802	0.905	0.523	0.177	0.162	0.826	0.331	0.158	0.633	0.37	0.17300000000000001	0.504	0.179	0.494	0.679	0.7659999999999999
13.08	0.812	0.501	0.17600000000000002	0.161	0.8240000000000001	0.325	0.168	0.6679999999999999	0.429	0.177	0.53	0.16899999999999998	0.507	0.688	0.818	0.909	0.51	0.182	0.16399999999999998	0.888	0.375	0.161	0.71	0.44299999999999995	0.174	0.544	0.16	0.513	0.71	0.8220000000000001	0.925	0.5429999999999999	0.17800000000000002	0.16	0.852	0.34	0.156	0.652	0.387	0.171	0.521	0.17800000000000002	0.508	0.706	0.7859999999999999
13.35	0.8320000000000001	0.52	0.17600000000000002	0.159	0.848	0.332	0.165	0.687	0.44	0.17600000000000002	0.545	0.16699999999999998	0.52	0.721	0.838	0.9309999999999999	0.528	0.183	0.162	0.919	0.384	0.16	0.726	0.46	0.172	0.56	0.159	0.527	0.735	0.836	0.943	0.563	0.17800000000000002	0.158	0.8809999999999999	0.34700000000000003	0.154	0.67	0.40399999999999997	0.16899999999999998	0.5379999999999999	0.177	0.521	0.727	0.797
13.6	0.8540000000000001	0.539	0.175	0.156	0.878	0.34	0.163	0.7070000000000001	0.457	0.174	0.5589999999999999	0.165	0.532	0.737	0.851	0.948	0.5479999999999999	0.184	0.16	0.951	0.395	0.16	0.75	0.478	0.171	0.573	0.156	0.5379999999999999	0.7559999999999999	0.846	0.9620000000000001	0.584	0.177	0.157	0.9129999999999999	0.353	0.153	0.687	0.42	0.16899999999999998	0.5529999999999999	0.177	0.5329999999999999	0.747	0.81
13.87	0.8690000000000001	0.5589999999999999	0.175	0.155	0.9109999999999999	0.34700000000000003	0.161	0.7240000000000001	0.473	0.17300000000000001	0.569	0.163	0.542	0.763	0.8640000000000001	0.966	0.569	0.185	0.16	0.986	0.40399999999999997	0.16	0.765	0.496	0.17	0.581	0.154	0.547	0.772	0.863	0.981	0.603	0.177	0.156	0.9440000000000001	0.363	0.151	0.706	0.43700000000000006	0.168	0.564	0.17600000000000002	0.541	0.763	0.8270000000000001
14.13	0.885	0.578	0.174	0.154	0.95	0.354	0.159	0.743	0.49	0.172	0.575	0.161	0.55	0.775	0.884	0.9840000000000001	0.589	0.18600000000000003	0.158	1.02	0.418	0.159	0.778	0.516	0.16899999999999998	0.586	0.152	0.5529999999999999	0.7909999999999999	0.8809999999999999	0.996	0.624	0.179	0.155	0.9790000000000001	0.375	0.15	0.7240000000000001	0.452	0.168	0.5720000000000001	0.17600000000000002	0.55	0.782	0.845
14.38	0.9059999999999999	0.596	0.174	0.153	0.983	0.365	0.159	0.765	0.509	0.171	0.5820000000000001	0.16	0.557	0.7929999999999999	0.9059999999999999	1.0	0.61	0.18899999999999997	0.157	1.035	0.42700000000000005	0.158	0.7929999999999999	0.532	0.168	0.595	0.152	0.561	0.807	0.8959999999999999	1.0190000000000001	0.642	0.18	0.154	1.014	0.38299999999999995	0.15	0.74	0.469	0.166	0.5770000000000001	0.175	0.556	0.8009999999999999	0.8640000000000001
14.65	0.925	0.615	0.174	0.152	1.016	0.373	0.157	0.779	0.527	0.17	0.589	0.159	0.562	0.8109999999999999	0.92	1.014	0.629	0.191	0.157	1.038	0.44	0.159	0.8059999999999999	0.5489999999999999	0.168	0.602	0.15	0.565	0.8220000000000001	0.9129999999999999	1.025	0.657	0.18	0.154	1.03	0.39299999999999996	0.15	0.75	0.484	0.166	0.584	0.17300000000000001	0.561	0.816	0.882
14.92	0.938	0.634	0.174	0.15	1.025	0.377	0.156	0.794	0.5429999999999999	0.16899999999999998	0.597	0.158	0.568	0.825	0.9359999999999999	1.028	0.6459999999999999	0.193	0.157	1.042	0.452	0.158	0.825	0.569	0.16699999999999998	0.612	0.149	0.57	0.8370000000000001	0.927	1.037	0.6709999999999999	0.18100000000000002	0.154	1.04	0.40399999999999997	0.15	0.763	0.501	0.166	0.594	0.17300000000000001	0.5670000000000001	0.83	0.897
15.18	0.953	0.65	0.175	0.15	1.032	0.41600000000000004	0.155	0.809	0.562	0.168	0.604	0.157	0.57	0.838	0.955	1.04	0.66	0.196	0.156	1.047	0.46299999999999997	0.159	0.843	0.5920000000000001	0.168	0.617	0.14800000000000002	0.574	0.85	0.9420000000000001	1.068	0.6829999999999999	0.183	0.153	1.046	0.41200000000000003	0.15	0.7809999999999999	0.519	0.166	0.6	0.171	0.57	0.847	0.915
15.43	0.966	0.664	0.175	0.15	1.034	0.39799999999999996	0.155	0.818	0.581	0.168	0.61	0.157	0.573	0.852	0.9690000000000001	1.053	0.674	0.2	0.157	1.053	0.475	0.159	0.857	0.614	0.16699999999999998	0.624	0.149	0.578	0.8640000000000001	0.953	1.058	0.698	0.18600000000000003	0.154	1.051	0.42200000000000004	0.151	0.7959999999999999	0.536	0.166	0.607	0.16899999999999998	0.5720000000000001	0.86	0.9390000000000001
15.7	0.976	0.677	0.17600000000000002	0.152	1.0390000000000001	0.408	0.155	0.8370000000000001	0.602	0.16699999999999998	0.617	0.157	0.575	0.866	0.98	1.065	0.687	0.204	0.157	1.063	0.49	0.16	0.875	0.634	0.168	0.633	0.14800000000000002	0.581	0.878	0.966	1.07	0.713	0.191	0.154	1.0590000000000002	0.43200000000000005	0.152	0.8140000000000001	0.555	0.16699999999999998	0.614	0.166	0.575	0.8740000000000001	0.943
15.97	0.992	0.6859999999999999	0.17800000000000002	0.15	1.044	0.418	0.154	0.8540000000000001	0.621	0.168	0.625	0.157	0.579	0.88	0.996	1.08	0.7040000000000001	0.209	0.158	1.072	0.503	0.161	0.894	0.652	0.17	0.639	0.14800000000000002	0.586	0.887	0.978	1.079	0.731	0.195	0.156	1.067	0.446	0.152	0.83	0.575	0.168	0.62	0.16399999999999998	0.5770000000000001	0.884	0.956
16.22	1.005	0.7020000000000001	0.187	0.15	1.056	0.43	0.154	0.875	0.638	0.16899999999999998	0.63	0.156	0.583	0.89	1.0090000000000001	1.091	0.72	0.214	0.159	1.079	0.516	0.161	0.902	0.674	0.172	0.647	0.149	0.591	0.899	0.9940000000000001	1.091	0.745	0.19899999999999998	0.156	1.077	0.456	0.153	0.847	0.593	0.17	0.627	0.162	0.5820000000000001	0.895	0.968
16.48	1.012	0.7190000000000001	0.228	0.151	1.063	0.43700000000000006	0.154	0.8909999999999999	0.657	0.171	0.637	0.156	0.5870000000000001	0.902	1.023	1.102	0.736	0.22	0.159	1.091	0.532	0.162	0.914	0.69	0.174	0.653	0.149	0.598	0.9109999999999999	1.008	1.1	0.758	0.205	0.157	1.087	0.467	0.153	0.856	0.613	0.17300000000000001	0.631	0.16	0.584	0.905	0.983
16.75	1.024	0.736	0.20800000000000002	0.151	1.075	0.457	0.153	0.904	0.6709999999999999	0.17300000000000001	0.642	0.156	0.5920000000000001	0.9129999999999999	1.036	1.111	0.75	0.225	0.161	1.1	0.546	0.165	0.925	0.6990000000000001	0.179	0.659	0.15	0.602	0.9209999999999999	1.022	1.109	0.7709999999999999	0.21	0.157	1.097	0.48200000000000004	0.154	0.87	0.63	0.17600000000000002	0.638	0.159	0.59	0.9159999999999999	1.0
17.02	1.035	0.815	0.18899999999999997	0.151	1.083	0.461	0.154	0.915	0.6859999999999999	0.17600000000000002	0.649	0.155	0.597	0.925	1.052	1.121	0.763	0.231	0.162	1.109	0.5589999999999999	0.165	0.9309999999999999	0.7070000000000001	0.184	0.664	0.151	0.609	0.93	1.033	1.1159999999999999	0.782	0.215	0.16	1.107	0.494	0.156	0.88	0.649	0.18100000000000002	0.644	0.16	0.595	0.9259999999999999	1.0090000000000001
17.27	1.042	0.76	0.19399999999999998	0.151	1.092	0.47200000000000003	0.153	0.9259999999999999	0.696	0.18	0.652	0.155	0.604	0.9359999999999999	1.063	1.131	0.774	0.237	0.163	1.12	0.5710000000000001	0.16699999999999998	0.9390000000000001	0.7190000000000001	0.188	0.667	0.151	0.614	0.943	1.047	1.115	0.792	0.222	0.162	1.1179999999999999	0.505	0.158	0.89	0.659	0.185	0.649	0.159	0.6	0.937	1.021
17.53	1.053	0.7709999999999999	0.204	0.153	1.103	0.486	0.153	0.938	0.706	0.184	0.654	0.154	0.609	0.945	1.0759999999999998	1.137	0.7879999999999999	0.244	0.166	1.128	0.585	0.17	0.9470000000000001	0.731	0.19399999999999998	0.665	0.153	0.619	0.9540000000000001	1.058	1.115	0.8009999999999999	0.22699999999999998	0.165	1.126	0.518	0.16	0.898	0.6679999999999999	0.19	0.65	0.159	0.605	0.9470000000000001	1.025
17.8	1.054	0.7829999999999999	0.205	0.154	1.114	0.496	0.154	0.9470000000000001	0.711	0.18899999999999997	0.655	0.155	0.615	0.961	1.084	1.135	0.797	0.251	0.16899999999999998	1.14	0.593	0.17300000000000001	0.9570000000000001	0.738	0.2	0.6659999999999999	0.154	0.623	0.9640000000000001	1.06	1.115	0.812	0.235	0.16699999999999998	1.136	0.531	0.162	0.9079999999999999	0.6759999999999999	0.196	0.65	0.159	0.608	0.953	1.028
18.05	1.053	0.7959999999999999	0.205	0.155	1.124	0.508	0.154	0.9520000000000001	0.7190000000000001	0.195	0.654	0.155	0.618	0.966	1.084	1.135	0.8079999999999999	0.257	0.171	1.15	0.598	0.17600000000000002	0.966	0.7440000000000001	0.20600000000000002	0.6659999999999999	0.156	0.626	0.97	1.0590000000000002	1.113	0.8220000000000001	0.245	0.171	1.1440000000000001	0.54	0.165	0.917	0.687	0.201	0.65	0.16	0.611	0.95	1.028
18.32	1.062	0.813	0.21100000000000002	0.158	1.1440000000000001	0.526	0.154	0.973	0.73	0.201	0.655	0.156	0.626	0.9790000000000001	1.097	1.139	0.8220000000000001	0.264	0.177	1.166	0.609	0.18100000000000002	0.988	0.753	0.214	0.6659999999999999	0.158	0.634	0.97	1.067	1.115	0.8320000000000001	0.249	0.17600000000000002	1.16	0.555	0.16899999999999998	0.932	0.6970000000000001	0.20800000000000002	0.652	0.16	0.616	0.9520000000000001	1.044
18.58	1.052	0.812	0.212	0.159	1.136	0.529	0.155	0.97	0.73	0.20800000000000002	0.6509999999999999	0.157	0.628	0.9740000000000001	1.088	1.133	0.8290000000000001	0.27	0.182	1.163	0.609	0.185	0.9840000000000001	0.755	0.222	0.6629999999999999	0.16	0.637	0.9640000000000001	1.063	1.113	0.841	0.255	0.18100000000000002	1.162	0.562	0.17300000000000001	0.934	0.698	0.215	0.647	0.161	0.617	0.945	1.036
18.85	1.047	0.821	0.225	0.162	1.1440000000000001	0.5379999999999999	0.155	0.981	0.737	0.214	0.649	0.157	0.632	0.97	1.091	1.1340000000000001	0.84	0.278	0.19	1.1740000000000002	0.613	0.18899999999999997	0.99	0.758	0.22899999999999998	0.66	0.163	0.643	0.963	1.065	1.113	0.848	0.26	0.188	1.17	0.565	0.17600000000000002	0.9440000000000001	0.7020000000000001	0.223	0.6459999999999999	0.162	0.623	0.946	1.036
19.1	1.046	0.8290000000000001	0.221	0.16699999999999998	1.15	0.541	0.155	0.991	0.741	0.222	0.648	0.159	0.637	0.9670000000000001	1.094	1.136	0.847	0.284	0.196	1.178	0.617	0.195	1.002	0.765	0.23600000000000002	0.659	0.16699999999999998	0.6509999999999999	0.9620000000000001	1.068	1.115	0.857	0.268	0.19399999999999998	1.179	0.568	0.18	0.953	0.706	0.231	0.643	0.163	0.629	0.948	1.04
19.37	1.045	0.838	0.226	0.17	1.16	0.5529999999999999	0.157	0.996	0.752	0.22899999999999998	0.6459999999999999	0.162	0.6459999999999999	0.965	1.095	1.136	0.855	0.292	0.203	1.185	0.622	0.2	1.008	0.767	0.244	0.6559999999999999	0.172	0.66	0.965	1.071	1.1179999999999999	0.8640000000000001	0.27399999999999997	0.203	1.186	0.5710000000000001	0.187	0.9640000000000001	0.711	0.239	0.642	0.165	0.635	0.951	1.042
19.63	1.045	0.8440000000000001	0.27399999999999997	0.175	1.166	0.555	0.158	1.005	0.747	0.235	0.643	0.165	0.652	0.965	1.0979999999999999	1.139	0.863	0.297	0.21100000000000002	1.19	0.623	0.20600000000000002	1.014	0.764	0.252	0.652	0.17600000000000002	0.665	0.9670000000000001	1.072	1.1179999999999999	0.871	0.281	0.209	1.192	0.5770000000000001	0.192	0.972	0.716	0.247	0.639	0.166	0.642	0.9540000000000001	1.047
19.88	1.044	0.851	0.243	0.18	1.167	0.5579999999999999	0.16	1.016	0.75	0.245	0.6409999999999999	0.168	0.66	0.968	1.102	1.14	0.87	0.306	0.218	1.196	0.626	0.21100000000000002	1.0190000000000001	0.7659999999999999	0.259	0.6509999999999999	0.179	0.6759999999999999	0.971	1.0759999999999998	1.119	0.8759999999999999	0.289	0.217	1.197	0.584	0.19699999999999998	0.977	0.7170000000000001	0.256	0.636	0.16899999999999998	0.649	0.9570000000000001	1.046
20.15	1.042	0.858	0.239	0.18600000000000003	1.176	0.563	0.161	1.0190000000000001	0.7509999999999999	0.252	0.636	0.172	0.667	0.97	1.103	1.1420000000000001	0.8759999999999999	0.313	0.22699999999999998	1.202	0.629	0.217	1.03	0.7659999999999999	0.267	0.647	0.18600000000000003	0.682	0.976	1.079	1.121	0.8809999999999999	0.297	0.226	1.2009999999999998	0.586	0.203	0.985	0.7170000000000001	0.264	0.633	0.171	0.6579999999999999	0.9620000000000001	1.052
20.42	1.038	0.862	0.26	0.193	1.181	0.5660000000000001	0.165	1.025	0.75	0.259	0.635	0.17600000000000002	0.675	0.976	1.105	1.145	0.8809999999999999	0.319	0.23399999999999999	1.207	0.631	0.22399999999999998	1.0270000000000001	0.763	0.273	0.645	0.192	0.691	0.98	1.079	1.125	0.8859999999999999	0.303	0.23399999999999999	1.207	0.588	0.21	0.993	0.7170000000000001	0.27	0.63	0.17300000000000001	0.6659999999999999	0.963	1.056
20.68	1.037	0.866	0.247	0.19899999999999998	1.185	0.568	0.16699999999999998	1.034	0.748	0.266	0.631	0.18100000000000002	0.685	0.9790000000000001	1.1079999999999999	1.148	0.888	0.327	0.244	1.213	0.632	0.22899999999999998	1.026	0.759	0.281	0.642	0.198	0.698	0.983	1.084	1.124	0.889	0.31	0.242	1.212	0.5920000000000001	0.21600000000000003	0.995	0.7140000000000001	0.278	0.625	0.17600000000000002	0.6729999999999999	0.965	1.057
20.93	1.033	0.868	0.255	0.205	1.192	0.574	0.17	1.032	0.745	0.27399999999999997	0.629	0.187	0.6920000000000001	0.9840000000000001	1.112	1.148	0.89	0.335	0.254	1.217	0.631	0.23600000000000002	1.025	0.7559999999999999	0.287	0.6409999999999999	0.205	0.7040000000000001	0.986	1.083	1.129	0.893	0.318	0.251	1.217	0.591	0.223	0.993	0.713	0.284	0.623	0.177	0.682	0.966	1.071
21.2	1.03	0.872	0.258	0.212	1.196	0.573	0.17300000000000001	1.034	0.742	0.281	0.626	0.192	0.6990000000000001	0.988	1.115	1.151	0.8959999999999999	0.344	0.263	1.22	0.629	0.245	1.021	0.753	0.292	0.639	0.209	0.706	0.988	1.0859999999999999	1.128	0.8959999999999999	0.326	0.26	1.2209999999999999	0.591	0.23	0.993	0.706	0.289	0.62	0.18	0.687	0.9670000000000001	1.062
21.47	1.0270000000000001	0.8740000000000001	0.267	0.221	1.2009999999999998	0.573	0.17600000000000002	1.0290000000000001	0.737	0.287	0.624	0.19699999999999998	0.7040000000000001	0.988	1.114	1.153	0.899	0.35100000000000003	0.273	1.2229999999999999	0.629	0.252	1.025	0.747	0.298	0.636	0.215	0.71	0.99	1.091	1.127	0.897	0.33399999999999996	0.268	1.227	0.593	0.237	0.9940000000000001	0.7020000000000001	0.295	0.617	0.183	0.693	0.968	1.065
21.72	1.022	0.877	0.266	0.226	1.202	0.575	0.18100000000000002	1.03	0.733	0.292	0.622	0.205	0.71	0.991	1.119	1.1540000000000001	0.9009999999999999	0.36	0.28300000000000003	1.2329999999999999	0.628	0.259	1.015	0.741	0.303	0.634	0.221	0.713	0.992	1.094	1.129	0.9	0.34299999999999997	0.276	1.23	0.5920000000000001	0.244	0.991	0.696	0.3	0.613	0.18600000000000003	0.6990000000000001	0.9690000000000001	1.067
21.98	1.0190000000000001	0.878	0.271	0.233	1.208	0.575	0.184	1.024	0.728	0.299	0.619	0.209	0.7140000000000001	0.995	1.122	1.155	0.905	0.369	0.29100000000000004	1.238	0.628	0.268	1.0170000000000001	0.7390000000000001	0.306	0.633	0.225	0.7140000000000001	0.995	1.095	1.131	0.903	0.35	0.28600000000000003	1.232	0.59	0.252	0.988	0.6920000000000001	0.304	0.612	0.18899999999999997	0.7020000000000001	0.972	1.0659999999999998
22.25	1.014	0.88	0.275	0.24	1.208	0.5720000000000001	0.187	1.025	0.723	0.303	0.617	0.215	0.716	0.9940000000000001	1.126	1.157	0.9079999999999999	0.376	0.298	1.237	0.627	0.276	1.018	0.738	0.311	0.631	0.231	0.716	0.997	1.1	1.133	0.9059999999999999	0.358	0.294	1.237	0.59	0.26	0.985	0.6859999999999999	0.308	0.61	0.193	0.7040000000000001	0.9740000000000001	1.072
22.5	1.01	0.88	0.28	0.247	1.217	0.5720000000000001	0.192	1.025	0.7170000000000001	0.308	0.616	0.22	0.72	0.998	1.128	1.158	0.9079999999999999	0.385	0.307	1.2429999999999999	0.624	0.284	1.015	0.731	0.314	0.63	0.237	0.7170000000000001	0.998	1.101	1.131	0.9059999999999999	0.366	0.303	1.239	0.591	0.268	0.9840000000000001	0.6809999999999999	0.312	0.606	0.196	0.705	0.976	1.075
22.77	1.004	0.887	0.28600000000000003	0.255	1.23	0.5770000000000001	0.19699999999999998	1.028	0.715	0.312	0.617	0.22699999999999998	0.725	1.005	1.141	1.1640000000000001	0.915	0.395	0.318	1.253	0.625	0.294	1.028	0.7240000000000001	0.317	0.632	0.242	0.721	1.003	1.111	1.137	0.912	0.37799999999999995	0.312	1.246	0.591	0.27699999999999997	0.99	0.677	0.314	0.604	0.198	0.7090000000000001	0.977	1.079
23.03	1.001	0.882	0.28800000000000003	0.262	1.224	0.569	0.19899999999999998	1.022	0.708	0.316	0.612	0.231	0.721	1.001	1.1340000000000001	1.162	0.914	0.401	0.327	1.244	0.62	0.301	1.0170000000000001	0.721	0.321	0.631	0.245	0.7190000000000001	1.002	1.1079999999999999	1.1340000000000001	0.912	0.384	0.318	1.245	0.5870000000000001	0.284	0.98	0.669	0.318	0.603	0.2	0.71	0.978	1.084
23.3	0.998	0.883	0.292	0.26899999999999996	1.224	0.5660000000000001	0.203	1.022	0.7020000000000001	0.318	0.611	0.237	0.722	1.003	1.135	1.163	0.915	0.41	0.33399999999999996	1.249	0.618	0.309	1.021	0.718	0.324	0.63	0.251	0.718	1.002	1.107	1.139	0.9129999999999999	0.391	0.32799999999999996	1.248	0.586	0.293	0.985	0.6659999999999999	0.322	0.602	0.203	0.708	0.978	1.081
23.55	0.995	0.885	0.29600000000000004	0.276	1.226	0.564	0.207	1.024	0.6990000000000001	0.322	0.611	0.243	0.722	1.006	1.136	1.165	0.919	0.41600000000000004	0.344	1.253	0.615	0.319	1.0170000000000001	0.711	0.32799999999999996	0.63	0.256	0.7170000000000001	1.005	1.109	1.139	0.914	0.4	0.335	1.253	0.584	0.302	0.987	0.659	0.325	0.601	0.205	0.71	0.978	1.082
23.82	0.99	0.885	0.313	0.284	1.229	0.563	0.212	1.018	0.6940000000000001	0.327	0.612	0.24600000000000002	0.723	1.0090000000000001	1.14	1.168	0.9209999999999999	0.425	0.353	1.254	0.613	0.327	1.021	0.706	0.332	0.632	0.26	0.716	1.006	1.112	1.14	0.915	0.409	0.34299999999999997	1.249	0.581	0.309	0.986	0.653	0.32899999999999996	0.599	0.20600000000000002	0.7120000000000001	0.9790000000000001	1.081
24.08	0.987	0.98	0.302	0.29100000000000004	1.232	0.579	0.213	1.026	0.688	0.332	0.612	0.25	0.723	1.0090000000000001	1.1420000000000001	1.171	0.922	0.43200000000000005	0.361	1.2590000000000001	0.611	0.337	1.024	0.7040000000000001	0.335	0.633	0.265	0.713	1.008	1.117	1.141	0.917	0.41600000000000004	0.35	1.2570000000000001	0.5770000000000001	0.318	0.988	0.648	0.33399999999999996	0.599	0.209	0.713	0.98	1.088
24.33	0.983	0.883	0.306	0.298	1.2329999999999999	0.5589999999999999	0.223	1.026	0.684	0.335	0.612	0.254	0.722	1.01	1.1440000000000001	1.172	0.9229999999999999	0.44	0.369	1.261	0.609	0.34600000000000003	1.0270000000000001	0.698	0.33799999999999997	0.635	0.26899999999999996	0.7090000000000001	1.0070000000000001	1.117	1.1420000000000001	0.92	0.423	0.359	1.2590000000000001	0.575	0.326	0.99	0.643	0.337	0.6	0.21100000000000002	0.7120000000000001	0.98	1.0859999999999999
24.6	0.9790000000000001	0.889	0.31	0.304	1.236	0.552	0.222	1.023	0.68	0.33899999999999997	0.613	0.259	0.721	1.01	1.145	1.173	0.924	0.446	0.37799999999999995	1.266	0.605	0.355	1.0290000000000001	0.6970000000000001	0.34299999999999997	0.637	0.27399999999999997	0.7070000000000001	1.011	1.121	1.146	0.92	0.429	0.366	1.263	0.5720000000000001	0.335	0.991	0.637	0.33899999999999997	0.599	0.21100000000000002	0.706	0.9790000000000001	1.087
24.87	0.975	0.883	0.314	0.311	1.2409999999999999	0.5489999999999999	0.225	1.024	0.675	0.342	0.615	0.263	0.716	1.012	1.147	1.1740000000000002	0.927	0.45299999999999996	0.385	1.266	0.603	0.365	1.028	0.6920000000000001	0.345	0.637	0.27699999999999997	0.703	1.012	1.121	1.146	0.9229999999999999	0.436	0.373	1.2690000000000001	0.57	0.345	0.993	0.633	0.34299999999999997	0.601	0.213	0.7090000000000001	0.982	1.0959999999999999
25.13	0.9690000000000001	0.883	0.317	0.317	1.2409999999999999	0.552	0.23	1.025	0.669	0.345	0.616	0.267	0.715	1.013	1.148	1.177	0.929	0.45799999999999996	0.39399999999999996	1.272	0.599	0.375	1.0270000000000001	0.685	0.348	0.638	0.28300000000000003	0.6990000000000001	1.013	1.121	1.148	0.9229999999999999	0.441	0.38	1.27	0.568	0.353	0.992	0.627	0.34700000000000003	0.599	0.213	0.7070000000000001	0.981	1.087
25.38	0.963	0.882	0.321	0.32299999999999995	1.247	0.547	0.23199999999999998	1.028	0.665	0.35	0.617	0.272	0.711	1.013	1.15	1.178	0.929	0.46299999999999997	0.4	1.274	0.599	0.385	1.03	0.684	0.35	0.64	0.287	0.6940000000000001	1.014	1.124	1.149	0.925	0.445	0.386	1.273	0.564	0.361	0.992	0.622	0.35	0.601	0.215	0.7020000000000001	0.981	1.089
25.65	0.96	0.883	0.332	0.32899999999999996	1.249	0.54	0.235	1.022	0.6609999999999999	0.35200000000000004	0.618	0.276	0.708	1.018	1.151	1.18	0.9309999999999999	0.466	0.405	1.275	0.595	0.39399999999999996	1.0270000000000001	0.6779999999999999	0.35100000000000003	0.64	0.29100000000000004	0.688	1.014	1.122	1.149	0.925	0.451	0.392	1.274	0.562	0.371	0.992	0.616	0.353	0.601	0.21600000000000003	0.7	0.981	1.089
25.92	0.951	0.894	0.32799999999999996	0.336	1.244	0.5379999999999999	0.23800000000000002	1.021	0.655	0.355	0.618	0.27899999999999997	0.703	1.014	1.151	1.183	0.932	0.46799999999999997	0.41200000000000003	1.284	0.593	0.402	1.026	0.675	0.355	0.643	0.294	0.6829999999999999	1.015	1.125	1.1520000000000001	0.9259999999999999	0.45299999999999996	0.397	1.2770000000000001	0.561	0.38	0.992	0.612	0.35600000000000004	0.603	0.217	0.6940000000000001	0.982	1.09
26.17	0.9440000000000001	0.883	0.33399999999999996	0.33899999999999997	1.248	0.535	0.245	1.0190000000000001	0.652	0.36	0.619	0.284	0.698	1.0170000000000001	1.153	1.1840000000000002	0.935	0.47100000000000003	0.41700000000000004	1.285	0.589	0.41100000000000003	1.024	0.672	0.35600000000000004	0.649	0.298	0.677	1.015	1.126	1.153	0.9279999999999999	0.455	0.4	1.28	0.5579999999999999	0.387	0.992	0.606	0.359	0.602	0.218	0.6920000000000001	0.983	1.097
26.43	0.938	0.905	0.337	0.34299999999999997	1.254	0.5329999999999999	0.24600000000000002	1.02	0.648	0.361	0.622	0.287	0.693	1.0170000000000001	1.155	1.187	0.9359999999999999	0.474	0.42100000000000004	1.2830000000000001	0.588	0.418	1.022	0.667	0.35700000000000004	0.6459999999999999	0.303	0.672	1.0190000000000001	1.128	1.156	0.9279999999999999	0.45799999999999996	0.40399999999999997	1.286	0.5539999999999999	0.39399999999999996	0.9890000000000001	0.601	0.36	0.603	0.21899999999999997	0.687	0.982	1.092
26.7	0.929	0.88	0.342	0.348	1.252	0.529	0.249	1.012	0.643	0.36200000000000004	0.623	0.29100000000000004	0.6859999999999999	1.018	1.155	1.187	0.937	0.475	0.425	1.288	0.585	0.424	1.018	0.664	0.359	0.648	0.306	0.6659999999999999	1.018	1.129	1.157	0.93	0.45899999999999996	0.409	1.284	0.5529999999999999	0.401	0.987	0.596	0.361	0.603	0.22	0.684	0.983	1.094
26.97	0.919	0.879	0.345	0.35200000000000004	1.2409999999999999	0.525	0.252	1.0090000000000001	0.639	0.364	0.623	0.295	0.682	1.0190000000000001	1.158	1.1909999999999998	0.9390000000000001	0.47700000000000004	0.428	1.288	0.5820000000000001	0.43	1.0190000000000001	0.662	0.36	0.649	0.311	0.6629999999999999	1.0190000000000001	1.131	1.158	0.929	0.461	0.41100000000000003	1.286	0.551	0.40700000000000003	0.981	0.59	0.363	0.604	0.22	0.68	0.983	1.094
27.22	0.912	0.894	0.348	0.355	1.253	0.521	0.254	1.005	0.634	0.365	0.624	0.299	0.677	1.0190000000000001	1.159	1.192	0.94	0.47700000000000004	0.431	1.291	0.579	0.434	1.016	0.6559999999999999	0.36	0.649	0.314	0.6559999999999999	1.018	1.131	1.159	0.9309999999999999	0.462	0.413	1.286	0.544	0.413	0.9840000000000001	0.585	0.363	0.604	0.221	0.6709999999999999	0.982	1.095
27.48	0.903	0.878	0.361	0.358	1.254	0.517	0.257	0.997	0.631	0.365	0.625	0.303	0.6709999999999999	1.021	1.159	1.195	0.94	0.478	0.434	1.296	0.5770000000000001	0.43799999999999994	1.011	0.653	0.361	0.6509999999999999	0.318	0.6509999999999999	1.02	1.1320000000000001	1.16	0.93	0.46299999999999997	0.41600000000000004	1.281	0.544	0.41600000000000004	0.981	0.58	0.365	0.605	0.222	0.6659999999999999	0.983	1.095
27.75	0.893	0.875	0.35600000000000004	0.361	1.25	0.516	0.26	0.9940000000000001	0.626	0.368	0.627	0.307	0.664	1.0190000000000001	1.16	1.197	0.9420000000000001	0.48200000000000004	0.43700000000000006	1.295	0.574	0.442	1.008	0.6509999999999999	0.36	0.6509999999999999	0.321	0.644	1.02	1.1340000000000001	1.162	0.93	0.46399999999999997	0.41700000000000004	1.287	0.542	0.42	0.976	0.5760000000000001	0.364	0.605	0.222	0.66	0.983	1.0959999999999999
28.0	0.885	0.8740000000000001	0.361	0.364	1.249	0.512	0.262	0.99	0.622	0.36700000000000005	0.627	0.311	0.657	1.0190000000000001	1.16	1.199	0.941	0.483	0.43799999999999994	1.296	0.5720000000000001	0.444	1.0090000000000001	0.645	0.361	0.652	0.325	0.636	1.0190000000000001	1.133	1.163	0.9309999999999999	0.46399999999999997	0.419	1.29	0.539	0.42200000000000004	0.973	0.569	0.365	0.605	0.223	0.657	0.983	1.097
28.27	0.877	0.871	0.364	0.364	1.258	0.529	0.264	0.981	0.617	0.368	0.627	0.312	0.6509999999999999	1.02	1.163	1.2	0.941	0.48700000000000004	0.439	1.2990000000000002	0.569	0.44799999999999995	1.005	0.642	0.361	0.653	0.32899999999999996	0.63	1.02	1.1340000000000001	1.1640000000000001	0.93	0.466	0.42100000000000004	1.298	0.5379999999999999	0.426	0.973	0.565	0.36700000000000005	0.605	0.22399999999999998	0.65	0.982	1.097
28.53	0.866	0.868	0.374	0.365	1.258	0.505	0.268	0.976	0.614	0.368	0.629	0.316	0.644	1.0190000000000001	1.162	1.204	0.945	0.49	0.44	1.3019999999999998	0.568	0.45	1.008	0.638	0.36200000000000004	0.654	0.33299999999999996	0.625	1.021	1.138	1.167	0.932	0.46799999999999997	0.42200000000000004	1.2990000000000002	0.537	0.42700000000000005	0.9740000000000001	0.5589999999999999	0.366	0.606	0.22399999999999998	0.642	0.983	1.097
28.8	0.8590000000000001	0.866	0.405	0.366	1.264	0.503	0.27	0.972	0.61	0.36700000000000005	0.629	0.319	0.638	1.02	1.165	1.204	0.9440000000000001	0.49200000000000005	0.44	1.3019999999999998	0.565	0.452	1.0070000000000001	0.64	0.361	0.655	0.335	0.617	1.023	1.138	1.166	0.93	0.47100000000000003	0.42100000000000004	1.291	0.532	0.43	0.976	0.555	0.365	0.605	0.225	0.637	0.982	1.097
29.05	0.851	0.865	0.381	0.368	1.254	0.5	0.273	0.965	0.605	0.36700000000000005	0.63	0.322	0.631	1.021	1.165	1.207	0.9440000000000001	0.494	0.441	1.307	0.562	0.45399999999999996	1.0070000000000001	0.631	0.359	0.655	0.33899999999999997	0.611	1.022	1.138	1.168	0.9309999999999999	0.473	0.42200000000000004	1.297	0.531	0.433	0.972	0.55	0.366	0.606	0.225	0.63	0.98	1.0959999999999999
29.32	0.84	0.8640000000000001	0.37200000000000005	0.369	1.2570000000000001	0.496	0.27399999999999997	0.958	0.601	0.36700000000000005	0.63	0.325	0.625	1.0190000000000001	1.165	1.208	0.9440000000000001	0.49700000000000005	0.439	1.301	0.561	0.456	0.996	0.628	0.359	0.657	0.341	0.604	1.024	1.139	1.168	0.93	0.47700000000000004	0.42200000000000004	1.297	0.527	0.434	0.971	0.545	0.365	0.605	0.226	0.625	0.981	1.097
29.58	0.835	0.86	0.374	0.37	1.262	0.495	0.27699999999999997	0.9540000000000001	0.595	0.366	0.63	0.32799999999999996	0.616	1.02	1.167	1.208	0.943	0.498	0.439	1.306	0.56	0.462	1.003	0.624	0.358	0.657	0.34299999999999997	0.596	1.022	1.14	1.17	0.929	0.479	0.42200000000000004	1.2990000000000002	0.527	0.435	0.971	0.539	0.365	0.605	0.22699999999999998	0.614	0.982	1.101
29.83	0.826	0.8590000000000001	0.374	0.37	1.265	0.493	0.27899999999999997	0.9440000000000001	0.5920000000000001	0.365	0.632	0.331	0.61	1.021	1.168	1.212	0.9440000000000001	0.502	0.439	1.31	0.556	0.466	1.008	0.62	0.35700000000000004	0.6579999999999999	0.34700000000000003	0.588	1.024	1.1420000000000001	1.171	0.9279999999999999	0.48	0.42100000000000004	1.304	0.522	0.43799999999999994	0.9740000000000001	0.5329999999999999	0.365	0.605	0.22699999999999998	0.608	0.982	1.102
30.1	0.8170000000000001	0.856	0.39	0.37	1.254	0.488	0.281	0.9359999999999999	0.5870000000000001	0.364	0.631	0.33399999999999996	0.601	1.021	1.167	1.212	0.9420000000000001	0.5	0.44	1.311	0.555	0.47100000000000003	1.006	0.616	0.35600000000000004	0.657	0.348	0.58	1.023	1.1420000000000001	1.171	0.927	0.483	0.42200000000000004	1.301	0.522	0.442	0.975	0.53	0.364	0.605	0.22699999999999998	0.599	0.981	1.099
30.37	0.809	0.853	0.376	0.37200000000000005	1.246	0.485	0.284	0.938	0.586	0.364	0.633	0.337	0.593	1.021	1.169	1.216	0.943	0.504	0.439	1.3119999999999998	0.551	0.475	1.003	0.614	0.354	0.659	0.35100000000000003	0.5720000000000001	1.024	1.1440000000000001	1.172	0.925	0.483	0.42100000000000004	1.308	0.518	0.446	0.973	0.523	0.364	0.605	0.228	0.5920000000000001	0.981	1.1
30.63	0.8029999999999999	0.851	0.375	0.369	1.2590000000000001	0.483	0.28600000000000003	0.9259999999999999	0.581	0.36200000000000004	0.633	0.34	0.584	1.022	1.17	1.218	0.941	0.503	0.441	1.3130000000000002	0.551	0.478	1.01	0.61	0.353	0.659	0.353	0.563	1.025	1.143	1.173	0.924	0.48200000000000004	0.42100000000000004	1.305	0.516	0.449	0.968	0.518	0.36200000000000004	0.603	0.22899999999999998	0.583	0.98	1.101
30.88	0.794	0.848	0.375	0.369	1.2590000000000001	0.479	0.289	0.924	0.578	0.361	0.632	0.342	0.5760000000000001	1.0190000000000001	1.172	1.219	0.941	0.505	0.442	1.314	0.5479999999999999	0.48200000000000004	1.011	0.608	0.35200000000000004	0.66	0.35600000000000004	0.5539999999999999	1.025	1.146	1.182	0.9229999999999999	0.485	0.42100000000000004	1.304	0.516	0.452	0.971	0.513	0.364	0.604	0.228	0.575	0.981	1.101
31.15	0.79	0.847	0.375	0.369	1.2590000000000001	0.47600000000000003	0.29100000000000004	0.915	0.573	0.359	0.632	0.34299999999999997	0.5670000000000001	1.021	1.169	1.22	0.94	0.504	0.442	1.31	0.545	0.485	1.008	0.603	0.35	0.659	0.35600000000000004	0.544	1.025	1.145	1.176	0.9229999999999999	0.485	0.42100000000000004	1.3019999999999998	0.515	0.455	0.975	0.508	0.361	0.603	0.22899999999999998	0.5660000000000001	0.981	1.097
31.42	0.7829999999999999	0.843	0.375	0.36700000000000005	1.26	0.47200000000000003	0.293	0.9079999999999999	0.5710000000000001	0.35700000000000004	0.632	0.34600000000000003	0.5579999999999999	1.0190000000000001	1.169	1.222	0.94	0.502	0.444	1.308	0.544	0.489	1.008	0.604	0.35100000000000003	0.66	0.358	0.535	1.026	1.149	1.177	0.9209999999999999	0.485	0.423	1.2990000000000002	0.512	0.45799999999999996	0.972	0.503	0.361	0.604	0.22899999999999998	0.556	0.98	1.0979999999999999
31.67	0.778	0.8420000000000001	0.386	0.36700000000000005	1.2570000000000001	0.47	0.297	0.904	0.5660000000000001	0.35600000000000004	0.632	0.34700000000000003	0.5489999999999999	1.0190000000000001	1.168	1.2229999999999999	0.938	0.501	0.445	1.307	0.542	0.489	1.013	0.598	0.349	0.662	0.358	0.525	1.026	1.147	1.177	0.92	0.484	0.424	1.294	0.509	0.461	0.972	0.498	0.361	0.602	0.23	0.5479999999999999	0.98	1.0979999999999999
31.93	0.774	0.838	0.376	0.366	1.261	0.46799999999999997	0.298	0.894	0.562	0.355	0.632	0.35	0.5379999999999999	1.021	1.172	1.225	0.937	0.501	0.446	1.3030000000000002	0.54	0.489	1.011	0.5920000000000001	0.34700000000000003	0.6609999999999999	0.359	0.516	1.0270000000000001	1.147	1.178	0.917	0.484	0.424	1.2919999999999998	0.508	0.462	0.9740000000000001	0.49	0.36	0.602	0.22899999999999998	0.539	0.9790000000000001	1.099
32.2	0.768	0.8370000000000001	0.374	0.364	1.255	0.465	0.301	0.889	0.5589999999999999	0.354	0.634	0.35100000000000003	0.529	1.022	1.172	1.227	0.9359999999999999	0.5	0.446	1.298	0.537	0.49	1.008	0.591	0.34700000000000003	0.6609999999999999	0.359	0.506	1.0270000000000001	1.149	1.178	0.915	0.48200000000000004	0.426	1.285	0.506	0.462	0.973	0.484	0.359	0.601	0.23	0.529	0.9790000000000001	1.095
32.45	0.764	0.8320000000000001	0.37200000000000005	0.364	1.252	0.462	0.304	0.883	0.555	0.353	0.633	0.35100000000000003	0.519	1.02	1.173	1.227	0.9329999999999999	0.499	0.44799999999999995	1.2890000000000001	0.536	0.491	1.008	0.5870000000000001	0.345	0.662	0.359	0.496	1.0290000000000001	1.151	1.18	0.9129999999999999	0.483	0.426	1.2819999999999998	0.507	0.46399999999999997	0.981	0.479	0.358	0.6	0.23	0.518	0.9790000000000001	1.0979999999999999
32.72	0.7609999999999999	0.8290000000000001	0.37	0.361	1.248	0.45799999999999996	0.304	0.878	0.551	0.35100000000000003	0.632	0.35200000000000004	0.51	1.022	1.175	1.229	0.9329999999999999	0.499	0.45	1.288	0.534	0.49	1.013	0.585	0.345	0.662	0.359	0.486	1.028	1.151	1.181	0.912	0.48200000000000004	0.42700000000000005	1.275	0.503	0.46299999999999997	0.977	0.473	0.359	0.599	0.231	0.509	0.977	1.097
32.98	0.757	0.826	0.37	0.361	1.237	0.45799999999999996	0.308	0.87	0.547	0.35	0.633	0.353	0.5	1.023	1.1740000000000002	1.2309999999999999	0.9309999999999999	0.498	0.449	1.2790000000000001	0.534	0.49	1.0170000000000001	0.581	0.341	0.662	0.358	0.47700000000000004	1.0290000000000001	1.15	1.179	0.91	0.48	0.42700000000000005	1.2670000000000001	0.501	0.462	0.976	0.46799999999999997	0.358	0.598	0.231	0.499	0.978	1.091
33.25	0.754	0.821	0.369	0.36	1.236	0.45399999999999996	0.309	0.866	0.544	0.349	0.632	0.353	0.49	1.02	1.172	1.232	0.929	0.49700000000000005	0.45	1.275	0.5329999999999999	0.491	1.02	0.5770000000000001	0.342	0.6629999999999999	0.358	0.467	1.0290000000000001	1.1520000000000001	1.179	0.9059999999999999	0.479	0.428	1.263	0.502	0.46299999999999997	0.978	0.461	0.358	0.598	0.231	0.49	0.978	1.09
33.5	0.75	0.821	0.36700000000000005	0.358	1.225	0.449	0.311	0.858	0.541	0.34700000000000003	0.633	0.353	0.48	1.022	1.172	1.234	0.9279999999999999	0.495	0.45	1.271	0.532	0.49	1.02	0.5770000000000001	0.342	0.6629999999999999	0.358	0.45899999999999996	1.0290000000000001	1.153	1.18	0.904	0.47700000000000004	0.428	1.258	0.501	0.465	0.9840000000000001	0.455	0.358	0.598	0.23	0.48	0.978	1.095
33.77	0.746	0.818	0.366	0.35700000000000004	1.216	0.44799999999999995	0.313	0.852	0.5379999999999999	0.345	0.634	0.354	0.47100000000000003	1.023	1.177	1.235	0.925	0.493	0.45	1.265	0.53	0.489	1.0190000000000001	0.573	0.33899999999999997	0.6629999999999999	0.35600000000000004	0.451	1.03	1.1540000000000001	1.181	0.902	0.47600000000000003	0.428	1.252	0.49700000000000005	0.46299999999999997	0.981	0.449	0.35600000000000004	0.597	0.23199999999999998	0.47	0.978	1.0959999999999999
34.03	0.7440000000000001	0.813	0.369	0.35700000000000004	1.213	0.446	0.317	0.848	0.534	0.345	0.634	0.354	0.462	1.025	1.177	1.236	0.924	0.49200000000000005	0.45	1.261	0.529	0.488	1.0190000000000001	0.569	0.33799999999999997	0.664	0.35600000000000004	0.442	1.032	1.1540000000000001	1.182	0.9	0.47600000000000003	0.42700000000000005	1.247	0.495	0.462	0.987	0.44299999999999995	0.35700000000000004	0.595	0.231	0.461	0.977	1.091
34.28	0.74	0.8109999999999999	0.363	0.354	1.2	0.442	0.317	0.84	0.531	0.34299999999999997	0.632	0.35200000000000004	0.452	1.022	1.175	1.236	0.9209999999999999	0.49	0.45	1.255	0.528	0.488	1.022	0.565	0.337	0.665	0.353	0.434	1.032	1.156	1.183	0.897	0.474	0.426	1.2409999999999999	0.496	0.462	0.983	0.436	0.35600000000000004	0.596	0.23199999999999998	0.452	0.9790000000000001	1.0959999999999999
34.55	0.738	0.8079999999999999	0.36700000000000005	0.353	1.189	0.439	0.318	0.836	0.526	0.342	0.632	0.35200000000000004	0.44299999999999995	1.024	1.176	1.237	0.919	0.488	0.449	1.25	0.527	0.485	1.0270000000000001	0.563	0.33399999999999996	0.665	0.35200000000000004	0.425	1.032	1.155	1.181	0.894	0.47100000000000003	0.425	1.234	0.495	0.462	0.986	0.43200000000000005	0.355	0.594	0.23199999999999998	0.442	0.977	1.092
34.82	0.735	0.802	0.36200000000000004	0.35100000000000003	1.189	0.436	0.32	0.8290000000000001	0.523	0.341	0.633	0.35200000000000004	0.435	1.023	1.177	1.238	0.917	0.488	0.447	1.245	0.524	0.484	1.021	0.56	0.33399999999999996	0.664	0.35100000000000003	0.418	1.032	1.156	1.182	0.8909999999999999	0.47100000000000003	0.425	1.228	0.491	0.45899999999999996	0.985	0.426	0.355	0.5920000000000001	0.231	0.434	0.976	1.092
35.08	0.732	0.799	0.361	0.35	1.179	0.433	0.321	0.825	0.52	0.34	0.632	0.35	0.42700000000000005	1.022	1.175	1.239	0.914	0.486	0.44799999999999995	1.2409999999999999	0.524	0.483	1.028	0.5589999999999999	0.332	0.6659999999999999	0.35100000000000003	0.41100000000000003	1.033	1.157	1.182	0.889	0.469	0.424	1.228	0.49	0.45799999999999996	0.987	0.42	0.355	0.593	0.233	0.426	0.977	1.083
35.33	0.73	0.794	0.359	0.349	1.166	0.431	0.322	0.818	0.517	0.33899999999999997	0.632	0.349	0.419	1.022	1.175	1.239	0.912	0.485	0.447	1.236	0.524	0.483	1.026	0.555	0.332	0.667	0.349	0.40399999999999997	1.036	1.159	1.183	0.887	0.46799999999999997	0.425	1.22	0.488	0.456	0.988	0.415	0.353	0.591	0.233	0.41700000000000004	0.977	1.088
35.6	0.728	0.785	0.359	0.348	1.155	0.428	0.322	0.8140000000000001	0.514	0.336	0.631	0.348	0.41200000000000003	1.024	1.176	1.24	0.909	0.483	0.445	1.232	0.522	0.48100000000000004	1.0270000000000001	0.5529999999999999	0.33	0.665	0.34600000000000003	0.39799999999999996	1.034	1.158	1.182	0.883	0.465	0.42200000000000004	1.213	0.489	0.456	0.991	0.409	0.354	0.59	0.23199999999999998	0.409	0.977	1.09
35.87	0.7240000000000001	0.7809999999999999	0.358	0.34700000000000003	1.158	0.42700000000000005	0.324	0.81	0.511	0.335	0.632	0.34600000000000003	0.406	1.024	1.179	1.2409999999999999	0.907	0.479	0.444	1.229	0.522	0.479	1.026	0.552	0.32899999999999996	0.6659999999999999	0.34600000000000003	0.392	1.036	1.161	1.182	0.8809999999999999	0.46399999999999997	0.42	1.209	0.48700000000000004	0.455	0.992	0.405	0.354	0.589	0.23199999999999998	0.402	0.976	1.082
36.12	0.722	0.7759999999999999	0.36	0.34600000000000003	1.155	0.424	0.322	0.807	0.506	0.335	0.633	0.34600000000000003	0.39899999999999997	1.026	1.18	1.242	0.904	0.479	0.442	1.222	0.52	0.47700000000000004	1.024	0.547	0.327	0.6659999999999999	0.345	0.38799999999999996	1.035	1.159	1.182	0.88	0.46299999999999997	0.42100000000000004	1.204	0.485	0.45299999999999996	0.988	0.401	0.35200000000000004	0.589	0.23199999999999998	0.395	0.975	1.083
36.38	0.7190000000000001	0.767	0.364	0.344	1.141	0.42100000000000004	0.322	0.8009999999999999	0.503	0.332	0.633	0.345	0.392	1.025	1.178	1.242	0.902	0.47700000000000004	0.441	1.219	0.519	0.47600000000000003	1.031	0.544	0.325	0.6659999999999999	0.34299999999999997	0.382	1.037	1.16	1.182	0.875	0.46	0.418	1.2	0.484	0.452	0.99	0.395	0.353	0.588	0.233	0.391	0.975	1.083
36.65	0.7170000000000001	0.763	0.354	0.34299999999999997	1.137	0.419	0.322	0.795	0.501	0.332	0.633	0.342	0.38799999999999996	1.025	1.18	1.2429999999999999	0.899	0.474	0.439	1.216	0.517	0.47600000000000003	1.038	0.542	0.324	0.669	0.34299999999999997	0.38	1.037	1.161	1.181	0.873	0.45899999999999996	0.41700000000000004	1.195	0.484	0.45	0.993	0.392	0.353	0.586	0.233	0.385	0.9740000000000001	1.077
36.92	0.715	0.757	0.35100000000000003	0.341	1.127	0.41700000000000004	0.32	0.792	0.49700000000000005	0.33	0.632	0.341	0.381	1.026	1.176	1.2429999999999999	0.8959999999999999	0.47200000000000003	0.43799999999999994	1.208	0.518	0.474	1.025	0.541	0.322	0.6679999999999999	0.341	0.375	1.038	1.162	1.181	0.872	0.456	0.41600000000000004	1.192	0.48100000000000004	0.45	0.997	0.387	0.354	0.585	0.23199999999999998	0.37799999999999995	0.9740000000000001	1.079
37.17	0.711	0.7490000000000001	0.35200000000000004	0.34	1.119	0.414	0.32	0.787	0.494	0.32899999999999996	0.633	0.34	0.377	1.028	1.181	1.244	0.894	0.47100000000000003	0.43700000000000006	1.208	0.516	0.469	1.036	0.546	0.32	0.6679999999999999	0.341	0.371	1.04	1.162	1.181	0.867	0.45299999999999996	0.414	1.188	0.48	0.447	0.991	0.38299999999999995	0.35	0.585	0.23199999999999998	0.37200000000000005	0.9740000000000001	1.074
37.43	0.7090000000000001	0.743	0.349	0.33799999999999997	1.114	0.41200000000000003	0.318	0.7829999999999999	0.491	0.32799999999999996	0.633	0.33799999999999997	0.373	1.026	1.182	1.244	0.892	0.47	0.436	1.202	0.516	0.46799999999999997	1.022	0.534	0.319	0.669	0.341	0.369	1.0390000000000001	1.1640000000000001	1.179	0.866	0.452	0.413	1.182	0.48100000000000004	0.445	0.9940000000000001	0.379	0.35	0.584	0.233	0.369	0.973	1.069
37.7	0.706	0.7340000000000001	0.34700000000000003	0.336	1.1059999999999999	0.41	0.318	0.782	0.488	0.326	0.634	0.336	0.37	1.0290000000000001	1.179	1.244	0.889	0.46799999999999997	0.433	1.198	0.514	0.466	1.023	0.5329999999999999	0.318	0.669	0.34	0.366	1.04	1.1640000000000001	1.179	0.863	0.45	0.41100000000000003	1.177	0.47700000000000004	0.44299999999999995	0.9940000000000001	0.374	0.35100000000000003	0.5820000000000001	0.233	0.36200000000000004	0.973	1.067
37.95	0.703	0.73	0.344	0.33399999999999996	1.0979999999999999	0.40700000000000003	0.316	0.779	0.484	0.324	0.633	0.336	0.366	1.0290000000000001	1.182	1.2429999999999999	0.887	0.466	0.43200000000000005	1.194	0.513	0.46299999999999997	1.021	0.53	0.315	0.6679999999999999	0.33799999999999997	0.364	1.04	1.163	1.178	0.858	0.44799999999999995	0.41	1.173	0.479	0.44	0.991	0.37	0.35200000000000004	0.581	0.233	0.358	0.972	1.065
38.22	0.7	0.721	0.342	0.332	1.089	0.405	0.314	0.773	0.48100000000000004	0.32299999999999995	0.632	0.33399999999999996	0.363	1.028	1.182	1.2429999999999999	0.884	0.46299999999999997	0.429	1.189	0.512	0.462	1.023	0.529	0.314	0.67	0.337	0.361	1.04	1.163	1.176	0.856	0.446	0.408	1.169	0.475	0.439	0.985	0.36700000000000005	0.349	0.58	0.233	0.354	0.973	1.062
38.48	0.698	0.716	0.33899999999999997	0.327	1.084	0.401	0.314	0.769	0.479	0.321	0.634	0.33299999999999996	0.363	1.034	1.19	1.248	0.885	0.46399999999999997	0.43	1.198	0.517	0.461	1.028	0.526	0.313	0.6709999999999999	0.337	0.364	1.046	1.17	1.177	0.857	0.446	0.408	1.17	0.47700000000000004	0.44	0.983	0.364	0.35100000000000003	0.579	0.233	0.353	0.972	1.058
38.75	0.695	0.708	0.337	0.32799999999999996	1.068	0.39799999999999996	0.311	0.7559999999999999	0.475	0.32	0.632	0.332	0.358	1.028	1.181	1.244	0.878	0.46	0.425	1.183	0.51	0.457	1.016	0.521	0.312	0.67	0.335	0.35700000000000004	1.041	1.1640000000000001	1.176	0.851	0.442	0.40399999999999997	1.161	0.474	0.436	0.9740000000000001	0.361	0.35100000000000003	0.5770000000000001	0.233	0.349	0.971	1.058
39.0	0.6920000000000001	0.701	0.335	0.326	1.064	0.395	0.31	0.75	0.47200000000000003	0.318	0.632	0.32899999999999996	0.35700000000000004	1.031	1.181	1.244	0.8759999999999999	0.457	0.424	1.179	0.509	0.45399999999999996	1.0090000000000001	0.522	0.31	0.67	0.33299999999999996	0.359	1.042	1.165	1.173	0.8490000000000001	0.44	0.40299999999999997	1.155	0.473	0.433	0.98	0.358	0.349	0.5760000000000001	0.233	0.34299999999999997	0.97	1.053
39.27	0.6890000000000001	0.6940000000000001	0.332	0.32299999999999995	1.058	0.39299999999999996	0.307	0.745	0.47	0.317	0.631	0.32799999999999996	0.355	1.0290000000000001	1.186	1.2429999999999999	0.873	0.455	0.42200000000000004	1.1740000000000002	0.508	0.452	1.005	0.519	0.309	0.669	0.33299999999999996	0.358	1.042	1.1640000000000001	1.172	0.8440000000000001	0.436	0.4	1.151	0.47200000000000003	0.43	0.985	0.354	0.349	0.575	0.233	0.342	0.97	1.05
39.53	0.685	0.6859999999999999	0.32799999999999996	0.322	1.051	0.39	0.304	0.742	0.467	0.315	0.631	0.327	0.353	1.03	1.181	1.242	0.871	0.45299999999999996	0.42	1.17	0.51	0.449	0.997	0.515	0.307	0.67	0.331	0.35700000000000004	1.043	1.166	1.17	0.843	0.435	0.39899999999999997	1.147	0.47200000000000003	0.428	0.977	0.35200000000000004	0.34600000000000003	0.573	0.233	0.342	0.9690000000000001	1.043
39.78	0.6829999999999999	0.684	0.324	0.318	1.045	0.389	0.302	0.74	0.46399999999999997	0.313	0.634	0.326	0.355	1.033	1.188	1.246	0.873	0.45299999999999996	0.42	1.175	0.512	0.449	1.008	0.519	0.306	0.6729999999999999	0.33	0.359	1.047	1.173	1.172	0.843	0.435	0.39899999999999997	1.15	0.475	0.43	0.977	0.348	0.348	0.573	0.233	0.34	0.968	1.042
40.05	0.6779999999999999	0.6709999999999999	0.321	0.317	1.032	0.384	0.3	0.731	0.461	0.312	0.633	0.326	0.353	1.031	1.182	1.2429999999999999	0.866	0.449	0.41700000000000004	1.161	0.507	0.445	0.993	0.511	0.304	0.6709999999999999	0.32899999999999996	0.35700000000000004	1.045	1.165	1.168	0.836	0.43	0.397	1.14	0.47100000000000003	0.424	0.9670000000000001	0.345	0.34600000000000003	0.5710000000000001	0.233	0.33799999999999997	0.968	1.041
40.32	0.675	0.664	0.32	0.314	1.022	0.381	0.297	0.722	0.457	0.31	0.632	0.32299999999999995	0.349	1.03	1.181	1.242	0.8640000000000001	0.447	0.415	1.158	0.506	0.441	0.99	0.511	0.304	0.6709999999999999	0.327	0.35700000000000004	1.045	1.169	1.166	0.836	0.428	0.39399999999999996	1.135	0.469	0.42200000000000004	0.9620000000000001	0.342	0.34600000000000003	0.57	0.233	0.336	0.966	1.034
40.58	0.672	0.6559999999999999	0.315	0.312	1.0170000000000001	0.37799999999999995	0.294	0.713	0.455	0.308	0.632	0.324	0.349	1.032	1.179	1.2409999999999999	0.862	0.444	0.414	1.153	0.504	0.44	0.988	0.507	0.302	0.6709999999999999	0.326	0.358	1.047	1.167	1.1640000000000001	0.833	0.425	0.391	1.131	0.467	0.419	0.9640000000000001	0.33899999999999997	0.345	0.568	0.23199999999999998	0.335	0.966	1.0290000000000001
40.83	0.669	0.649	0.313	0.31	1.005	0.373	0.29100000000000004	0.705	0.452	0.307	0.634	0.322	0.355	1.031	1.182	1.2409999999999999	0.86	0.442	0.41100000000000003	1.1520000000000001	0.504	0.43700000000000006	0.985	0.506	0.301	0.672	0.324	0.36	1.047	1.171	1.163	0.831	0.424	0.39	1.126	0.466	0.41700000000000004	0.9540000000000001	0.336	0.344	0.5660000000000001	0.233	0.331	0.9640000000000001	1.026
41.1	0.6659999999999999	0.645	0.311	0.307	0.9940000000000001	0.37	0.29	0.6990000000000001	0.44799999999999995	0.305	0.631	0.32	0.35200000000000004	1.031	1.181	1.238	0.857	0.44	0.41	1.149	0.503	0.434	0.982	0.504	0.3	0.672	0.322	0.358	1.047	1.17	1.161	0.8270000000000001	0.42200000000000004	0.389	1.122	0.467	0.415	0.953	0.33399999999999996	0.345	0.565	0.233	0.32899999999999996	0.963	1.021
41.37	0.6609999999999999	0.65	0.308	0.304	0.988	0.368	0.28800000000000003	0.69	0.444	0.304	0.633	0.319	0.353	1.032	1.182	1.232	0.856	0.43799999999999994	0.408	1.1440000000000001	0.502	0.43200000000000005	0.977	0.503	0.299	0.6729999999999999	0.32	0.36	1.047	1.167	1.159	0.825	0.42100000000000004	0.387	1.119	0.465	0.41200000000000003	0.9520000000000001	0.331	0.34299999999999997	0.563	0.23199999999999998	0.32899999999999996	0.9620000000000001	1.015
41.62	0.6579999999999999	0.633	0.304	0.303	0.98	0.366	0.28600000000000003	0.684	0.444	0.303	0.631	0.317	0.354	1.031	1.182	1.227	0.853	0.435	0.406	1.14	0.501	0.429	0.9740000000000001	0.5	0.297	0.672	0.32	0.364	1.047	1.169	1.155	0.823	0.418	0.385	1.113	0.46399999999999997	0.41	0.948	0.32799999999999996	0.341	0.561	0.23199999999999998	0.32899999999999996	0.96	1.014
41.88	0.653	0.628	0.302	0.299	0.971	0.36200000000000004	0.284	0.6759999999999999	0.44	0.301	0.631	0.317	0.354	1.033	1.18	1.2209999999999999	0.851	0.435	0.40399999999999997	1.139	0.5	0.42700000000000005	0.9690000000000001	0.498	0.29600000000000004	0.6729999999999999	0.317	0.36	1.048	1.169	1.148	0.8220000000000001	0.41600000000000004	0.38299999999999995	1.11	0.465	0.408	0.9440000000000001	0.326	0.342	0.561	0.23199999999999998	0.32799999999999996	0.96	1.0070000000000001
42.15	0.647	0.623	0.299	0.297	0.9620000000000001	0.361	0.28300000000000003	0.67	0.43700000000000006	0.3	0.631	0.315	0.354	1.033	1.183	1.215	0.8490000000000001	0.43200000000000005	0.402	1.133	0.5	0.424	0.966	0.495	0.295	0.672	0.316	0.363	1.0490000000000002	1.165	1.141	0.818	0.414	0.381	1.107	0.46399999999999997	0.405	0.941	0.32299999999999995	0.341	0.5579999999999999	0.231	0.32899999999999996	0.9590000000000001	0.9990000000000001
42.4	0.64	0.617	0.297	0.29600000000000004	0.953	0.35600000000000004	0.28	0.664	0.434	0.298	0.631	0.314	0.355	1.0290000000000001	1.18	1.208	0.847	0.43	0.401	1.13	0.5	0.423	0.9640000000000001	0.499	0.294	0.674	0.314	0.363	1.05	1.165	1.1340000000000001	0.8170000000000001	0.41200000000000003	0.38	1.102	0.46399999999999997	0.40299999999999997	0.9390000000000001	0.322	0.336	0.556	0.233	0.326	0.9570000000000001	0.9890000000000001
42.67	0.631	0.613	0.293	0.293	0.941	0.355	0.278	0.659	0.43200000000000005	0.297	0.63	0.312	0.355	1.034	1.179	1.2009999999999998	0.8440000000000001	0.429	0.39799999999999996	1.128	0.499	0.42100000000000004	0.96	0.49200000000000005	0.292	0.6729999999999999	0.313	0.363	1.05	1.163	1.127	0.8140000000000001	0.41200000000000003	0.37799999999999995	1.099	0.46299999999999997	0.401	0.934	0.318	0.336	0.555	0.23199999999999998	0.324	0.9570000000000001	0.982
42.93	0.625	0.606	0.292	0.29100000000000004	0.934	0.35	0.276	0.652	0.429	0.29600000000000004	0.631	0.311	0.35100000000000003	1.034	1.1740000000000002	1.198	0.8420000000000001	0.42700000000000005	0.397	1.125	0.501	0.419	0.955	0.49	0.29100000000000004	0.674	0.313	0.361	1.052	1.162	1.12	0.813	0.408	0.376	1.095	0.46299999999999997	0.39799999999999996	0.929	0.318	0.33299999999999996	0.5529999999999999	0.231	0.32799999999999996	0.955	0.976
43.2	0.617	0.602	0.29	0.289	0.925	0.349	0.27399999999999997	0.643	0.426	0.294	0.629	0.309	0.35200000000000004	1.032	1.172	1.192	0.84	0.425	0.395	1.121	0.498	0.41700000000000004	0.953	0.491	0.29	0.675	0.311	0.368	1.052	1.1640000000000001	1.113	0.8109999999999999	0.40700000000000003	0.375	1.091	0.461	0.397	0.925	0.314	0.33299999999999996	0.552	0.233	0.324	0.953	0.9740000000000001
43.45	0.611	0.595	0.285	0.287	0.9109999999999999	0.34700000000000003	0.272	0.636	0.423	0.293	0.632	0.309	0.355	1.036	1.173	1.186	0.8390000000000001	0.424	0.39299999999999996	1.115	0.498	0.415	0.95	0.484	0.289	0.674	0.31	0.364	1.051	1.16	1.1059999999999999	0.8079999999999999	0.405	0.373	1.084	0.462	0.39399999999999996	0.9229999999999999	0.313	0.33299999999999996	0.55	0.231	0.32299999999999995	0.951	0.9640000000000001
43.72	0.603	0.593	0.282	0.284	0.904	0.34299999999999997	0.27	0.63	0.42	0.29100000000000004	0.63	0.306	0.354	1.033	1.168	1.18	0.838	0.42200000000000004	0.392	1.115	0.499	0.41200000000000003	0.9440000000000001	0.484	0.28800000000000003	0.6759999999999999	0.308	0.375	1.053	1.163	1.0979999999999999	0.8059999999999999	0.40399999999999997	0.37200000000000005	1.083	0.461	0.392	0.917	0.311	0.33	0.5479999999999999	0.23	0.325	0.9490000000000001	0.9670000000000001
43.98	0.597	0.586	0.28	0.282	0.897	0.342	0.268	0.625	0.41700000000000004	0.29	0.63	0.306	0.359	1.033	1.17	1.175	0.835	0.42	0.391	1.109	0.49700000000000005	0.41	0.941	0.483	0.287	0.675	0.306	0.36700000000000005	1.054	1.163	1.092	0.805	0.402	0.369	1.078	0.46	0.391	0.9129999999999999	0.308	0.327	0.545	0.23	0.325	0.9470000000000001	0.945
44.23	0.594	0.585	0.27899999999999997	0.28	0.889	0.33899999999999997	0.265	0.616	0.41700000000000004	0.289	0.632	0.304	0.363	1.0390000000000001	1.176	1.172	0.838	0.42100000000000004	0.39	1.1179999999999999	0.501	0.41	0.943	0.48100000000000004	0.28600000000000003	0.6779999999999999	0.304	0.374	1.056	1.166	1.087	0.804	0.401	0.371	1.079	0.462	0.392	0.9109999999999999	0.306	0.324	0.544	0.22899999999999998	0.321	0.945	0.9420000000000001
44.5	0.583	0.578	0.275	0.278	0.875	0.337	0.263	0.611	0.41100000000000003	0.287	0.629	0.303	0.36	1.033	1.169	1.162	0.831	0.418	0.387	1.103	0.498	0.40700000000000003	0.9329999999999999	0.48	0.285	0.677	0.304	0.374	1.054	1.161	1.077	0.802	0.4	0.36700000000000005	1.069	0.45899999999999996	0.386	0.905	0.305	0.32299999999999995	0.542	0.22899999999999998	0.324	0.9440000000000001	0.937
44.77	0.5760000000000001	0.573	0.273	0.275	0.865	0.336	0.261	0.605	0.41100000000000003	0.287	0.63	0.301	0.361	1.038	1.17	1.158	0.83	0.414	0.385	1.0979999999999999	0.49700000000000005	0.40399999999999997	0.9259999999999999	0.47600000000000003	0.284	0.675	0.302	0.37	1.054	1.162	1.07	0.7979999999999999	0.397	0.365	1.064	0.45799999999999996	0.385	0.902	0.302	0.32299999999999995	0.539	0.228	0.32299999999999995	0.9420000000000001	0.929
45.03	0.568	0.57	0.27	0.273	0.855	0.33299999999999996	0.259	0.599	0.408	0.28600000000000003	0.629	0.3	0.366	1.037	1.168	1.1520000000000001	0.828	0.414	0.384	1.097	0.49700000000000005	0.402	0.92	0.47600000000000003	0.282	0.677	0.301	0.375	1.054	1.157	1.063	0.797	0.395	0.364	1.056	0.45799999999999996	0.382	0.899	0.3	0.319	0.537	0.22899999999999998	0.321	0.9390000000000001	0.92
45.28	0.563	0.5660000000000001	0.266	0.271	0.8440000000000001	0.332	0.256	0.5920000000000001	0.405	0.284	0.628	0.298	0.364	1.037	1.167	1.146	0.8270000000000001	0.41200000000000003	0.38299999999999995	1.091	0.496	0.39899999999999997	0.917	0.474	0.28300000000000003	0.677	0.3	0.37799999999999995	1.055	1.155	1.054	0.7959999999999999	0.39399999999999996	0.36200000000000004	1.054	0.457	0.381	0.892	0.299	0.315	0.534	0.22899999999999998	0.322	0.937	0.9079999999999999
45.55	0.55	0.563	0.265	0.268	0.833	0.32899999999999996	0.255	0.586	0.40299999999999997	0.28300000000000003	0.629	0.297	0.36	1.036	1.1640000000000001	1.14	0.8240000000000001	0.409	0.38	1.089	0.498	0.39799999999999996	0.912	0.473	0.281	0.677	0.299	0.38299999999999995	1.057	1.15	1.048	0.794	0.391	0.36	1.0490000000000002	0.45899999999999996	0.37799999999999995	0.887	0.297	0.314	0.531	0.228	0.321	0.934	0.898
45.82	0.541	0.561	0.261	0.267	0.823	0.32799999999999996	0.253	0.579	0.39899999999999997	0.282	0.629	0.29600000000000004	0.366	1.036	1.161	1.1340000000000001	0.8240000000000001	0.409	0.37799999999999995	1.085	0.49700000000000005	0.396	0.9059999999999999	0.469	0.28	0.6759999999999999	0.297	0.382	1.058	1.1440000000000001	1.0390000000000001	0.7909999999999999	0.39	0.359	1.043	0.457	0.377	0.882	0.295	0.311	0.529	0.22699999999999998	0.322	0.93	0.8859999999999999
46.07	0.532	0.557	0.26	0.265	0.8109999999999999	0.324	0.25	0.5760000000000001	0.396	0.281	0.627	0.293	0.373	1.034	1.1540000000000001	1.127	0.821	0.40700000000000003	0.377	1.081	0.496	0.395	0.902	0.469	0.27899999999999997	0.677	0.29600000000000004	0.38	1.057	1.138	1.032	0.789	0.389	0.35700000000000004	1.0390000000000001	0.456	0.376	0.877	0.293	0.307	0.526	0.22699999999999998	0.321	0.929	0.8759999999999999
46.33	0.522	0.552	0.257	0.262	0.8059999999999999	0.32299999999999995	0.249	0.5660000000000001	0.392	0.27899999999999997	0.628	0.293	0.373	1.036	1.15	1.123	0.8190000000000001	0.405	0.376	1.0759999999999998	0.495	0.39299999999999996	0.898	0.467	0.27699999999999997	0.677	0.29600000000000004	0.38299999999999995	1.057	1.1340000000000001	1.023	0.7879999999999999	0.386	0.355	1.032	0.456	0.375	0.8740000000000001	0.292	0.306	0.524	0.22699999999999998	0.32	0.924	0.866
46.6	0.516	0.5489999999999999	0.255	0.261	0.794	0.322	0.247	0.561	0.389	0.278	0.627	0.292	0.376	1.035	1.141	1.1179999999999999	0.82	0.405	0.375	1.071	0.496	0.392	0.894	0.466	0.276	0.6779999999999999	0.294	0.384	1.057	1.131	1.018	0.7859999999999999	0.384	0.354	1.024	0.456	0.373	0.868	0.289	0.302	0.522	0.225	0.321	0.9209999999999999	0.856
46.87	0.506	0.547	0.252	0.259	0.785	0.32	0.245	0.5529999999999999	0.386	0.27699999999999997	0.627	0.29	0.373	1.037	1.138	1.111	0.8190000000000001	0.402	0.37200000000000005	1.069	0.49700000000000005	0.39	0.89	0.46399999999999997	0.275	0.677	0.292	0.385	1.058	1.126	1.01	0.785	0.38299999999999995	0.353	1.02	0.456	0.371	0.865	0.28600000000000003	0.3	0.518	0.225	0.319	0.917	0.847
47.12	0.498	0.544	0.249	0.257	0.774	0.318	0.242	0.547	0.38299999999999995	0.275	0.627	0.289	0.377	1.036	1.133	1.107	0.8170000000000001	0.401	0.371	1.063	0.496	0.38799999999999996	0.8859999999999999	0.461	0.27399999999999997	0.6779999999999999	0.292	0.385	1.058	1.123	1.003	0.784	0.382	0.35200000000000004	1.012	0.455	0.37	0.861	0.28600000000000003	0.3	0.516	0.22399999999999998	0.32	0.915	0.8370000000000001
47.38	0.486	0.541	0.248	0.254	0.762	0.316	0.24100000000000002	0.542	0.38	0.275	0.628	0.289	0.377	1.035	1.131	1.101	0.815	0.39899999999999997	0.369	1.057	0.496	0.387	0.882	0.45899999999999996	0.27399999999999997	0.677	0.29	0.396	1.058	1.119	0.996	0.782	0.38	0.35	1.006	0.456	0.368	0.8540000000000001	0.285	0.29600000000000004	0.513	0.223	0.319	0.91	0.83
47.65	0.478	0.54	0.24600000000000002	0.253	0.754	0.316	0.239	0.536	0.377	0.273	0.627	0.287	0.376	1.038	1.124	1.0959999999999999	0.8140000000000001	0.39799999999999996	0.368	1.055	0.496	0.385	0.877	0.46	0.272	0.6779999999999999	0.29	0.38799999999999996	1.058	1.1159999999999999	0.9890000000000001	0.7809999999999999	0.379	0.349	1.0	0.456	0.366	0.852	0.28300000000000003	0.293	0.51	0.223	0.318	0.907	0.821
47.9	0.47	0.536	0.243	0.25	0.745	0.314	0.23600000000000002	0.529	0.374	0.272	0.626	0.28600000000000003	0.377	1.035	1.117	1.091	0.815	0.39799999999999996	0.366	1.0490000000000002	0.496	0.384	0.872	0.457	0.272	0.679	0.289	0.397	1.0590000000000002	1.113	0.983	0.78	0.379	0.34600000000000003	0.9940000000000001	0.455	0.364	0.847	0.285	0.292	0.507	0.223	0.31	0.902	0.813
48.17	0.45899999999999996	0.531	0.242	0.248	0.735	0.311	0.235	0.526	0.371	0.271	0.626	0.284	0.386	1.035	1.115	1.088	0.8140000000000001	0.395	0.366	1.043	0.496	0.38299999999999995	0.87	0.457	0.271	0.6779999999999999	0.287	0.39299999999999996	1.06	1.109	0.975	0.779	0.376	0.345	0.985	0.45299999999999996	0.36200000000000004	0.8420000000000001	0.27899999999999997	0.29	0.504	0.221	0.32	0.899	0.805
48.43	0.449	0.529	0.24	0.24600000000000002	0.726	0.309	0.233	0.516	0.368	0.271	0.625	0.284	0.38799999999999996	1.034	1.11	1.083	0.812	0.39299999999999996	0.363	1.0390000000000001	0.495	0.38	0.866	0.45399999999999996	0.26899999999999996	0.6779999999999999	0.285	0.396	1.06	1.105	0.9690000000000001	0.777	0.375	0.344	0.978	0.45299999999999996	0.361	0.838	0.27699999999999997	0.287	0.502	0.222	0.318	0.894	0.7979999999999999
48.7	0.44	0.527	0.23800000000000002	0.243	0.7190000000000001	0.307	0.23199999999999998	0.511	0.365	0.26899999999999996	0.624	0.282	0.375	1.033	1.103	1.078	0.81	0.391	0.36200000000000004	1.034	0.49700000000000005	0.379	0.8640000000000001	0.45299999999999996	0.27	0.679	0.285	0.395	1.06	1.102	0.963	0.7759999999999999	0.37200000000000005	0.34299999999999997	0.971	0.45399999999999996	0.361	0.8320000000000001	0.275	0.28600000000000003	0.498	0.21899999999999997	0.314	0.89	0.789
48.95	0.43200000000000005	0.525	0.23600000000000002	0.243	0.7090000000000001	0.306	0.22899999999999998	0.504	0.363	0.268	0.624	0.281	0.38299999999999995	1.036	1.101	1.073	0.809	0.39	0.361	1.028	0.495	0.377	0.857	0.451	0.268	0.6779999999999999	0.284	0.401	1.058	1.0959999999999999	0.955	0.774	0.371	0.342	0.9640000000000001	0.452	0.358	0.8270000000000001	0.27399999999999997	0.28300000000000003	0.495	0.21899999999999997	0.313	0.885	0.782
49.22	0.423	0.522	0.23399999999999999	0.24	0.701	0.305	0.228	0.496	0.359	0.267	0.624	0.28	0.385	1.035	1.097	1.068	0.8079999999999999	0.389	0.36	1.022	0.495	0.376	0.852	0.449	0.268	0.6779999999999999	0.28300000000000003	0.40299999999999997	1.06	1.093	0.9490000000000001	0.773	0.37	0.34	0.956	0.451	0.35700000000000004	0.82	0.27399999999999997	0.28	0.49200000000000005	0.218	0.315	0.88	0.7759999999999999
49.48	0.41700000000000004	0.52	0.233	0.239	0.691	0.302	0.226	0.491	0.35700000000000004	0.265	0.625	0.27899999999999997	0.392	1.035	1.091	1.063	0.807	0.38799999999999996	0.358	1.016	0.494	0.375	0.85	0.44799999999999995	0.266	0.6779999999999999	0.282	0.405	1.0590000000000002	1.09	0.943	0.772	0.368	0.33899999999999997	0.951	0.452	0.35600000000000004	0.8190000000000001	0.271	0.28	0.49	0.217	0.306	0.8759999999999999	0.767
49.73	0.41	0.516	0.23	0.237	0.679	0.301	0.22399999999999998	0.48200000000000004	0.354	0.265	0.623	0.278	0.387	1.034	1.0859999999999999	1.058	0.8079999999999999	0.386	0.35700000000000004	1.011	0.496	0.374	0.846	0.446	0.265	0.679	0.281	0.402	1.061	1.087	0.9359999999999999	0.7709999999999999	0.36700000000000005	0.33799999999999997	0.9420000000000001	0.452	0.353	0.8140000000000001	0.26899999999999996	0.276	0.486	0.217	0.311	0.871	0.762
50.0	0.40299999999999997	0.514	0.228	0.235	0.672	0.301	0.223	0.47700000000000004	0.35	0.263	0.623	0.27699999999999997	0.39	1.034	1.081	1.053	0.8059999999999999	0.384	0.355	1.006	0.496	0.37200000000000005	0.843	0.447	0.264	0.679	0.28	0.409	1.061	1.082	0.93	0.769	0.366	0.336	0.934	0.452	0.353	0.809	0.266	0.27399999999999997	0.483	0.21600000000000003	0.309	0.866	0.7559999999999999
50.27	0.395	0.512	0.22699999999999998	0.233	0.664	0.298	0.221	0.47	0.349	0.262	0.623	0.275	0.38299999999999995	1.034	1.078	1.0490000000000002	0.804	0.38299999999999995	0.353	1.0	0.49700000000000005	0.37	0.8370000000000001	0.44299999999999995	0.263	0.6779999999999999	0.27899999999999997	0.405	1.0590000000000002	1.079	0.9229999999999999	0.768	0.364	0.33399999999999996	0.927	0.452	0.35100000000000003	0.804	0.264	0.272	0.48100000000000004	0.215	0.304	0.861	0.75
50.53	0.389	0.508	0.226	0.23199999999999998	0.657	0.297	0.21899999999999997	0.462	0.34600000000000003	0.262	0.623	0.27399999999999997	0.39299999999999996	1.035	1.075	1.044	0.8059999999999999	0.381	0.35200000000000004	0.993	0.496	0.368	0.8340000000000001	0.44299999999999995	0.262	0.679	0.278	0.406	1.061	1.0759999999999998	0.9159999999999999	0.767	0.363	0.33299999999999996	0.919	0.451	0.349	0.797	0.262	0.27	0.478	0.213	0.307	0.855	0.743
