Time	Temp_C	L0P1-100_1	L1J1-100_1	L1J1-100_2	L1J1-100_3	L1F1-100_1	L1F1-100_2	L1F1-100_3	L0P1-100_2	L1J2-100_1	L1J2-100_2	L1J2-100_3	L1F2-100_1	L1F2-100_2	L1F2-100_3	L0P1-100_3	L1J3-100_1	L1J3-100_2	L1J3-100_3	L1F3-100_1	L1F3-100_2	L1F3-100_3	L1J5-100_1	L1J5-100_2	L1J5-100_3	L1F4-100_1	L1F4-100_2	L1F4-100_3	L1D4-100_1	L1D4-100_2	L1D4-100_3	L1F5-100_1	L1F5-100_2	L1F5-100_3	L1D5-100_1	L1D5-100_2	L1D5-100_3
0:00:00	25.0	0.039	0.04	0.038	0.039	0.040999999999999995	0.042	0.044000000000000004	0.05	0.040999999999999995	0.039	0.039	0.046	0.040999999999999995	0.043	0.044000000000000004	0.039	0.04	0.044000000000000004	0.039	0.059000000000000004	0.039	0.054000000000000006	0.04	0.038	0.04	0.04	0.038	0.040999999999999995	0.042	0.040999999999999995	0.04	0.04	0.039	0.05	0.044000000000000004	0.043
0:15:43	25.1	0.044000000000000004	0.045	0.044000000000000004	0.045	0.045	0.045	0.046	0.057999999999999996	0.045	0.045	0.044000000000000004	0.053	0.040999999999999995	0.046	0.047	0.044000000000000004	0.045	0.05	0.042	0.040999999999999995	0.042	0.045	0.045	0.045	0.042	0.043	0.043	0.044000000000000004	0.044000000000000004	0.045	0.043	0.043	0.043	0.053	0.045	0.045
0:31:25	25.1	0.045	0.046	0.045	0.045	0.045	0.046	0.047	0.054000000000000006	0.045	0.045	0.044000000000000004	0.055	0.04	0.047	0.046	0.044000000000000004	0.046	0.067	0.042	0.043	0.042	0.046	0.045	0.045	0.043	0.043	0.043	0.044000000000000004	0.044000000000000004	0.049	0.043	0.043	0.043	0.053	0.046	0.046
0:47:08	25.1	0.045	0.047	0.046	0.047	0.045	0.046	0.047	0.055	0.047	0.045	0.045	0.055	0.040999999999999995	0.047	0.047	0.046	0.047	0.052000000000000005	0.048	0.043	0.042	0.048	0.046	0.046	0.043	0.043	0.043	0.045	0.045	0.045	0.044000000000000004	0.044000000000000004	0.043	0.055	0.047	0.046
1:02:50	25.1	0.046	0.048	0.048	0.05	0.045	0.048	0.049	0.055999999999999994	0.049	0.047	0.046	0.057	0.040999999999999995	0.048	0.048	0.047	0.049	0.053	0.044000000000000004	0.042	0.043	0.049	0.048	0.048	0.043	0.044000000000000004	0.043	0.045	0.045	0.046	0.044000000000000004	0.044000000000000004	0.044000000000000004	0.054000000000000006	0.047	0.047
1:18:33	25.1	0.047	0.049	0.049	0.049	0.051	0.047	0.048	0.057999999999999996	0.048	0.048	0.047	0.057	0.040999999999999995	0.055999999999999994	0.049	0.048	0.05	0.06	0.043	0.042	0.062	0.05	0.049	0.049	0.043	0.044000000000000004	0.044000000000000004	0.046	0.046	0.046	0.045	0.045	0.044000000000000004	0.055	0.048	0.047
1:34:15	25.1	0.049	0.05	0.051	0.051	0.046	0.057999999999999996	0.048	0.06	0.049	0.049	0.048	0.068	0.040999999999999995	0.049	0.051	0.049	0.051	0.055999999999999994	0.061	0.043	0.053	0.052000000000000005	0.05	0.05	0.044000000000000004	0.045	0.044000000000000004	0.046	0.046	0.047	0.045	0.045	0.045	0.055	0.048	0.048
1:49:58	25.1	0.051	0.051	0.052000000000000005	0.061	0.047	0.047	0.049	0.062	0.051	0.049	0.048	0.06	0.040999999999999995	0.05	0.054000000000000006	0.051	0.053	0.057999999999999996	0.048	0.043	0.043	0.054000000000000006	0.052000000000000005	0.051	0.044000000000000004	0.045	0.045	0.047	0.047	0.047	0.045	0.045	0.045	0.055999999999999994	0.049	0.049
2:05:40	25.1	0.053	0.053	0.054000000000000006	0.054000000000000006	0.047	0.048	0.049	0.065	0.051	0.051	0.05	0.061	0.04	0.051	0.057	0.052000000000000005	0.055	0.059000000000000004	0.048	0.044000000000000004	0.044000000000000004	0.055999999999999994	0.053	0.053	0.045	0.046	0.046	0.047	0.047	0.048	0.046	0.046	0.046	0.057	0.05	0.049
2:21:23	25.1	0.057	0.054000000000000006	0.055999999999999994	0.055999999999999994	0.048	0.049	0.05	0.069	0.053	0.052000000000000005	0.051	0.062	0.04	0.051	0.061	0.054000000000000006	0.057	0.062	0.055	0.044000000000000004	0.044000000000000004	0.057999999999999996	0.055	0.055	0.045	0.046	0.046	0.048	0.048	0.05	0.047	0.047	0.046	0.057	0.05	0.05
2:37:05	25.0	0.061	0.057	0.057999999999999996	0.057999999999999996	0.048	0.049	0.051	0.07400000000000001	0.054000000000000006	0.053	0.052000000000000005	0.064	0.04	0.07400000000000001	0.066	0.055999999999999994	0.059000000000000004	0.065	0.052000000000000005	0.06	0.045	0.06	0.057	0.057	0.046	0.047	0.047	0.048	0.049	0.049	0.047	0.047	0.047	0.057999999999999996	0.051	0.051
2:52:48	25.1	0.067	0.057999999999999996	0.06	0.06	0.049	0.051	0.052000000000000005	0.085	0.055999999999999994	0.055	0.053	0.066	0.04	0.052000000000000005	0.073	0.057999999999999996	0.061	0.086	0.045	0.045	0.05	0.062	0.06	0.059000000000000004	0.047	0.048	0.047	0.049	0.049	0.05	0.048	0.048	0.047	0.059000000000000004	0.052000000000000005	0.052000000000000005
3:08:31	25.1	0.073	0.06	0.063	0.063	0.05	0.051	0.052000000000000005	0.08900000000000001	0.057	0.055999999999999994	0.055	0.067	0.04	0.053	0.08	0.06	0.064	0.091	0.066	0.045	0.045	0.066	0.062	0.062	0.048	0.049	0.048	0.05	0.05	0.051	0.049	0.049	0.048	0.06	0.053	0.053
3:24:13	25.1	0.081	0.063	0.066	0.066	0.051	0.052000000000000005	0.053	0.099	0.059000000000000004	0.057999999999999996	0.055999999999999994	0.07200000000000001	0.04	0.054000000000000006	0.08900000000000001	0.063	0.067	0.075	0.07	0.045	0.046	0.069	0.065	0.065	0.048	0.049	0.049	0.051	0.051	0.051	0.05	0.05	0.049	0.061	0.054000000000000006	0.054000000000000006
3:39:56	25.1	0.091	0.066	0.07	0.07	0.051	0.053	0.054000000000000006	0.111	0.061	0.06	0.057999999999999996	0.071	0.04	0.055	0.10099999999999999	0.066	0.07	0.111	0.046	0.046	0.046	0.073	0.068	0.068	0.049	0.05	0.05	0.051	0.052000000000000005	0.053	0.05	0.051	0.05	0.061	0.055	0.055
3:55:38	25.1	0.107	0.07	0.07400000000000001	0.07400000000000001	0.053	0.053	0.057999999999999996	0.126	0.063	0.063	0.06	0.07400000000000001	0.04	0.055999999999999994	0.11599999999999999	0.07	0.075	0.084	0.048	0.046	0.05	0.077	0.07200000000000001	0.07200000000000001	0.05	0.051	0.051	0.052000000000000005	0.053	0.054000000000000006	0.051	0.052000000000000005	0.051	0.063	0.055999999999999994	0.055999999999999994
4:11:21	25.1	0.11699999999999999	0.07400000000000001	0.079	0.079	0.054000000000000006	0.055	0.055999999999999994	0.14300000000000002	0.066	0.066	0.063	0.077	0.04	0.057	0.132	0.07400000000000001	0.079	0.091	0.053	0.047	0.059000000000000004	0.083	0.076	0.077	0.051	0.052000000000000005	0.051	0.053	0.054000000000000006	0.055	0.052000000000000005	0.053	0.052000000000000005	0.064	0.057	0.057
4:27:03	25.1	0.133	0.079	0.084	0.084	0.055999999999999994	0.057	0.057999999999999996	0.162	0.069	0.069	0.065	0.079	0.04	0.057999999999999996	0.152	0.079	0.085	0.098	0.06	0.048	0.06	0.092	0.081	0.08199999999999999	0.052000000000000005	0.053	0.052000000000000005	0.054000000000000006	0.055	0.055999999999999994	0.054000000000000006	0.054000000000000006	0.053	0.066	0.059000000000000004	0.059000000000000004
4:42:45	25.1	0.152	0.08199999999999999	0.09	0.098	0.055	0.057	0.064	0.188	0.073	0.07200000000000001	0.069	0.08199999999999999	0.04	0.06	0.179	0.084	0.091	0.136	0.049	0.049	0.049	0.09300000000000001	0.086	0.095	0.053	0.055	0.054000000000000006	0.055	0.055999999999999994	0.059000000000000004	0.055	0.055	0.055	0.069	0.06	0.06
4:58:28	25.1	0.17800000000000002	0.08800000000000001	0.095	0.09699999999999999	0.057	0.059000000000000004	0.066	0.221	0.076	0.075	0.071	0.086	0.04	0.061	0.212	0.08900000000000001	0.098	0.115	0.05	0.052000000000000005	0.05	0.1	0.092	0.091	0.054000000000000006	0.055999999999999994	0.055	0.057	0.057	0.065	0.055999999999999994	0.055999999999999994	0.055999999999999994	0.068	0.062	0.061
5:14:10	25.1	0.209	0.092	0.102	0.102	0.059000000000000004	0.073	0.064	0.257	0.079	0.079	0.075	0.09699999999999999	0.04	0.063	0.24600000000000002	0.095	0.106	0.125	0.051	0.055999999999999994	0.051	0.107	0.098	0.09699999999999999	0.055999999999999994	0.057999999999999996	0.057	0.057999999999999996	0.059000000000000004	0.075	0.057999999999999996	0.057999999999999996	0.057	0.07	0.063	0.063
5:29:53	25.1	0.244	0.099	0.109	0.109	0.057999999999999996	0.06	0.067	0.295	0.083	0.084	0.08	0.09300000000000001	0.040999999999999995	0.065	0.285	0.102	0.115	0.13699999999999998	0.054000000000000006	0.051	0.052000000000000005	0.11699999999999999	0.10800000000000001	0.10400000000000001	0.057	0.059000000000000004	0.057999999999999996	0.059000000000000004	0.06	0.061	0.06	0.06	0.059000000000000004	0.071	0.065	0.065
5:45:36	25.1	0.278	0.107	0.121	0.11800000000000001	0.06	0.1	0.065	0.342	0.08900000000000001	0.08900000000000001	0.086	0.11199999999999999	0.04	0.067	0.33399999999999996	0.111	0.129	0.153	0.053	0.054000000000000006	0.078	0.128	0.11699999999999999	0.115	0.059000000000000004	0.061	0.06	0.061	0.062	0.071	0.062	0.063	0.06	0.073	0.067	0.067
6:01:18	25.1	0.324	0.11699999999999999	0.132	0.13	0.061	0.064	0.084	0.402	0.095	0.095	0.091	0.10300000000000001	0.040999999999999995	0.069	0.39299999999999996	0.122	0.142	0.188	0.055	0.054000000000000006	0.08900000000000001	0.142	0.13	0.126	0.061	0.064	0.063	0.062	0.063	0.065	0.07400000000000001	0.065	0.063	0.075	0.069	0.069
6:17:01	25.1	0.377	0.127	0.146	0.14400000000000002	0.063	0.071	0.068	0.462	0.102	0.10099999999999999	0.10400000000000001	0.11199999999999999	0.04	0.07200000000000001	0.455	0.135	0.16	0.19	0.055	0.055	0.16699999999999998	0.158	0.145	0.14	0.064	0.066	0.065	0.064	0.065	0.067	0.066	0.067	0.065	0.077	0.071	0.071
6:32:43	25.1	0.43200000000000005	0.14	0.163	0.161	0.064	0.068	0.07	0.524	0.10800000000000001	0.109	0.105	0.11599999999999999	0.04	0.07400000000000001	0.515	0.15	0.18	0.209	0.057	0.06	0.145	0.177	0.163	0.156	0.066	0.069	0.067	0.066	0.067	0.069	0.07	0.07	0.068	0.079	0.073	0.073
6:48:26	25.1	0.485	0.155	0.183	0.18100000000000002	0.07	0.076	0.07200000000000001	0.5820000000000001	0.11699999999999999	0.11699999999999999	0.114	0.12	0.04	0.078	0.5720000000000001	0.16899999999999998	0.20600000000000002	0.247	0.057999999999999996	0.065	0.06	0.20199999999999999	0.185	0.177	0.069	0.07200000000000001	0.07	0.068	0.069	0.07	0.07200000000000001	0.073	0.07	0.081	0.075	0.075
7:04:08	25.1	0.546	0.17300000000000001	0.204	0.204	0.07	0.077	0.073	0.64	0.125	0.127	0.12300000000000001	0.128	0.04	0.091	0.632	0.19	0.23399999999999999	0.27	0.06	0.062	0.08800000000000001	0.228	0.212	0.20199999999999999	0.07200000000000001	0.076	0.073	0.07	0.071	0.073	0.076	0.08	0.073	0.083	0.078	0.078
7:19:51	25.1	0.6	0.19399999999999998	0.233	0.23199999999999998	0.115	0.128	0.08800000000000001	0.6859999999999999	0.13699999999999998	0.138	0.135	0.168	0.04	0.084	0.675	0.21600000000000003	0.27	0.32	0.07	0.073	0.073	0.262	0.244	0.228	0.076	0.079	0.077	0.07200000000000001	0.073	0.075	0.08900000000000001	0.08	0.077	0.086	0.08	0.081
7:35:33	25.1	0.654	0.21899999999999997	0.265	0.264	0.154	0.086	0.183	0.687	0.149	0.15	0.14800000000000002	0.145	0.04	0.08900000000000001	0.674	0.247	0.311	0.461	0.063	0.064	0.083	0.297	0.28	0.278	0.08	0.084	0.081	0.07400000000000001	0.075	0.078	0.084	0.10800000000000001	0.081	0.08800000000000001	0.083	0.084
7:51:16	25.1	0.6659999999999999	0.249	0.3	0.298	0.076	0.132	0.08	0.6890000000000001	0.16399999999999998	0.16399999999999998	0.165	0.159	0.04	0.092	0.6759999999999999	0.281	0.35100000000000003	0.46799999999999997	0.068	0.124	0.071	0.342	0.325	0.301	0.084	0.08900000000000001	0.085	0.076	0.078	0.08900000000000001	0.08800000000000001	0.08900000000000001	0.085	0.091	0.086	0.087
8:06:59	25.1	0.675	0.284	0.345	0.345	0.079	0.078	0.083	0.6970000000000001	0.182	0.183	0.183	0.165	0.04	0.098	0.684	0.32	0.4	0.439	0.08	0.102	0.07	0.392	0.371	0.34299999999999997	0.08900000000000001	0.094	0.09	0.079	0.081	0.084	0.113	0.095	0.09	0.094	0.08900000000000001	0.09
8:22:41	25.1	0.687	0.316	0.392	0.39399999999999996	0.085	0.085	0.094	0.701	0.19899999999999998	0.20199999999999999	0.204	0.18600000000000003	0.040999999999999995	0.131	0.6890000000000001	0.365	0.455	0.49700000000000005	0.187	0.073	0.071	0.465	0.42200000000000004	0.39899999999999997	0.095	0.1	0.096	0.08199999999999999	0.084	0.087	0.1	0.10099999999999999	0.096	0.102	0.09300000000000001	0.094
8:38:24	25.1	0.687	0.363	0.441	0.444	0.083	0.08800000000000001	0.244	0.701	0.22	0.22399999999999998	0.22899999999999998	0.195	0.04	0.138	0.6890000000000001	0.413	0.503	0.58	0.075	0.10300000000000001	0.078	0.498	0.479	0.47	0.10099999999999999	0.106	0.102	0.085	0.087	0.096	0.10800000000000001	0.107	0.10300000000000001	0.10099999999999999	0.096	0.098
8:54:06	25.1	0.684	0.41200000000000003	0.49	0.496	0.193	0.09	0.122	0.7	0.24	0.248	0.258	0.201	0.04	0.159	0.688	0.46299999999999997	0.5720000000000001	0.608	0.086	0.075	0.096	0.561	0.546	0.522	0.10800000000000001	0.113	0.10800000000000001	0.08800000000000001	0.09	0.094	0.115	0.11699999999999999	0.109	0.105	0.10099999999999999	0.10099999999999999
9:09:49	25.1	0.682	0.462	0.561	0.5579999999999999	0.092	0.096	0.098	0.701	0.264	0.27699999999999997	0.284	0.213	0.04	0.122	0.6890000000000001	0.52	0.619	0.6609999999999999	0.09300000000000001	0.17	0.091	0.605	0.5920000000000001	0.5710000000000001	0.115	0.121	0.115	0.091	0.094	0.098	0.13	0.153	0.11699999999999999	0.109	0.105	0.105
9:25:31	25.1	0.679	0.5329999999999999	0.6	0.6	0.22399999999999998	0.235	0.203	0.705	0.308	0.305	0.322	0.228	0.04	0.129	0.695	0.584	0.66	0.759	0.096	0.099	0.087	0.66	0.787	0.612	0.12300000000000001	0.129	0.12300000000000001	0.095	0.098	0.126	0.146	0.135	0.125	0.113	0.109	0.11
9:41:14	25.1	0.68	0.5770000000000001	0.643	0.648	0.257	0.113	0.11	0.71	0.325	0.342	0.363	0.247	0.04	0.14	0.701	0.626	0.755	0.769	0.29100000000000004	0.11800000000000001	0.226	0.71	0.715	0.6559999999999999	0.132	0.138	0.131	0.099	0.10300000000000001	0.12300000000000001	0.14400000000000002	0.14300000000000002	0.134	0.11699999999999999	0.114	0.114
9:56:57	25.1	0.6829999999999999	0.613	0.701	0.7020000000000001	0.132	0.11199999999999999	0.156	0.7190000000000001	0.361	0.381	0.408	0.261	0.04	0.146	0.7090000000000001	0.672	0.785	0.8290000000000001	0.102	0.11800000000000001	0.22899999999999998	0.77	0.7929999999999999	0.715	0.142	0.14800000000000002	0.14	0.10300000000000001	0.106	0.111	0.175	0.154	0.14400000000000002	0.122	0.11800000000000001	0.12
10:12:39	25.1	0.688	0.657	0.762	0.768	0.136	0.501	0.157	0.728	0.40399999999999997	0.42100000000000004	0.47700000000000004	0.27699999999999997	0.04	0.157	0.72	0.7290000000000001	0.836	0.858	0.297	0.132	0.135	0.8240000000000001	0.86	0.797	0.152	0.159	0.15	0.10800000000000001	0.111	0.11599999999999999	0.16899999999999998	0.166	0.156	0.127	0.124	0.126
10:28:22	25.1	0.6920000000000001	0.726	0.816	0.815	0.155	0.127	0.222	0.7390000000000001	0.47200000000000003	0.493	0.536	0.335	0.04	0.21100000000000002	0.731	0.799	0.8809999999999999	0.883	0.349	0.15	0.11	0.875	0.863	0.8340000000000001	0.163	0.171	0.161	0.11199999999999999	0.11599999999999999	0.121	0.184	0.184	0.16699999999999998	0.132	0.13	0.131
10:44:04	25.1	0.7020000000000001	0.7829999999999999	0.871	0.865	0.263	0.228	0.18600000000000003	0.757	0.511	0.541	0.5770000000000001	0.35200000000000004	0.040999999999999995	0.175	0.75	0.8490000000000001	0.934	0.912	0.29100000000000004	0.125	0.139	0.924	1.0	0.882	0.175	0.183	0.17300000000000001	0.12	0.121	0.128	0.19899999999999998	0.19699999999999998	0.182	0.138	0.136	0.13699999999999998
10:59:47	25.1	0.7140000000000001	0.83	0.912	0.9159999999999999	0.264	0.14300000000000002	0.45899999999999996	0.782	0.55	0.578	0.618	0.33299999999999996	0.04	0.262	0.778	0.897	0.995	0.963	0.201	0.127	0.221	1.0	0.965	0.9309999999999999	0.187	0.195	0.183	0.12300000000000001	0.127	0.17800000000000002	0.21899999999999997	0.25	0.195	0.14400000000000002	0.142	0.14300000000000002
11:15:30	25.1	0.735	0.882	0.96	0.9690000000000001	0.51	0.196	0.294	0.8170000000000001	0.5870000000000001	0.613	0.665	0.45	0.04	0.23	0.815	0.95	1.069	1.006	0.17	0.19899999999999998	0.141	1.058	1.0390000000000001	0.9790000000000001	0.2	0.209	0.195	0.128	0.133	0.139	0.23399999999999999	0.22899999999999998	0.21	0.15	0.149	0.15
11:31:12	25.1	0.7659999999999999	0.927	1.0090000000000001	1.013	0.496	0.38	0.278	0.852	0.628	0.654	0.706	0.369	0.04	0.213	0.848	0.996	1.073	1.042	0.25	0.2	0.172	1.085	1.048	1.0290000000000001	0.214	0.222	0.20800000000000002	0.135	0.139	0.146	0.263	0.304	0.22699999999999998	0.157	0.157	0.158
11:46:55	25.0	0.8	0.968	1.067	1.063	0.19699999999999998	0.22	0.525	0.875	0.674	0.706	0.765	0.5	0.04	0.239	0.87	1.047	1.123	1.095	0.177	0.192	0.20199999999999999	1.124	1.099	1.081	0.228	0.235	0.221	0.141	0.146	0.153	0.276	0.265	0.243	0.16399999999999998	0.16399999999999998	0.165
12:02:37	25.1	0.823	1.021	1.1079999999999999	1.1159999999999999	0.257	0.203	0.392	0.8909999999999999	0.736	0.768	0.8140000000000001	0.41700000000000004	0.04	0.24100000000000002	0.8859999999999999	1.092	1.218	1.141	0.21600000000000003	0.18600000000000003	0.221	1.192	1.273	1.131	0.242	0.25	0.23399999999999999	0.149	0.154	0.161	0.37200000000000005	0.285	0.264	0.172	0.17300000000000001	0.174
12:18:20	25.1	0.836	1.067	1.153	1.16	0.222	0.228	0.507	0.907	0.7809999999999999	0.812	0.8759999999999999	0.415	0.04	0.33899999999999997	0.9	1.14	1.2229999999999999	1.196	0.379	0.225	0.56	1.225	1.2570000000000001	1.19	0.255	0.263	0.24600000000000002	0.155	0.16699999999999998	0.16899999999999998	0.318	0.314	0.28300000000000003	0.18	0.18100000000000002	0.183
12:34:02	25.1	0.851	1.113	1.21	1.2109999999999999	0.318	0.257	0.256	0.9209999999999999	0.833	0.855	0.909	0.444	0.040999999999999995	0.35	0.914	1.196	1.2690000000000001	1.307	0.348	0.27899999999999997	0.212	1.2690000000000001	1.25	1.236	0.27	0.27699999999999997	0.259	0.163	0.17	0.17800000000000002	0.365	0.33799999999999997	0.303	0.18899999999999997	0.19	0.191
12:49:45	25.1	0.863	1.159	1.252	1.262	0.369	0.304	0.478	0.934	0.885	0.905	0.9590000000000001	0.46799999999999997	0.04	0.29	0.927	1.246	1.314	1.29	0.289	0.226	0.289	1.344	1.339	1.2890000000000001	0.28300000000000003	0.29100000000000004	0.275	0.172	0.179	0.188	0.392	0.37200000000000005	0.326	0.19699999999999998	0.2	0.214
13:05:28	25.1	0.873	1.203	1.294	1.294	0.746	0.581	0.512	0.9440000000000001	0.97	0.9490000000000001	1.015	0.46399999999999997	0.04	0.33	0.9390000000000001	1.28	1.337	1.4980000000000002	0.26899999999999996	0.307	0.33	1.3259999999999998	1.405	1.33	0.297	0.304	0.285	0.18	0.188	0.198	0.386	0.373	0.345	0.20800000000000002	0.21100000000000002	0.213
13:21:10	25.1	0.884	1.2409999999999999	1.314	1.318	0.326	0.41	0.44	0.9570000000000001	0.987	1.013	1.057	0.486	0.04	0.327	0.951	1.3319999999999999	1.349	1.349	0.444	0.33899999999999997	0.27399999999999997	1.337	1.339	1.351	0.31	0.317	0.297	0.19	0.198	0.209	0.415	0.39899999999999997	0.366	0.21899999999999997	0.222	0.22399999999999998
13:36:53	25.1	0.893	1.278	1.327	1.331	0.335	0.39899999999999997	0.369	0.9690000000000001	1.04	1.046	1.109	0.494	0.04	0.332	0.965	1.3530000000000002	1.3519999999999999	1.3880000000000001	0.43700000000000006	0.47600000000000003	0.41200000000000003	1.335	1.341	1.365	0.32299999999999995	0.33	0.309	0.2	0.209	0.22	0.48700000000000004	0.414	0.386	0.23	0.23399999999999999	0.23600000000000002
13:52:35	25.1	0.905	1.297	1.3230000000000002	1.33	0.402	0.345	0.40700000000000003	0.981	1.09	1.0959999999999999	1.1520000000000001	0.519	0.04	0.34600000000000003	0.975	1.3619999999999999	1.3430000000000002	1.5530000000000002	0.495	0.41	0.44799999999999995	1.331	1.3780000000000001	1.402	0.335	0.342	0.32	0.21100000000000002	0.253	0.23199999999999998	0.45399999999999996	0.49	0.406	0.24100000000000002	0.253	0.253
14:08:18	25.1	0.9129999999999999	1.2930000000000001	1.315	1.324	0.6859999999999999	0.51	0.531	0.985	1.169	1.161	1.205	0.513	0.04	0.382	0.978	1.359	1.341	1.464	0.302	0.355	0.365	1.329	1.3259999999999998	1.344	0.34700000000000003	0.353	0.331	0.237	0.23199999999999998	0.244	0.484	0.479	0.424	0.254	0.261	0.263
14:24:00	25.1	0.92	1.2790000000000001	1.304	1.3130000000000002	0.49700000000000005	0.754	0.589	0.982	1.214	1.213	1.24	0.532	0.04	0.442	0.975	1.3459999999999999	1.339	1.436	0.7390000000000001	0.35100000000000003	0.552	1.319	1.3719999999999999	1.34	0.359	0.364	0.341	0.239	0.245	0.258	0.486	0.467	0.44	0.267	0.27399999999999997	0.281
14:39:43	25.0	0.917	1.271	1.301	1.3090000000000002	0.5670000000000001	0.664	0.524	0.978	1.2570000000000001	1.255	1.298	0.544	0.04	0.4	0.971	1.3430000000000002	1.3319999999999999	1.383	0.397	0.405	0.5670000000000001	1.3430000000000002	1.3259999999999998	1.334	0.368	0.374	0.35	0.254	0.264	0.275	0.502	0.479	0.45899999999999996	0.281	0.301	0.294
14:55:26	25.1	0.9109999999999999	1.268	1.2890000000000001	1.301	0.588	0.736	0.539	0.973	1.3119999999999998	1.3119999999999998	1.368	0.563	0.04	0.642	0.966	1.349	1.33	1.495	0.611	0.46	0.43200000000000005	1.327	1.329	1.425	0.37799999999999995	0.384	0.359	0.266	0.275	0.289	0.519	0.491	0.47100000000000003	0.309	0.309	0.311
15:11:08	25.0	0.904	1.2570000000000001	1.287	1.301	0.621	0.614	0.564	0.9670000000000001	1.334	1.3330000000000002	1.3559999999999999	0.634	0.04	0.415	0.961	1.334	1.327	1.4	0.57	0.539	0.5579999999999999	1.37	1.4	1.325	0.387	0.39299999999999996	0.36700000000000005	0.287	0.29	0.305	0.5329999999999999	0.502	0.484	0.321	0.32299999999999995	0.33
15:26:51	25.1	0.897	1.252	1.273	1.29	0.847	0.627	0.611	0.9620000000000001	1.3459999999999999	1.359	1.36	0.6579999999999999	0.04	0.532	0.955	1.3359999999999999	1.3219999999999998	1.415	0.547	0.563	0.507	1.315	1.307	1.318	0.39399999999999996	0.4	0.376	0.3	0.308	0.322	0.5429999999999999	0.514	0.499	0.32899999999999996	0.34	0.348
15:42:33	25.1	0.89	1.245	1.275	1.2770000000000001	0.7070000000000001	0.475	0.6759999999999999	0.956	1.405	1.357	1.355	0.7040000000000001	0.04	0.495	0.951	1.331	1.319	1.286	0.479	0.499	0.929	1.3219999999999998	1.301	1.319	0.40299999999999997	0.409	0.384	0.314	0.327	0.341	0.563	0.529	0.509	0.355	0.359	0.371
15:58:16	25.1	0.883	1.235	1.265	1.271	0.74	0.506	0.627	0.9520000000000001	1.27	1.359	1.349	0.721	0.04	0.456	0.946	1.321	1.318	1.297	0.604	0.511	0.435	1.31	1.3130000000000002	1.318	0.41100000000000003	0.41700000000000004	0.391	0.34	0.341	0.36	0.5720000000000001	0.542	0.522	0.365	0.37799999999999995	0.385
16:13:58	25.1	0.877	1.226	1.254	1.274	0.637	0.8909999999999999	0.645	0.9470000000000001	1.2890000000000001	1.3459999999999999	1.344	0.682	0.04	0.616	0.9420000000000001	1.319	1.315	1.459	0.9420000000000001	0.525	0.49200000000000005	1.286	1.351	1.3769999999999998	0.42	0.425	0.39799999999999996	0.365	0.36	0.379	0.5920000000000001	0.552	0.5329999999999999	0.387	0.4	0.402
16:29:41	25.1	0.87	1.213	1.245	1.26	0.768	0.738	0.53	0.943	1.287	1.3940000000000001	1.337	0.963	0.04	0.591	0.938	1.318	1.306	1.357	0.6920000000000001	0.802	0.496	1.328	1.291	1.3119999999999998	0.42700000000000005	0.433	0.406	0.377	0.38	0.402	0.5920000000000001	0.562	0.545	0.406	0.42100000000000004	0.424
16:45:23	25.1	0.8640000000000001	1.212	1.242	1.254	0.895	0.573	0.6709999999999999	0.938	1.264	1.405	1.3319999999999999	0.875	0.04	0.494	0.934	1.311	1.304	1.341	0.835	0.7120000000000001	0.594	1.28	1.2930000000000001	1.306	0.435	0.441	0.413	0.392	0.4	0.42200000000000004	0.675	0.5760000000000001	0.5529999999999999	0.42700000000000005	0.444	0.449
17:01:06	25.0	0.858	1.202	1.238	1.25	0.898	0.858	0.578	0.934	1.2690000000000001	1.328	1.324	0.6709999999999999	0.04	0.509	0.93	1.3090000000000002	1.3	1.308	0.662	0.531	0.516	1.2790000000000001	1.3519999999999999	1.3659999999999999	0.44299999999999995	0.449	0.424	0.413	0.42200000000000004	0.446	0.633	0.634	0.568	0.449	0.467	0.47700000000000004
17:16:48	25.1	0.851	1.193	1.225	1.24	0.816	0.9179999999999999	0.7809999999999999	0.93	1.27	1.298	1.32	0.68	0.04	0.521	0.9259999999999999	1.306	1.294	1.369	0.8190000000000001	0.6709999999999999	0.589	1.2819999999999998	1.2890000000000001	1.334	0.45	0.457	0.42700000000000005	0.429	0.446	0.469	0.624	0.602	0.5770000000000001	0.469	0.491	0.498
17:32:31	25.1	0.845	1.181	1.218	1.24	0.816	0.7829999999999999	0.821	0.9259999999999999	1.234	1.281	1.314	0.762	0.04	0.534	0.9229999999999999	1.2990000000000002	1.286	1.401	0.6	0.674	0.588	1.281	1.285	1.431	0.45799999999999996	0.46399999999999997	0.434	0.45299999999999996	0.47	0.494	0.638	0.619	0.589	0.501	0.518	0.525
17:48:14	25.1	0.8390000000000001	1.17	1.213	1.228	0.9440000000000001	0.828	0.624	0.922	1.263	1.2890000000000001	1.3019999999999998	0.975	0.04	0.594	0.919	1.295	1.285	1.37	0.8540000000000001	0.6940000000000001	0.654	1.276	1.3019999999999998	1.297	0.466	0.47100000000000003	0.441	0.47700000000000004	0.495	0.52	0.682	0.701	0.598	0.525	0.55	0.5479999999999999
18:03:56	25.1	0.833	1.163	1.213	1.228	0.986	0.748	0.607	0.919	1.24	1.278	1.3019999999999998	0.7090000000000001	0.04	0.616	0.9159999999999999	1.288	1.275	1.429	0.72	0.628	1.181	1.2819999999999998	1.375	1.444	0.47200000000000003	0.479	0.44799999999999995	0.503	0.8059999999999999	0.546	0.655	0.625	0.606	0.552	0.575	0.5760000000000001
18:19:39	25.1	0.8270000000000001	1.157	1.198	1.224	0.875	0.6629999999999999	0.639	0.915	1.2690000000000001	1.307	1.297	0.728	0.04	0.6509999999999999	0.9129999999999999	1.28	1.275	1.298	1.168	0.965	0.594	1.2819999999999998	1.281	1.296	0.48	0.48700000000000004	0.457	0.529	0.5489999999999999	0.7809999999999999	0.6659999999999999	0.65	0.619	0.589	0.61	0.608
18:35:21	25.1	0.8220000000000001	1.151	1.192	1.214	0.93	0.9309999999999999	0.802	0.9129999999999999	1.217	1.276	1.281	1.081	0.04	0.624	0.9109999999999999	1.2819999999999998	1.27	1.2670000000000001	0.647	0.601	0.622	1.286	1.28	1.284	0.48700000000000004	0.495	0.46299999999999997	0.5579999999999999	0.5760000000000001	0.7190000000000001	0.722	0.647	0.627	0.607	0.636	0.634
18:51:04	25.1	0.8170000000000001	1.147	1.1840000000000002	1.204	0.92	0.8079999999999999	0.774	0.909	1.209	1.255	1.274	0.752	0.04	0.578	0.9079999999999999	1.274	1.262	1.364	0.731	0.754	0.695	1.281	1.295	1.301	0.496	0.503	0.47	0.585	0.606	0.629	0.718	0.672	0.638	0.636	0.6659999999999999	0.6659999999999999
19:06:47	25.1	0.8109999999999999	1.136	1.183	1.205	0.9570000000000001	0.7170000000000001	0.672	0.9059999999999999	1.209	1.261	1.268	0.841	0.04	0.679	0.904	1.2690000000000001	1.258	1.3719999999999999	0.657	0.63	0.6579999999999999	1.2890000000000001	1.296	1.321	0.504	0.511	0.47700000000000004	0.615	0.737	0.6609999999999999	0.723	0.745	0.654	0.6659999999999999	0.696	0.698
19:22:29	25.1	0.8059999999999999	1.131	1.172	1.199	1.038	0.972	0.7609999999999999	0.902	1.17	1.272	1.258	0.8540000000000001	0.04	0.624	0.9009999999999999	1.266	1.256	1.354	0.8759999999999999	0.867	0.62	1.278	1.2990000000000002	1.318	0.511	0.518	0.483	0.647	0.664	0.687	0.7440000000000001	0.6890000000000001	0.657	0.698	0.728	0.726
19:38:12	25.0	0.802	1.127	1.171	1.193	0.9520000000000001	0.731	0.845	0.899	1.163	1.224	1.24	0.8	0.04	0.785	0.899	1.261	1.247	1.306	1.25	0.838	0.693	1.305	1.2819999999999998	1.304	0.519	0.527	0.491	0.6759999999999999	0.6940000000000001	0.716	0.779	0.6990000000000001	0.669	0.7290000000000001	0.76	0.7559999999999999
19:53:55	25.1	0.797	1.128	1.166	1.189	0.759	0.82	0.787	0.8959999999999999	1.171	1.254	1.242	0.8	0.04	0.687	0.8959999999999999	1.258	1.244	1.248	0.708	0.618	0.629	1.3159999999999998	1.2790000000000001	1.3090000000000002	0.524	0.5329999999999999	0.49700000000000005	0.7070000000000001	0.7240000000000001	0.879	0.8109999999999999	0.7070000000000001	0.6779999999999999	0.7609999999999999	0.79	0.7909999999999999
20:09:37	25.1	0.79	1.117	1.167	1.188	1.092	0.9159999999999999	0.887	0.893	1.165	1.238	1.23	0.7879999999999999	0.04	0.612	0.893	1.254	1.239	1.385	0.853	0.659	0.884	1.2819999999999998	1.338	1.3030000000000002	0.532	0.541	0.504	0.742	0.755	0.777	0.7440000000000001	0.742	0.6890000000000001	0.792	0.8240000000000001	0.8170000000000001
20:25:20	25.1	0.7859999999999999	1.1179999999999999	1.16	1.176	0.7929999999999999	0.805	0.861	0.89	1.136	1.192	1.225	0.8240000000000001	0.04	0.672	0.889	1.248	1.232	1.32	0.843	1.061	0.904	1.27	1.2770000000000001	1.285	0.541	0.5489999999999999	0.51	0.774	0.785	0.81	0.76	0.7340000000000001	0.7020000000000001	0.8220000000000001	0.857	0.8490000000000001
20:41:03	25.1	0.78	1.105	1.145	1.169	1.02	1.139	0.8440000000000001	0.8859999999999999	1.167	1.18	1.216	0.784	0.04	0.677	0.8859999999999999	1.242	1.225	1.4069999999999998	0.7659999999999999	0.871	0.9690000000000001	1.273	1.268	1.29	0.547	0.556	0.517	0.807	0.818	0.843	0.7959999999999999	0.75	0.715	0.855	0.96	0.8809999999999999
20:56:45	25.1	0.775	1.107	1.149	1.1640000000000001	1.0290000000000001	1.107	0.747	0.882	1.133	1.178	1.2109999999999999	0.825	0.04	0.8140000000000001	0.883	1.236	1.217	1.274	1.094	0.866	0.782	1.268	1.276	1.29	0.555	0.564	0.524	0.84	0.851	1.091	0.787	0.792	0.726	0.884	0.915	0.91
21:12:28	25.1	0.769	1.101	1.1340000000000001	1.159	0.85	1.147	0.85	0.879	1.126	1.17	1.204	0.833	0.04	0.7290000000000001	0.88	1.2309999999999999	1.21	1.301	0.8190000000000001	0.778	0.765	1.3219999999999998	1.255	1.273	0.562	0.5720000000000001	0.531	0.871	0.878	0.899	0.8240000000000001	0.777	0.735	0.9109999999999999	0.946	0.937
21:28:11	25.1	0.764	1.095	1.135	1.158	1.151	1.041	0.6890000000000001	0.8759999999999999	1.119	1.17	1.205	0.84	0.04	0.693	0.878	1.227	1.206	1.321	0.721	0.758	1.04	1.261	1.251	1.272	0.5710000000000001	0.578	0.537	0.9109999999999999	0.912	0.945	0.799	0.8079999999999999	0.745	0.9390000000000001	0.973	0.966
21:43:53	25.1	0.758	1.088	1.128	1.149	1.1340000000000001	0.893	0.905	0.873	1.121	1.157	1.196	0.9540000000000001	0.04	0.695	0.8740000000000001	1.216	1.199	1.3719999999999999	0.9390000000000001	0.9790000000000001	0.713	1.252	1.246	1.255	0.575	0.586	0.542	0.929	0.94	0.993	0.8490000000000001	0.8009999999999999	0.762	0.9670000000000001	1.002	0.9890000000000001
21:59:36	25.1	0.753	1.09	1.121	1.143	1.001	1.082	0.659	0.87	1.127	1.29	1.192	1.078	0.04	0.7020000000000001	0.872	1.215	1.22	1.3840000000000001	1.286	0.912	0.825	1.254	1.2409999999999999	1.256	0.58	0.5920000000000001	0.5489999999999999	0.9570000000000001	0.9670000000000001	0.983	0.8640000000000001	0.795	0.768	0.991	1.022	1.015
22:15:19	25.1	0.748	1.085	1.114	1.14	0.965	0.938	0.7020000000000001	0.866	1.166	1.161	1.183	0.863	0.04	0.706	0.8690000000000001	1.2109999999999999	1.1909999999999998	1.232	1.165	1.206	0.767	1.245	1.235	1.249	0.589	0.599	0.5589999999999999	0.99	1.101	1.011	0.846	0.8009999999999999	0.7759999999999999	1.0190000000000001	1.0490000000000002	1.043
22:31:01	25.0	0.742	1.0759999999999998	1.109	1.133	1.067	1.003	0.725	0.863	1.129	1.16	1.176	0.884	0.04	0.706	0.866	1.202	1.183	1.285	0.7440000000000001	0.898	0.8320000000000001	1.2409999999999999	1.23	1.242	0.594	0.606	0.562	1.018	1.024	1.041	0.872	0.8320000000000001	0.787	1.038	1.071	1.067
22:46:44	25.1	0.738	1.07	1.103	1.124	0.915	0.903	0.758	0.86	1.092	1.1320000000000001	1.172	0.903	0.04	0.8490000000000001	0.863	1.198	1.177	1.385	1.0090000000000001	0.838	0.753	1.237	1.224	1.247	0.6	0.613	0.568	1.04	1.051	1.0590000000000002	0.892	0.812	0.795	1.058	1.093	1.085
23:02:26	25.1	0.731	1.064	1.094	1.117	1.219	0.97	0.7829999999999999	0.856	1.085	1.128	1.161	0.863	0.04	0.902	0.86	1.1909999999999998	1.171	1.298	0.945	0.855	0.9940000000000001	1.232	1.278	1.2429999999999999	0.607	0.621	0.575	1.067	1.117	1.392	0.9	0.846	0.805	1.077	1.111	1.099
23:18:09	25.1	0.726	1.061	1.089	1.111	1.102	0.996	0.779	0.853	1.079	1.122	1.162	0.87	0.04	0.705	0.857	1.187	1.167	1.218	1.121	1.085	0.902	1.225	1.216	1.228	0.614	0.627	0.5820000000000001	1.09	1.117	1.088	0.863	0.85	0.8109999999999999	1.091	1.148	1.107
23:33:52	25.1	0.721	1.057	1.081	1.105	1.161	1.044	0.7959999999999999	0.85	1.072	1.135	1.15	1.002	0.04	0.7170000000000001	0.8540000000000001	1.183	1.166	1.206	0.915	1.061	0.82	1.217	1.2109999999999999	1.226	0.621	0.636	0.588	1.11	1.125	1.112	0.917	0.851	0.816	1.095	1.125	1.109
23:49:34	25.1	0.715	1.052	1.077	1.099	1.0090000000000001	1.064	0.782	0.846	1.0759999999999998	1.121	1.153	0.9109999999999999	0.04	0.7709999999999999	0.851	1.177	1.157	1.232	1.34	1.1520000000000001	0.995	1.214	1.207	1.222	0.625	0.642	0.595	1.121	1.41	1.101	0.8759999999999999	0.8640000000000001	0.8270000000000001	1.091	1.128	1.104
24:05:17	25.1	0.711	1.047	1.069	1.093	0.9490000000000001	0.934	0.7	0.843	1.073	1.117	1.208	1.07	0.04	0.77	0.848	1.173	1.153	1.341	1.37	0.971	0.8640000000000001	1.209	1.2	1.215	0.632	0.65	0.602	1.127	1.125	1.196	0.885	0.898	0.8370000000000001	1.0859999999999999	1.123	1.102
24:20:59	25.1	0.706	1.04	1.062	1.084	1.034	0.988	0.816	0.84	1.057	1.112	1.138	0.9440000000000001	0.04	0.78	0.846	1.171	1.148	1.2009999999999998	1.265	0.8740000000000001	0.932	1.215	1.195	1.2109999999999999	0.638	0.657	0.608	1.128	1.248	1.172	0.9390000000000001	0.893	0.845	1.0759999999999998	1.111	1.088
24:36:42	25.1	0.701	1.034	1.056	1.078	1.104	1.1179999999999999	0.773	0.8370000000000001	1.075	1.113	1.137	0.91	0.04	0.9259999999999999	0.843	1.165	1.1440000000000001	1.278	1.204	1.067	1.067	1.197	1.19	1.205	0.644	0.665	0.617	1.125	1.115	1.22	0.937	0.898	0.8540000000000001	1.069	1.109	1.087
24:52:25	25.1	0.696	1.0290000000000001	1.05	1.074	1.077	1.207	0.7979999999999999	0.8340000000000001	1.065	1.092	1.206	1.214	0.04	0.9329999999999999	0.84	1.16	1.141	1.216	1.246	1.004	0.9570000000000001	1.192	1.186	1.198	0.6509999999999999	0.6759999999999999	0.625	1.121	1.162	1.169	0.938	0.894	0.86	1.06	1.101	1.077
25:08:07	25.1	0.691	1.023	1.046	1.067	1.07	1.036	0.757	0.831	1.045	1.089	1.125	1.053	0.04	0.977	0.8370000000000001	1.155	1.136	1.2	1.035	1.248	1.5030000000000001	1.185	1.179	1.199	0.6579999999999999	0.6859999999999999	0.635	1.117	1.117	1.224	0.946	0.892	0.867	1.055	1.095	1.073
25:23:50	25.1	0.6859999999999999	1.0170000000000001	1.04	1.061	1.177	1.089	0.809	0.828	1.045	1.091	1.12	1.104	0.04	0.784	0.835	1.153	1.133	1.213	1.531	1.137	0.993	1.182	1.173	1.19	0.664	0.695	0.643	1.114	1.113	1.093	0.9470000000000001	0.9159999999999999	0.8740000000000001	1.048	1.083	1.0659999999999998
25:39:33	25.1	0.682	1.011	1.035	1.055	1.2329999999999999	0.872	0.7190000000000001	0.823	1.035	1.0759999999999998	1.1159999999999999	1.077	0.04	0.7659999999999999	0.8320000000000001	1.146	1.129	1.288	1.177	1.033	1.165	1.176	1.168	1.1840000000000002	0.6709999999999999	0.708	0.655	1.1159999999999999	1.111	1.128	0.945	0.919	0.884	1.0390000000000001	1.083	1.061
25:55:15	25.1	0.677	1.005	1.03	1.0490000000000002	1.1059999999999999	1.034	0.725	0.821	1.041	1.08	1.115	1.067	0.04	0.779	0.8290000000000001	1.1440000000000001	1.126	1.325	1.1320000000000001	1.051	0.872	1.179	1.162	1.181	0.6759999999999999	0.715	0.6629999999999999	1.1059999999999999	1.175	1.128	0.971	0.955	0.887	1.0290000000000001	1.077	1.053
26:10:58	25.1	0.674	0.9990000000000001	1.024	1.043	1.0190000000000001	1.047	0.884	0.8190000000000001	1.037	1.075	1.111	1.148	0.04	0.799	0.8270000000000001	1.141	1.125	1.264	1.288	1.182	0.941	1.177	1.159	1.175	0.682	0.7170000000000001	0.67	1.102	1.11	1.227	0.996	0.938	0.8909999999999999	1.018	1.069	1.047
26:26:41	25.1	0.6679999999999999	0.996	1.0190000000000001	1.037	1.088	1.395	0.79	0.815	1.023	1.072	1.103	0.9790000000000001	0.04	0.83	0.8240000000000001	1.135	1.121	1.2770000000000001	1.222	0.9420000000000001	0.883	1.162	1.155	1.17	0.6890000000000001	0.728	0.679	1.099	1.114	1.215	0.95	0.937	0.904	1.0170000000000001	1.064	1.0390000000000001
26:42:23	25.1	0.6629999999999999	0.99	1.013	1.032	0.897	1.237	0.797	0.812	1.031	1.0859999999999999	1.1340000000000001	1.063	0.04	0.8370000000000001	0.821	1.131	1.117	1.198	1.281	1.013	0.9790000000000001	1.157	1.15	1.166	0.696	0.737	0.688	1.093	1.11	1.097	0.985	0.94	0.9109999999999999	1.01	1.062	1.037
26:58:06	25.0	0.6579999999999999	0.985	1.008	1.0270000000000001	1.057	1.014	0.7559999999999999	0.8079999999999999	1.03	1.069	1.0959999999999999	1.16	0.04	0.8240000000000001	0.818	1.128	1.115	1.294	1.064	0.956	0.94	1.153	1.1440000000000001	1.161	0.7040000000000001	0.743	0.693	1.089	1.215	1.082	0.9790000000000001	0.95	0.9109999999999999	1.001	1.056	1.034
27:13:48	25.1	0.654	0.981	1.003	1.023	1.2770000000000001	1.079	0.8059999999999999	0.805	1.016	1.069	1.097	1.0759999999999998	0.04	0.802	0.815	1.126	1.113	1.3330000000000002	1.225	1.252	0.8320000000000001	1.15	1.139	1.157	0.7120000000000001	0.752	0.7020000000000001	1.087	1.135	1.092	0.992	0.9540000000000001	0.9209999999999999	0.9940000000000001	1.054	1.024
27:29:31	25.1	0.648	0.975	0.998	1.018	1.27	1.083	0.816	0.802	1.021	1.061	1.0959999999999999	0.9670000000000001	0.04	0.843	0.812	1.123	1.109	1.235	1.63	0.9179999999999999	1.104	1.1440000000000001	1.135	1.1520000000000001	0.7190000000000001	0.7559999999999999	0.708	1.083	1.189	1.073	0.9840000000000001	0.9890000000000001	0.9279999999999999	0.99	1.0490000000000002	1.02
27:45:14	25.1	0.644	0.97	0.993	1.013	1.126	0.973	0.846	0.8	1.015	1.061	1.089	1.072	0.04	0.84	0.81	1.1179999999999999	1.1079999999999999	1.3319999999999999	1.4869999999999999	1.088	0.915	1.139	1.131	1.148	0.728	0.763	0.7140000000000001	1.0759999999999998	1.113	1.077	0.99	0.9690000000000001	0.937	0.9840000000000001	1.043	1.022
28:00:56	25.1	0.639	0.9670000000000001	0.9890000000000001	1.0090000000000001	1.1640000000000001	1.073	0.84	0.797	1.05	1.057	1.093	1.136	0.04	0.826	0.807	1.1159999999999999	1.105	1.3330000000000002	0.902	1.214	1.079	1.135	1.127	1.143	0.733	0.769	0.72	1.073	1.0959999999999999	1.321	1.0290000000000001	0.983	0.9440000000000001	0.978	1.038	1.016
28:16:39	25.1	0.634	0.9620000000000001	0.985	1.004	0.982	1.23	0.857	0.7929999999999999	1.012	1.053	1.082	1.1909999999999998	0.04	1.158	0.804	1.123	1.104	1.214	1.4380000000000002	1.075	1.067	1.1320000000000001	1.123	1.143	0.742	0.774	0.726	1.069	1.095	1.068	0.9990000000000001	0.975	0.9420000000000001	0.975	1.035	1.01
28:32:22	25.1	0.629	0.958	0.98	0.9990000000000001	1.2	1.063	0.904	0.79	1.013	1.0490000000000002	1.075	1.081	0.04	0.857	0.8009999999999999	1.11	1.101	1.244	1.4880000000000002	1.156	0.8740000000000001	1.127	1.1179999999999999	1.135	0.7509999999999999	0.782	0.732	1.068	1.091	1.07	1.023	1.0290000000000001	0.9520000000000001	0.968	1.032	1.006
28:48:04	25.1	0.625	0.953	0.975	0.995	1.1640000000000001	0.946	0.7609999999999999	0.787	1.005	1.051	1.075	1.192	0.04	0.8440000000000001	0.799	1.1079999999999999	1.0979999999999999	1.271	1.55	1.1059999999999999	0.893	1.122	1.115	1.129	0.759	0.785	0.737	1.064	1.088	1.062	1.018	0.993	0.95	0.97	1.026	1.002
29:03:47	25.1	0.62	0.948	0.971	0.99	1.169	1.244	0.831	0.785	1.016	1.045	1.074	1.103	0.042	0.946	0.7959999999999999	1.105	1.097	1.281	1.3419999999999999	1.052	1.0979999999999999	1.1179999999999999	1.111	1.128	0.7659999999999999	0.794	0.742	1.061	1.102	1.0659999999999998	1.048	1.014	0.961	0.961	1.024	0.997
29:19:29	25.1	0.616	0.9440000000000001	0.9670000000000001	0.986	1.198	1.2830000000000001	0.7440000000000001	0.7809999999999999	1.0	1.038	1.073	1.143	0.04	0.825	0.7929999999999999	1.103	1.095	1.2890000000000001	1.202	1.319	0.943	1.113	1.107	1.121	0.769	0.797	0.7490000000000001	1.0590000000000002	1.084	1.064	1.05	1.003	0.9620000000000001	0.956	1.023	0.9940000000000001
29:35:12	25.1	0.611	0.9390000000000001	0.9620000000000001	0.981	1.055	1.213	0.8190000000000001	0.779	1.003	1.037	1.112	1.045	0.04	1.06	0.7909999999999999	1.1	1.093	1.254	1.294	1.399	0.992	1.11	1.103	1.12	0.775	0.804	0.754	1.054	1.087	1.249	1.032	1.016	0.9690000000000001	0.953	1.0170000000000001	0.9940000000000001
29:50:55	25.1	0.607	0.934	0.9570000000000001	0.977	1.057	1.151	0.748	0.7759999999999999	0.9990000000000001	1.037	1.07	1.385	0.04	0.9420000000000001	0.7879999999999999	1.097	1.091	1.2009999999999998	1.253	0.976	0.97	1.1059999999999999	1.1	1.115	0.784	0.8079999999999999	0.759	1.053	1.081	1.0659999999999998	1.05	1.033	0.98	0.9440000000000001	1.014	0.988
30:06:37	25.1	0.602	0.93	0.953	0.972	1.136	0.998	0.858	0.773	0.99	1.033	1.064	1.135	0.040999999999999995	0.905	0.7859999999999999	1.094	1.089	1.162	1.53	1.308	1.0490000000000002	1.102	1.097	1.109	0.79	0.816	0.764	1.048	1.077	1.0590000000000002	1.046	1.0590000000000002	0.98	0.94	1.01	0.986
30:22:20	25.1	0.598	0.924	0.9490000000000001	0.968	1.126	1.005	0.8029999999999999	0.769	0.9890000000000001	1.03	1.06	1.097	0.04	0.8420000000000001	0.7829999999999999	1.093	1.088	1.329	1.2990000000000002	1.369	0.988	1.0979999999999999	1.094	1.107	0.795	0.82	0.769	1.046	1.081	1.0590000000000002	1.04	1.026	0.9840000000000001	0.938	1.008	0.982
30:38:03	25.1	0.5920000000000001	0.92	0.9440000000000001	0.9640000000000001	1.1640000000000001	1.1340000000000001	0.804	0.767	0.985	1.03	1.058	1.105	0.04	1.133	0.78	1.09	1.0859999999999999	1.301	1.258	1.5119999999999998	1.053	1.093	1.09	1.103	0.8009999999999999	0.8270000000000001	0.7759999999999999	1.045	1.138	1.175	1.045	1.092	0.99	0.938	1.005	0.9740000000000001
30:53:45	25.1	0.588	0.915	0.941	0.9590000000000001	1.022	1.127	0.815	0.763	0.9790000000000001	1.024	1.057	1.156	0.042	0.879	0.778	1.087	1.085	1.208	1.5119999999999998	1.197	1.012	1.089	1.0859999999999999	1.099	0.807	0.833	0.7809999999999999	1.04	1.074	1.054	1.053	1.04	0.995	0.935	1.002	0.9740000000000001
31:09:28	25.1	0.584	0.9109999999999999	0.937	0.955	1.155	0.991	0.737	0.7609999999999999	0.982	1.0270000000000001	1.052	1.087	0.04	0.877	0.775	1.085	1.083	1.2109999999999999	1.045	1.32	0.953	1.087	1.084	1.097	0.813	0.836	0.7859999999999999	1.038	1.068	1.072	1.065	1.056	0.995	0.93	0.998	0.9670000000000001
31:25:11	25.1	0.579	0.907	0.932	0.9520000000000001	1.3030000000000002	1.225	0.818	0.758	0.976	1.024	1.063	1.254	0.04	1.185	0.773	1.084	1.082	1.204	1.39	1.163	1.058	1.083	1.081	1.093	0.815	0.8440000000000001	0.7929999999999999	1.034	1.07	1.05	1.067	1.068	1.002	0.92	0.996	0.965
31:40:53	25.0	0.575	0.903	0.929	0.948	1.073	1.025	0.758	0.7559999999999999	0.988	1.026	1.071	1.08	0.04	0.9	0.7709999999999999	1.082	1.081	1.33	1.396	1.305	1.63	1.079	1.079	1.09	0.821	0.847	0.7959999999999999	1.031	1.071	1.047	1.057	1.046	1.004	0.9159999999999999	0.992	0.961
31:56:36	25.0	0.5710000000000001	0.899	0.9259999999999999	0.9440000000000001	1.088	1.048	0.8170000000000001	0.754	0.98	1.025	1.044	1.043	0.040999999999999995	0.914	0.768	1.081	1.079	1.1540000000000001	1.2690000000000001	1.1909999999999998	1.219	1.0759999999999998	1.0759999999999998	1.094	0.825	0.8540000000000001	0.8	1.026	1.064	1.048	1.08	1.063	1.008	0.9159999999999999	0.988	0.9590000000000001
32:12:19	25.1	0.5660000000000001	0.894	0.9209999999999999	0.94	1.298	1.063	0.774	0.75	0.976	1.018	1.054	1.238	0.040999999999999995	0.892	0.765	1.079	1.078	1.367	1.291	1.212	1.0270000000000001	1.073	1.075	1.087	0.8290000000000001	0.8590000000000001	0.804	1.026	1.065	1.123	1.074	1.063	1.012	0.91	0.986	0.955
32:28:01	25.1	0.561	0.89	0.917	0.9359999999999999	1.041	1.181	0.912	0.747	0.977	1.042	1.044	1.102	0.040999999999999995	0.8740000000000001	0.763	1.0759999999999998	1.0759999999999998	1.28	1.054	1.268	1.263	1.07	1.087	1.085	0.835	0.865	0.809	1.023	1.062	1.054	1.067	1.082	1.014	0.904	0.9840000000000001	0.95
32:43:44	25.1	0.555	0.8859999999999999	0.914	0.9329999999999999	1.044	1.1840000000000002	0.7759999999999999	0.7440000000000001	0.9740000000000001	1.013	1.047	1.068	0.04	0.96	0.7609999999999999	1.075	1.075	1.295	1.518	1.101	1.006	1.068	1.069	1.08	0.8390000000000001	0.871	0.812	1.02	1.062	1.194	1.069	1.069	1.0170000000000001	0.899	0.98	0.948
32:59:26	25.1	0.552	0.8809999999999999	0.9109999999999999	0.929	1.208	0.9209999999999999	0.8190000000000001	0.742	0.968	1.0090000000000001	1.041	1.088	0.04	0.997	0.758	1.073	1.073	1.195	1.354	1.3730000000000002	1.0	1.064	1.069	1.078	0.8420000000000001	0.877	0.816	1.016	1.0590000000000002	1.042	1.06	1.072	1.0170000000000001	0.893	0.976	0.94
33:15:09	25.0	0.546	0.8759999999999999	0.9059999999999999	0.925	1.034	1.111	0.787	0.7390000000000001	0.9670000000000001	1.008	1.037	1.094	0.04	0.924	0.7559999999999999	1.072	1.071	1.14	1.207	1.508	1.206	1.061	1.064	1.0759999999999998	0.847	0.882	0.8190000000000001	1.013	1.054	1.042	1.074	1.093	1.015	0.89	0.972	0.938
33:30:52	25.1	0.542	0.873	0.904	0.9229999999999999	1.0270000000000001	1.06	0.8270000000000001	0.736	0.965	1.013	1.037	1.084	0.04	0.8690000000000001	0.753	1.071	1.072	1.371	1.278	1.51	1.155	1.06	1.062	1.0759999999999998	0.853	0.89	0.8220000000000001	1.008	1.058	1.097	1.0859999999999999	1.085	1.0190000000000001	0.887	0.9690000000000001	0.934
33:46:35	25.0	0.536	0.868	0.9009999999999999	0.92	1.1079999999999999	1.032	0.7859999999999999	0.733	0.965	1.0070000000000001	1.036	1.285	0.04	0.996	0.7509999999999999	1.07	1.07	1.235	1.624	1.242	1.036	1.057	1.062	1.089	0.858	0.8959999999999999	0.826	1.0070000000000001	1.054	1.037	1.08	1.058	1.0170000000000001	0.8809999999999999	0.966	0.9309999999999999
34:02:17	25.1	0.531	0.8640000000000001	0.897	0.917	1.175	1.111	0.8009999999999999	0.73	0.963	1.008	1.09	1.109	0.04	0.919	0.7490000000000001	1.068	1.069	1.159	1.09	1.315	1.03	1.054	1.061	1.07	0.8590000000000001	0.9009999999999999	0.8290000000000001	1.004	1.054	1.036	1.09	1.051	1.015	0.878	0.9620000000000001	0.927
34:17:59	25.1	0.527	0.86	0.894	0.914	1.075	1.139	0.8029999999999999	0.727	0.96	1.004	1.031	1.074	0.04	0.865	0.747	1.065	1.067	1.111	1.476	1.489	1.128	1.053	1.0590000000000002	1.068	0.8640000000000001	0.907	0.8320000000000001	1.001	1.047	1.034	1.078	1.06	1.013	0.875	0.9570000000000001	0.924
34:33:42	25.1	0.521	0.856	0.889	0.909	1.194	1.301	0.762	0.7240000000000001	0.956	1.002	1.03	1.136	0.040999999999999995	0.875	0.743	1.064	1.065	1.162	1.609	1.214	1.1640000000000001	1.0490000000000002	1.056	1.065	0.867	0.91	0.835	0.9990000000000001	1.045	1.042	1.104	1.054	1.01	0.868	0.9540000000000001	0.919
34:49:25	25.1	0.516	0.852	0.8859999999999999	0.9059999999999999	1.053	1.124	0.759	0.721	0.9540000000000001	1.003	1.044	1.208	0.04	0.899	0.741	1.062	1.064	1.2429999999999999	1.3459999999999999	1.104	1.121	1.047	1.053	1.0659999999999998	0.872	0.915	0.8390000000000001	0.992	1.046	1.026	1.055	1.102	1.005	0.863	0.95	0.919
35:05:08	25.1	0.512	0.848	0.882	0.903	1.087	1.217	0.7559999999999999	0.7190000000000001	0.9540000000000001	1.002	1.0290000000000001	1.2890000000000001	0.044000000000000004	1.001	0.738	1.06	1.063	1.288	1.516	1.3259999999999998	1.238	1.044	1.052	1.061	0.878	0.9209999999999999	0.841	0.991	1.042	1.026	1.055	1.058	1.001	0.858	0.945	0.915
35:20:50	25.1	0.507	0.843	0.879	0.9	0.98	0.9490000000000001	0.754	0.715	0.9490000000000001	1.0	1.025	1.077	0.04	0.9279999999999999	0.736	1.058	1.062	1.124	1.485	1.169	0.978	1.042	1.054	1.061	0.8809999999999999	0.924	0.8440000000000001	0.9890000000000001	1.04	1.0270000000000001	1.055	1.067	0.998	0.862	0.9440000000000001	0.914
35:36:33	25.1	0.501	0.8390000000000001	0.8740000000000001	0.895	0.963	0.9329999999999999	0.75	0.7120000000000001	0.9470000000000001	0.997	1.024	1.056	0.04	0.9259999999999999	0.7340000000000001	1.057	1.06	1.203	1.5130000000000001	1.367	1.348	1.04	1.053	1.057	0.883	0.929	0.847	0.986	1.041	1.074	1.054	1.038	0.995	0.862	0.94	0.909
35:52:15	25.1	0.496	0.836	0.87	0.892	1.104	1.1340000000000001	0.755	0.71	0.945	0.998	1.022	1.07	0.04	0.91	0.731	1.055	1.06	1.2690000000000001	1.454	1.5019999999999998	1.1079999999999999	1.037	1.051	1.058	0.887	0.932	0.848	0.982	1.036	1.0190000000000001	1.042	1.043	0.987	0.853	0.9359999999999999	0.905
36:07:58	25.1	0.49	0.831	0.866	0.888	1.242	1.105	0.7659999999999999	0.7070000000000001	0.9420000000000001	0.997	1.013	1.28	0.04	0.9690000000000001	0.7290000000000001	1.054	1.058	1.4080000000000001	1.619	1.4340000000000002	1.1079999999999999	1.036	1.0490000000000002	1.052	0.89	0.937	0.852	0.977	1.034	1.02	1.054	1.034	0.986	0.85	0.934	0.902
36:23:41	25.1	0.485	0.8270000000000001	0.862	0.884	1.064	1.172	0.755	0.7040000000000001	0.9390000000000001	0.997	1.075	1.083	0.04	0.9790000000000001	0.726	1.052	1.056	1.195	1.256	1.1840000000000002	1.068	1.033	1.047	1.05	0.895	0.9420000000000001	0.855	0.975	1.031	1.02	1.041	1.041	0.983	0.833	0.927	0.8959999999999999
36:39:24	25.1	0.48100000000000004	0.823	0.858	0.8809999999999999	1.012	1.202	0.773	0.701	0.9390000000000001	0.991	1.0170000000000001	1.073	0.04	0.983	0.723	1.051	1.056	1.208	1.0759999999999998	1.3969999999999998	1.151	1.031	1.046	1.05	0.898	0.946	0.857	0.971	1.031	1.024	1.035	1.037	0.9790000000000001	0.828	0.922	0.892
36:55:06	25.1	0.475	0.8190000000000001	0.8540000000000001	0.877	1.048	1.1	0.7509999999999999	0.698	0.9359999999999999	0.9890000000000001	1.147	1.0759999999999998	0.04	1.192	0.721	1.0490000000000002	1.054	1.2409999999999999	1.374	1.229	1.205	1.0290000000000001	1.042	1.0490000000000002	0.9	0.948	0.858	0.9690000000000001	1.034	1.015	1.043	1.0190000000000001	0.975	0.816	0.92	0.89
37:10:49	25.1	0.47	0.816	0.851	0.8740000000000001	0.977	1.02	0.8240000000000001	0.696	0.935	0.988	1.014	1.102	0.04	1.126	0.718	1.047	1.053	1.347	1.403	1.2670000000000001	1.11	1.028	1.043	1.046	0.903	0.9520000000000001	0.86	0.9640000000000001	1.089	1.0190000000000001	1.05	1.04	0.966	0.8170000000000001	0.914	0.887
37:26:31	25.0	0.46399999999999997	0.8109999999999999	0.846	0.871	1.094	1.03	0.7509999999999999	0.693	0.9309999999999999	0.987	1.014	1.094	0.04	0.929	0.715	1.046	1.052	1.2570000000000001	1.2930000000000001	1.319	1.3119999999999998	1.0270000000000001	1.0390000000000001	1.044	0.904	0.953	0.861	0.9620000000000001	1.021	1.008	1.01	1.016	0.961	0.8170000000000001	0.909	0.882
37:42:14	25.0	0.45799999999999996	0.807	0.8420000000000001	0.866	0.992	1.063	0.765	0.6890000000000001	0.9279999999999999	0.983	1.0290000000000001	1.218	0.04	1.003	0.713	1.044	1.05	1.151	1.614	1.209	1.1840000000000002	1.024	1.038	1.041	0.9059999999999999	0.9570000000000001	0.8640000000000001	0.96	1.026	1.011	1.024	1.028	0.958	0.8029999999999999	0.909	0.88
37:57:57	25.1	0.452	0.8029999999999999	0.8390000000000001	0.8640000000000001	1.125	0.978	0.774	0.6859999999999999	0.925	0.9840000000000001	1.006	1.1159999999999999	0.04	0.99	0.71	1.044	1.0490000000000002	1.247	1.475	1.325	1.08	1.022	1.0390000000000001	1.04	0.91	0.96	0.865	0.9540000000000001	1.018	1.0090000000000001	1.042	1.016	0.9520000000000001	0.799	0.904	0.875
38:13:39	25.1	0.447	0.7979999999999999	0.8340000000000001	0.86	0.99	0.991	0.767	0.6829999999999999	0.922	0.981	1.032	1.082	0.04	1.053	0.708	1.042	1.0490000000000002	1.169	1.232	1.454	1.112	1.021	1.0390000000000001	1.037	0.914	0.963	0.866	0.951	1.021	1.0090000000000001	1.013	1.021	0.953	0.7929999999999999	0.9009999999999999	0.871
38:29:22	25.1	0.44299999999999995	0.7929999999999999	0.83	0.856	0.9590000000000001	0.986	0.7979999999999999	0.68	0.9209999999999999	0.9790000000000001	1.04	1.3119999999999998	0.04	0.903	0.706	1.04	1.047	1.3090000000000002	1.635	1.22	1.297	1.0190000000000001	1.037	1.0390000000000001	0.914	0.965	0.867	0.946	1.015	1.0090000000000001	1.04	1.034	0.946	0.79	0.897	0.867
38:45:05	25.1	0.435	0.79	0.828	0.853	0.943	0.889	0.8059999999999999	0.677	0.92	0.976	1.003	1.04	0.04	1.224	0.703	1.0390000000000001	1.047	1.187	1.579	1.244	1.033	1.0170000000000001	1.034	1.041	0.9159999999999999	0.9670000000000001	0.867	0.9440000000000001	1.015	1.002	1.037	1.0190000000000001	0.946	0.802	0.8909999999999999	0.861
39:00:47	25.1	0.43	0.785	0.8240000000000001	0.848	1.038	0.895	0.764	0.675	0.917	0.975	1.001	1.113	0.04	0.873	0.701	1.037	1.046	1.228	1.499	1.331	0.958	1.016	1.034	1.04	0.9159999999999999	0.9690000000000001	0.868	0.941	1.012	1.003	0.9840000000000001	1.014	0.941	0.797	0.887	0.858
39:16:30	25.1	0.425	0.7809999999999999	0.82	0.845	1.015	1.0290000000000001	0.7709999999999999	0.672	0.914	0.973	1.0	1.34	0.04	0.9279999999999999	0.698	1.037	1.045	1.175	1.506	1.3519999999999999	1.084	1.014	1.033	1.036	0.9179999999999999	0.9690000000000001	0.867	0.937	1.005	1.003	0.982	1.013	0.929	0.79	0.884	0.856
39:32:13	25.1	0.419	0.775	0.815	0.84	1.1840000000000002	1.0090000000000001	0.753	0.6679999999999999	0.9109999999999999	0.9690000000000001	0.996	1.133	0.04	0.94	0.696	1.034	1.044	1.285	1.521	1.412	1.33	1.013	1.032	1.035	0.9209999999999999	0.973	0.8690000000000001	0.934	1.0090000000000001	0.996	1.008	0.9890000000000001	0.9279999999999999	0.762	0.8809999999999999	0.851
39:47:55	25.1	0.414	0.773	0.812	0.838	0.92	1.097	0.75	0.665	0.91	0.9690000000000001	0.997	1.084	0.04	0.893	0.693	1.034	1.043	1.183	1.52	1.232	1.006	1.011	1.03	1.035	0.9209999999999999	0.973	0.867	0.929	1.003	0.993	0.9890000000000001	1.0	0.922	0.7759999999999999	0.875	0.85
40:03:38	25.1	0.408	0.768	0.8079999999999999	0.833	0.9690000000000001	0.848	0.736	0.662	0.904	0.9670000000000001	0.9940000000000001	1.011	0.04	1.217	0.691	1.032	1.042	1.24	1.607	1.25	1.064	1.01	1.03	1.035	0.925	0.975	0.868	0.925	1.002	0.9940000000000001	0.97	1.006	0.919	0.772	0.873	0.846
40:19:21	25.1	0.40299999999999997	0.764	0.804	0.831	0.8740000000000001	0.846	0.731	0.66	0.905	0.966	0.992	1.268	0.04	0.956	0.688	1.0290000000000001	1.041	1.177	1.5630000000000002	1.219	1.149	1.008	1.028	1.032	0.924	0.975	0.867	0.92	0.997	0.988	0.9840000000000001	1.002	0.919	0.764	0.868	0.851
40:35:03	25.1	0.396	0.7609999999999999	0.8	0.8270000000000001	1.056	0.8059999999999999	0.726	0.657	0.902	0.966	0.99	1.069	0.04	0.871	0.6859999999999999	1.031	1.04	1.268	1.3330000000000002	1.3730000000000002	1.496	1.0070000000000001	1.028	1.031	0.924	0.976	0.867	0.9159999999999999	0.995	0.992	0.978	0.985	0.914	0.757	0.8640000000000001	0.8340000000000001
40:50:46	25.1	0.39	0.7559999999999999	0.797	0.8240000000000001	0.919	0.8640000000000001	0.71	0.654	0.899	0.9640000000000001	0.985	1.122	0.04	0.88	0.684	1.0290000000000001	1.038	1.416	1.421	1.351	1.207	1.006	1.026	1.03	0.925	0.977	0.866	0.9129999999999999	0.99	0.987	0.9640000000000001	0.9740000000000001	0.92	0.722	0.861	0.8340000000000001
41:06:29	25.1	0.38299999999999995	0.7509999999999999	0.7929999999999999	0.82	0.9059999999999999	0.993	0.7190000000000001	0.6509999999999999	0.897	0.965	0.985	1.172	0.040999999999999995	1.065	0.6809999999999999	1.0270000000000001	1.038	1.33	1.124	1.261	1.5930000000000002	1.004	1.026	1.028	0.927	0.977	0.865	0.909	0.992	0.9890000000000001	0.976	0.982	0.91	0.74	0.858	0.83
41:22:11	25.1	0.37799999999999995	0.747	0.789	0.8170000000000001	1.032	0.9329999999999999	0.7140000000000001	0.648	0.897	0.96	0.9840000000000001	1.121	0.04	0.89	0.679	1.0270000000000001	1.038	1.224	1.52	1.135	1.395	1.003	1.0270000000000001	1.028	0.9279999999999999	0.9790000000000001	0.863	0.904	0.983	0.9840000000000001	0.988	0.973	0.898	0.73	0.852	0.8220000000000001
41:37:54	25.1	0.371	0.743	0.784	0.8140000000000001	0.878	0.8270000000000001	0.6890000000000001	0.645	0.894	0.9570000000000001	0.983	1.1520000000000001	0.04	1.168	0.6759999999999999	1.026	1.037	1.236	1.571	1.182	1.128	1.001	1.024	1.026	0.929	0.978	0.863	0.9	0.98	0.985	0.995	0.971	0.895	0.7040000000000001	0.8490000000000001	0.82
41:53:37	25.1	0.365	0.7390000000000001	0.782	0.8109999999999999	0.917	1.234	0.6890000000000001	0.642	0.89	0.958	0.9840000000000001	1.077	0.04	0.9520000000000001	0.6729999999999999	1.023	1.037	1.209	1.367	1.074	0.963	1.001	1.025	1.025	0.929	0.978	0.861	0.894	0.982	0.981	0.953	0.968	0.89	0.691	0.846	0.816
42:09:19	25.1	0.358	0.7340000000000001	0.777	0.8059999999999999	0.978	0.75	0.6859999999999999	0.638	0.889	0.9540000000000001	0.982	1.044	0.04	1.236	0.6709999999999999	1.022	1.035	1.185	1.5290000000000001	1.4280000000000002	1.06	0.9990000000000001	1.021	1.024	0.9329999999999999	0.978	0.8590000000000001	0.892	0.983	0.9790000000000001	0.948	0.98	0.887	0.6970000000000001	0.8420000000000001	0.81
42:25:02	25.1	0.35200000000000004	0.731	0.772	0.8029999999999999	1.014	0.767	0.6940000000000001	0.635	0.883	0.951	0.98	1.105	0.04	0.8640000000000001	0.669	1.023	1.033	1.237	1.124	1.3769999999999998	1.4609999999999999	0.998	1.022	1.022	0.9329999999999999	0.9790000000000001	0.858	0.888	0.9740000000000001	0.976	0.94	0.97	0.889	0.6940000000000001	0.838	0.805
42:40:45	25.0	0.345	0.727	0.77	0.8	1.022	0.774	0.762	0.633	0.884	0.951	0.981	1.1840000000000002	0.04	0.883	0.6659999999999999	1.022	1.033	1.217	1.591	1.217	1.48	0.997	1.022	1.021	0.9329999999999999	0.977	0.855	0.884	0.977	0.975	0.9640000000000001	0.9570000000000001	0.8959999999999999	0.6859999999999999	0.833	0.802
42:56:27	25.0	0.33899999999999997	0.721	0.765	0.7959999999999999	1.006	0.855	0.652	0.63	0.877	0.946	0.976	1.067	0.04	0.812	0.664	1.0190000000000001	1.033	1.248	1.272	1.281	0.863	0.995	1.02	1.0190000000000001	0.934	0.9790000000000001	0.855	0.88	0.978	0.975	0.983	0.958	0.8759999999999999	0.677	0.8290000000000001	0.7979999999999999
43:12:10	25.1	0.332	0.7170000000000001	0.762	0.7929999999999999	0.9159999999999999	0.762	0.643	0.627	0.875	0.946	0.975	1.09	0.04	1.0959999999999999	0.6609999999999999	1.018	1.033	1.133	1.452	1.1909999999999998	1.091	0.995	1.02	1.0190000000000001	0.9329999999999999	0.978	0.852	0.877	0.971	0.9740000000000001	0.956	0.9540000000000001	0.8740000000000001	0.652	0.8270000000000001	0.794
43:27:53	25.0	0.326	0.7140000000000001	0.759	0.7909999999999999	0.9059999999999999	0.7490000000000001	0.639	0.624	0.877	0.9470000000000001	0.97	1.113	0.043	0.914	0.6579999999999999	1.018	1.032	1.304	1.324	1.2919999999999998	0.98	0.9940000000000001	1.021	1.02	0.9329999999999999	0.978	0.851	0.8740000000000001	0.97	0.968	0.94	0.9440000000000001	0.87	0.65	0.821	0.7909999999999999
43:43:35	25.1	0.318	0.708	0.754	0.7859999999999999	1.022	0.745	0.624	0.621	0.87	0.9420000000000001	0.971	1.048	0.04	0.889	0.6559999999999999	1.016	1.031	1.206	1.3219999999999998	1.2590000000000001	1.305	0.991	1.0190000000000001	1.016	0.934	0.9790000000000001	0.8490000000000001	0.867	0.972	0.9670000000000001	0.9209999999999999	0.971	0.883	0.6459999999999999	0.8170000000000001	0.785
43:59:18	25.1	0.311	0.7020000000000001	0.748	0.78	0.865	0.79	0.622	0.618	0.848	0.919	0.9520000000000001	1.0759999999999998	0.04	0.8290000000000001	0.653	1.011	1.0270000000000001	1.2930000000000001	1.183	1.175	1.002	0.988	1.015	1.014	0.932	0.977	0.846	0.866	0.9620000000000001	0.9670000000000001	0.95	0.951	0.863	0.638	0.8140000000000001	0.7829999999999999
44:15:01	25.0	0.303	0.696	0.743	0.775	0.861	0.7340000000000001	0.632	0.615	0.841	0.909	0.941	1.107	0.04	0.875	0.6509999999999999	1.0070000000000001	1.023	1.2790000000000001	1.673	1.09	1.186	0.9890000000000001	1.015	1.016	0.9329999999999999	0.977	0.845	0.862	0.9670000000000001	0.961	0.951	0.9359999999999999	0.883	0.629	0.807	0.779
44:30:43	25.0	0.29600000000000004	0.693	0.741	0.774	0.971	0.725	0.612	0.612	0.841	0.912	0.946	1.085	0.04	0.8190000000000001	0.648	1.012	1.0290000000000001	1.376	1.536	1.1840000000000002	1.0	0.992	1.018	1.018	0.932	0.977	0.8420000000000001	0.8590000000000001	0.956	0.9590000000000001	0.9420000000000001	0.9420000000000001	0.853	0.617	0.805	0.774
44:46:26	25.1	0.28800000000000003	0.69	0.7390000000000001	0.772	0.895	0.727	0.599	0.609	0.8440000000000001	0.917	0.951	1.087	0.04	0.753	0.6459999999999999	1.014	1.031	1.24	1.3659999999999999	1.26	1.002	0.992	1.02	1.018	0.93	0.975	0.8390000000000001	0.85	0.961	0.9590000000000001	0.925	0.9440000000000001	0.865	0.609	0.799	0.767
45:02:09	25.1	0.28	0.687	0.736	0.77	0.8029999999999999	0.7340000000000001	0.635	0.606	0.841	0.915	0.9470000000000001	1.122	0.04	0.825	0.643	1.011	1.028	1.338	1.143	1.3019999999999998	1.105	0.991	1.018	1.015	0.93	0.975	0.8370000000000001	0.8490000000000001	0.956	0.955	0.924	0.945	0.847	0.5870000000000001	0.795	0.767
45:17:51	25.1	0.272	0.6829999999999999	0.7340000000000001	0.768	0.794	0.7190000000000001	0.606	0.602	0.843	0.919	0.95	1.033	0.04	1.005	0.64	1.016	1.033	1.3130000000000002	1.52	1.252	0.95	0.992	1.0190000000000001	1.0170000000000001	0.929	0.9740000000000001	0.835	0.8440000000000001	0.955	0.955	0.955	0.938	0.84	0.595	0.79	0.7609999999999999
45:33:34	25.1	0.263	0.6809999999999999	0.733	0.768	0.8809999999999999	0.721	0.5770000000000001	0.599	0.846	0.927	0.958	1.077	0.04	0.8420000000000001	0.638	1.02	1.035	1.351	1.409	1.168	0.987	0.992	1.021	1.015	0.929	0.9740000000000001	0.833	0.841	0.951	0.951	0.953	0.9470000000000001	0.8340000000000001	0.58	0.7859999999999999	0.757
45:49:17	25.1	0.255	0.6729999999999999	0.73	0.769	0.841	0.7240000000000001	0.608	0.595	0.848	0.93	0.9620000000000001	1.001	0.04	1.214	0.634	1.021	1.035	1.129	1.598	1.202	1.03	0.99	1.0190000000000001	1.014	0.929	0.975	0.83	0.8370000000000001	0.946	0.951	0.91	0.919	0.835	0.564	0.7859999999999999	0.757
46:05:00	25.1	0.24600000000000002	0.669	0.727	0.767	0.919	0.742	0.562	0.591	0.85	0.9309999999999999	0.963	0.997	0.04	0.747	0.631	1.021	1.035	1.1179999999999999	1.432	1.515	0.9440000000000001	0.9890000000000001	1.0190000000000001	1.013	0.9279999999999999	0.975	0.8290000000000001	0.8320000000000001	0.9490000000000001	0.951	0.9620000000000001	0.9159999999999999	0.836	0.5589999999999999	0.779	0.753
46:20:42	25.0	0.23800000000000002	0.6709999999999999	0.725	0.762	0.83	0.6990000000000001	0.564	0.59	0.85	0.932	0.9620000000000001	1.06	0.043	0.769	0.629	1.0190000000000001	1.034	1.203	1.723	1.19	1.147	0.988	1.0190000000000001	1.012	0.927	0.972	0.8270000000000001	0.825	0.946	0.9470000000000001	0.905	0.907	0.825	0.5820000000000001	0.774	0.747
46:36:25	25.1	0.23	0.6679999999999999	0.722	0.759	0.838	0.802	0.5920000000000001	0.5870000000000001	0.8490000000000001	0.932	0.963	1.092	0.04	0.779	0.627	1.018	1.034	1.173	1.44	1.403	0.951	0.987	1.0190000000000001	1.01	0.9259999999999999	0.971	0.823	0.8240000000000001	0.9390000000000001	0.9420000000000001	0.9009999999999999	0.925	0.82	0.541	0.768	0.741
46:52:08	25.1	0.221	0.6629999999999999	0.718	0.755	0.84	0.7040000000000001	0.544	0.583	0.847	0.9309999999999999	0.963	1.082	0.04	0.7290000000000001	0.624	1.0170000000000001	1.033	1.208	1.675	1.198	1.1420000000000001	0.987	1.018	1.01	0.9259999999999999	0.97	0.821	0.816	0.9359999999999999	0.941	0.937	0.9840000000000001	0.8170000000000001	0.5329999999999999	0.768	0.737
47:07:50	25.1	0.213	0.657	0.7140000000000001	0.752	0.89	0.708	0.5379999999999999	0.581	0.848	0.93	0.961	0.966	0.04	0.8270000000000001	0.621	1.015	1.031	1.264	1.399	1.135	0.92	0.986	1.018	1.0090000000000001	0.925	0.97	0.8190000000000001	0.8109999999999999	0.938	0.938	0.917	0.9009999999999999	0.812	0.524	0.76	0.732
47:23:33	25.1	0.205	0.645	0.705	0.75	0.784	0.7120000000000001	0.531	0.5760000000000001	0.8420000000000001	0.927	0.961	1.1159999999999999	0.040999999999999995	0.797	0.618	1.015	1.032	1.18	1.411	1.3869999999999998	0.88	0.985	1.016	1.008	0.924	0.97	0.8170000000000001	0.807	0.9359999999999999	0.938	0.917	0.914	0.81	0.5920000000000001	0.764	0.731
47:39:15	25.0	0.19699999999999998	0.6459999999999999	0.705	0.745	0.794	0.693	0.532	0.574	0.84	0.927	0.958	0.973	0.04	0.907	0.616	1.011	1.03	1.171	1.155	1.508	0.9259999999999999	0.9840000000000001	1.016	1.006	0.922	0.9670000000000001	0.8140000000000001	0.8029999999999999	0.9309999999999999	0.934	0.899	0.9229999999999999	0.805	0.64	0.754	0.725
47:54:58	25.1	0.188	0.639	0.7	0.7390000000000001	0.75	0.6890000000000001	0.525	0.5710000000000001	0.84	0.9259999999999999	0.956	1.1179999999999999	0.04	0.723	0.614	1.01	1.03	1.122	1.325	1.15	0.951	0.983	1.015	1.006	0.922	0.9670000000000001	0.812	0.8	0.927	0.9309999999999999	0.914	0.927	0.8029999999999999	0.49700000000000005	0.754	0.72
48:10:40	25.0	0.17800000000000002	0.632	0.6940000000000001	0.7340000000000001	0.828	0.6990000000000001	0.508	0.5670000000000001	0.836	0.924	0.955	1.073	0.042	0.732	0.611	1.0090000000000001	1.028	1.218	1.6869999999999998	1.115	0.94	0.982	1.015	1.005	0.92	0.966	0.809	0.794	0.925	0.93	0.9279999999999999	0.938	0.797	0.489	0.741	0.7140000000000001
48:26:23	25.1	0.16899999999999998	0.626	0.69	0.731	0.754	1.145	0.508	0.565	0.835	0.9209999999999999	0.9570000000000001	1.091	0.04	0.722	0.608	1.008	1.0270000000000001	1.19	1.08	1.093	1.001	0.981	1.014	1.003	0.92	0.965	0.807	0.7879999999999999	0.92	0.9259999999999999	0.9109999999999999	0.93	0.792	0.48	0.735	0.711
48:42:06	25.1	0.16	0.618	0.684	0.726	0.84	0.682	0.502	0.561	0.83	0.92	0.951	0.965	0.043	0.7240000000000001	0.605	1.0070000000000001	1.0270000000000001	1.218	1.492	1.2790000000000001	1.177	0.98	1.013	1.003	0.92	0.966	0.805	0.7909999999999999	0.92	0.924	0.912	0.8959999999999999	0.789	0.47200000000000003	0.7340000000000001	0.706
48:57:48	25.1	0.15	0.611	0.679	0.722	0.9159999999999999	0.675	0.494	0.5579999999999999	0.828	0.9179999999999999	0.9520000000000001	0.9640000000000001	0.04	0.713	0.603	1.006	1.0270000000000001	1.149	1.47	1.337	0.8959999999999999	0.9790000000000001	1.012	1.002	0.9179999999999999	0.9640000000000001	0.8029999999999999	0.782	0.9159999999999999	0.922	0.919	0.889	0.785	0.465	0.727	0.701
49:13:31	25.1	0.14	0.604	0.675	0.7190000000000001	0.841	0.882	0.485	0.555	0.8240000000000001	0.9159999999999999	0.948	1.07	0.04	0.7120000000000001	0.6	1.006	1.026	1.179	1.521	1.265	0.863	0.978	1.011	1.001	0.917	0.963	0.8	0.777	0.915	0.917	0.9229999999999999	0.879	0.782	0.457	0.732	0.6990000000000001
49:29:14	25.0	0.13	0.597	0.669	0.713	0.764	0.6809999999999999	0.48200000000000004	0.551	0.82	0.9109999999999999	0.945	1.079	0.04	0.71	0.597	1.003	1.023	1.275	1.5230000000000001	1.344	1.121	0.975	1.01	0.9990000000000001	0.917	0.963	0.799	0.773	0.912	0.9209999999999999	0.897	0.8690000000000001	0.78	0.516	0.727	0.696
49:44:56	25.1	0.11900000000000001	0.591	0.664	0.7090000000000001	0.889	0.6759999999999999	0.513	0.5479999999999999	0.813	0.907	0.941	1.09	0.043	0.7070000000000001	0.594	1.002	1.024	1.268	1.5530000000000002	1.288	1.052	0.975	1.008	0.998	0.915	0.9620000000000001	0.7959999999999999	0.769	0.9079999999999999	0.9159999999999999	0.884	0.89	0.773	0.439	0.721	0.691
50:00:39	25.0	0.109	0.585	0.66	0.706	0.758	0.667	0.467	0.545	0.8140000000000001	0.9079999999999999	0.9390000000000001	1.105	0.042	0.753	0.5920000000000001	1.003	1.025	1.29	1.47	1.0390000000000001	0.929	0.975	1.0090000000000001	0.9990000000000001	0.9129999999999999	0.96	0.7929999999999999	0.762	0.905	0.9109999999999999	0.8759999999999999	0.875	0.77	0.527	0.715	0.6859999999999999
50:16:22	25.1	0.099	0.578	0.655	0.7020000000000001	0.8490000000000001	0.654	0.479	0.541	0.8109999999999999	0.9079999999999999	0.946	0.9620000000000001	0.04	1.085	0.589	1.002	1.024	1.392	1.5759999999999998	1.391	1.4280000000000002	0.975	1.0090000000000001	0.9990000000000001	0.912	0.9590000000000001	0.792	0.758	0.904	0.9109999999999999	0.895	0.871	0.767	0.423	0.7120000000000001	0.6829999999999999
50:32:04	25.1	0.091	0.5710000000000001	0.6509999999999999	0.6990000000000001	0.742	0.6509999999999999	0.455	0.5379999999999999	0.8109999999999999	0.907	0.94	1.0390000000000001	0.04	0.718	0.586	1.001	1.023	1.359	1.4269999999999998	1.256	1.151	0.9740000000000001	1.008	0.997	0.91	0.9570000000000001	0.79	0.757	0.9	0.9079999999999999	0.924	0.857	0.765	0.425	0.7020000000000001	0.6809999999999999
