Time	L2B1-200_1	L2B2-200_1	L2B3-200_1	L2B4-200_1	L2B5-200_1	L2D1-100_1	L2D2-100_1	L2D3-100_1	L2D4-100_1	L2D5-100_1	L2P1-100_1	L2P2-100_1	L2P3-100_1	L2P4-100_1	L2P5-100_1	L2B1-200_2	L2B2-200_2	L2B3-200_2	L2B4-200_2	L2B5-200_2	L2D1-100_2	L2D2-100_2	L2D3-100_2	L2D4-100_2	L2D5-100_2	L2P1-100_2	L2P2-100_2	L2P3-100_2	L2P4-100_2	L2P5-100_2	L2B1-200_3	L2B2-200_3	L2B3-200_3	L2B4-200_3	L2B5-200_3	L2D1-100_3	L2D2-100_3	L2D3-100_3	L2D4-100_3	L2D5-100_3	L2P1-100_3	L2P2-100_3	L2P3-100_3	L2P4-100_3	L2P5-100_3
0.0	0.046	0.048	0.051	0.051	0.059000000000000004	0.04	0.04	0.04	0.04	0.04	0.042	0.045	0.045	0.044000000000000004	0.043	0.043	0.07400000000000001	0.063	0.055999999999999994	0.05	0.043	0.04	0.039	0.047	0.040999999999999995	0.044000000000000004	0.045	0.042	0.043	0.044000000000000004	0.049	0.064	0.047	0.051	0.049	0.046	0.042	0.039	0.040999999999999995	0.043	0.048	0.045	0.048	0.045	0.044000000000000004
0.25	0.048	0.047	0.049	0.05	0.05	0.047	0.045	0.046	0.048	0.047	0.049	0.049	0.049	0.048	0.047	0.049	0.048	0.05	0.05	0.05	0.047	0.045	0.045	0.048	0.047	0.048	0.05	0.048	0.049	0.048	0.048	0.046	0.05	0.051	0.057	0.046	0.045	0.045	0.048	0.047	0.049	0.051	0.048	0.049	0.048
0.52	0.048	0.047	0.05	0.05	0.053	0.047	0.045	0.046	0.048	0.047	0.049	0.049	0.049	0.049	0.047	0.049	0.048	0.05	0.05	0.053	0.047	0.044000000000000004	0.045	0.048	0.047	0.049	0.054000000000000006	0.048	0.049	0.048	0.048	0.048	0.049	0.05	0.049	0.045	0.045	0.045	0.052000000000000005	0.047	0.05	0.051	0.048	0.049	0.048
0.78	0.049	0.048	0.049	0.05	0.051	0.047	0.045	0.046	0.048	0.047	0.051	0.051	0.049	0.049	0.047	0.05	0.049	0.05	0.05	0.05	0.047	0.045	0.045	0.047	0.047	0.05	0.051	0.049	0.05	0.048	0.049	0.047	0.05	0.051	0.053	0.046	0.045	0.045	0.048	0.047	0.051	0.051	0.049	0.05	0.049
1.03	0.049	0.049	0.049	0.05	0.051	0.047	0.045	0.046	0.048	0.047	0.052000000000000005	0.052000000000000005	0.051	0.051	0.049	0.05	0.05	0.051	0.051	0.05	0.047	0.045	0.045	0.047	0.047	0.051	0.053	0.051	0.052000000000000005	0.049	0.049	0.048	0.05	0.051	0.05	0.046	0.045	0.045	0.048	0.047	0.053	0.052000000000000005	0.05	0.052000000000000005	0.049
1.3	0.05	0.049	0.049	0.051	0.053	0.047	0.044000000000000004	0.046	0.048	0.047	0.055	0.055	0.055	0.055	0.051	0.051	0.05	0.051	0.051	0.05	0.047	0.045	0.045	0.048	0.047	0.054000000000000006	0.055	0.055	0.055999999999999994	0.052000000000000005	0.05	0.051	0.051	0.051	0.05	0.046	0.045	0.046	0.048	0.047	0.055	0.054000000000000006	0.052000000000000005	0.055	0.051
1.57	0.05	0.05	0.05	0.063	0.055	0.048	0.045	0.046	0.048	0.047	0.057	0.057999999999999996	0.059000000000000004	0.059000000000000004	0.055	0.051	0.051	0.051	0.052000000000000005	0.05	0.047	0.045	0.045	0.048	0.047	0.057	0.057999999999999996	0.059000000000000004	0.06	0.055999999999999994	0.05	0.049	0.051	0.052000000000000005	0.05	0.046	0.045	0.046	0.048	0.047	0.057999999999999996	0.057999999999999996	0.055999999999999994	0.059000000000000004	0.055
1.82	0.05	0.051	0.05	0.051	0.051	0.048	0.045	0.046	0.049	0.047	0.061	0.061	0.064	0.064	0.06	0.052000000000000005	0.052000000000000005	0.052000000000000005	0.052000000000000005	0.051	0.048	0.045	0.046	0.048	0.047	0.06	0.062	0.064	0.065	0.061	0.051	0.051	0.051	0.053	0.05	0.046	0.045	0.046	0.049	0.047	0.062	0.062	0.061	0.064	0.06
2.08	0.051	0.052000000000000005	0.051	0.052000000000000005	0.051	0.048	0.045	0.047	0.049	0.047	0.064	0.066	0.069	0.069	0.065	0.052000000000000005	0.054000000000000006	0.052000000000000005	0.053	0.051	0.048	0.045	0.046	0.048	0.047	0.064	0.067	0.069	0.071	0.067	0.051	0.052000000000000005	0.052000000000000005	0.053	0.051	0.047	0.045	0.046	0.049	0.047	0.066	0.069	0.066	0.069	0.066
2.35	0.051	0.053	0.052000000000000005	0.053	0.052000000000000005	0.048	0.045	0.047	0.049	0.047	0.069	0.071	0.075	0.075	0.071	0.053	0.055	0.053	0.054000000000000006	0.052000000000000005	0.048	0.046	0.046	0.048	0.048	0.068	0.07200000000000001	0.075	0.077	0.07200000000000001	0.052000000000000005	0.053	0.052000000000000005	0.055	0.051	0.047	0.046	0.046	0.049	0.048	0.071	0.073	0.07200000000000001	0.075	0.07200000000000001
2.62	0.052000000000000005	0.055999999999999994	0.053	0.054000000000000006	0.21600000000000003	0.049	0.045	0.047	0.049	0.047	0.073	0.077	0.081	0.08199999999999999	0.078	0.054000000000000006	0.057999999999999996	0.054000000000000006	0.055999999999999994	0.053	0.049	0.045	0.046	0.048	0.048	0.073	0.079	0.081	0.084	0.079	0.053	0.055	0.054000000000000006	0.055999999999999994	0.052000000000000005	0.047	0.046	0.047	0.049	0.048	0.076	0.08	0.078	0.081	0.079
3.0	0.055	0.059000000000000004	0.053	0.057	0.063	0.051	0.046	0.047	0.049	0.048	0.08199999999999999	0.08800000000000001	0.094	0.095	0.09	0.059000000000000004	0.064	0.057	0.059000000000000004	0.063	0.049	0.046	0.047	0.049	0.048	0.08	0.091	0.094	0.09699999999999999	0.092	0.055999999999999994	0.059000000000000004	0.055	0.059000000000000004	0.053	0.047	0.046	0.051	0.05	0.049	0.084	0.09300000000000001	0.09	0.09300000000000001	0.09
3.27	0.055	0.06	0.059000000000000004	0.057999999999999996	0.063	0.051	0.046	0.048	0.05	0.048	0.08800000000000001	0.095	0.1	0.10099999999999999	0.096	0.057999999999999996	0.065	0.057	0.06	0.055999999999999994	0.049	0.046	0.047	0.049	0.049	0.08800000000000001	0.099	0.10099999999999999	0.10400000000000001	0.098	0.055999999999999994	0.061	0.055999999999999994	0.06	0.062	0.047	0.046	0.051	0.05	0.049	0.091	0.1	0.096	0.10099999999999999	0.098
3.52	0.057	0.064	0.057999999999999996	0.061	0.073	0.051	0.046	0.048	0.05	0.049	0.096	0.10400000000000001	0.11	0.111	0.105	0.06	0.068	0.057999999999999996	0.063	0.057	0.049	0.046	0.048	0.049	0.049	0.095	0.106	0.11	0.114	0.10800000000000001	0.059000000000000004	0.064	0.057999999999999996	0.063	0.055999999999999994	0.047	0.046	0.051	0.05	0.049	0.099	0.109	0.105	0.11	0.10800000000000001
3.78	0.057999999999999996	0.067	0.057	0.063	0.066	0.051	0.046	0.048	0.05	0.049	0.105	0.113	0.121	0.122	0.115	0.062	0.07200000000000001	0.06	0.065	0.059000000000000004	0.05	0.046	0.048	0.05	0.049	0.10400000000000001	0.11699999999999999	0.122	0.126	0.11900000000000001	0.061	0.069	0.06	0.066	0.057999999999999996	0.048	0.047	0.052000000000000005	0.05	0.049	0.109	0.12	0.11599999999999999	0.121	0.11900000000000001
4.05	0.059000000000000004	0.07	0.062	0.066	0.11	0.051	0.046	0.048	0.05	0.049	0.115	0.125	0.134	0.135	0.127	0.065	0.076	0.062	0.069	0.061	0.05	0.047	0.048	0.05	0.049	0.115	0.129	0.135	0.14	0.131	0.064	0.07200000000000001	0.062	0.07	0.06	0.048	0.047	0.052000000000000005	0.051	0.049	0.11900000000000001	0.132	0.128	0.134	0.131
4.32	0.061	0.075	0.062	0.07	0.14400000000000002	0.052000000000000005	0.047	0.048	0.051	0.049	0.128	0.139	0.149	0.15	0.142	0.068	0.08199999999999999	0.065	0.073	0.064	0.05	0.047	0.048	0.05	0.05	0.128	0.14400000000000002	0.151	0.156	0.145	0.067	0.078	0.064	0.07400000000000001	0.073	0.048	0.047	0.052000000000000005	0.051	0.05	0.133	0.147	0.142	0.149	0.146
4.57	0.065	0.081	0.065	0.07400000000000001	0.077	0.052000000000000005	0.047	0.049	0.051	0.05	0.14300000000000002	0.156	0.168	0.16899999999999998	0.159	0.07200000000000001	0.08900000000000001	0.069	0.079	0.095	0.051	0.047	0.049	0.05	0.05	0.14400000000000002	0.162	0.17	0.174	0.163	0.071	0.084	0.068	0.08	0.066	0.048	0.047	0.053	0.051	0.05	0.149	0.165	0.16	0.16699999999999998	0.16399999999999998
4.83	0.066	0.084	0.066	0.077	0.078	0.052000000000000005	0.047	0.049	0.051	0.05	0.161	0.175	0.188	0.188	0.179	0.075	0.099	0.07200000000000001	0.085	0.07	0.051	0.047	0.049	0.051	0.05	0.163	0.183	0.19	0.195	0.183	0.07400000000000001	0.091	0.071	0.086	0.069	0.048	0.047	0.053	0.051	0.05	0.16899999999999998	0.18899999999999997	0.18	0.18600000000000003	0.184
5.1	0.07	0.09	0.087	0.084	0.087	0.053	0.047	0.049	0.051	0.05	0.185	0.201	0.214	0.212	0.20199999999999999	0.08199999999999999	0.109	0.076	0.09300000000000001	0.075	0.051	0.047	0.049	0.051	0.05	0.188	0.21100000000000002	0.218	0.222	0.20800000000000002	0.08	0.099	0.076	0.09300000000000001	0.073	0.049	0.048	0.053	0.051	0.051	0.19399999999999998	0.21600000000000003	0.205	0.21100000000000002	0.209
5.35	0.075	0.098	0.07400000000000001	0.098	0.08900000000000001	0.053	0.047	0.049	0.052000000000000005	0.05	0.215	0.233	0.24600000000000002	0.244	0.231	0.08800000000000001	0.11800000000000001	0.081	0.10099999999999999	0.094	0.051	0.048	0.05	0.052000000000000005	0.051	0.221	0.245	0.251	0.256	0.239	0.087	0.111	0.081	0.102	0.077	0.049	0.048	0.053	0.052000000000000005	0.051	0.226	0.25	0.237	0.243	0.24
5.62	0.081	0.10800000000000001	0.079	0.1	0.095	0.053	0.047	0.05	0.052000000000000005	0.051	0.251	0.268	0.281	0.278	0.264	0.095	0.133	0.08800000000000001	0.11199999999999999	0.08800000000000001	0.052000000000000005	0.048	0.05	0.052000000000000005	0.051	0.259	0.281	0.287	0.29100000000000004	0.272	0.094	0.12300000000000001	0.087	0.113	0.201	0.049	0.048	0.054000000000000006	0.052000000000000005	0.051	0.262	0.28600000000000003	0.26899999999999996	0.27699999999999997	0.27399999999999997
5.88	0.08900000000000001	0.124	0.087	0.114	0.105	0.053	0.048	0.05	0.053	0.051	0.292	0.307	0.32	0.317	0.3	0.106	0.149	0.096	0.126	0.09699999999999999	0.052000000000000005	0.048	0.05	0.052000000000000005	0.051	0.3	0.32299999999999995	0.327	0.332	0.31	0.10400000000000001	0.138	0.095	0.125	0.099	0.049	0.048	0.054000000000000006	0.053	0.052000000000000005	0.302	0.327	0.307	0.314	0.311
6.15	0.102	0.141	0.095	0.132	0.141	0.054000000000000006	0.048	0.05	0.053	0.051	0.335	0.349	0.361	0.358	0.341	0.11800000000000001	0.16699999999999998	0.106	0.14	0.113	0.052000000000000005	0.048	0.05	0.053	0.052000000000000005	0.344	0.36700000000000005	0.37	0.374	0.35100000000000003	0.11699999999999999	0.168	0.105	0.14	0.10300000000000001	0.05	0.049	0.055	0.053	0.052000000000000005	0.345	0.371	0.34700000000000003	0.354	0.35100000000000003
6.4	0.10800000000000001	0.158	0.10300000000000001	0.135	0.171	0.054000000000000006	0.048	0.051	0.053	0.052000000000000005	0.38299999999999995	0.396	0.408	0.402	0.38299999999999995	0.131	0.192	0.11800000000000001	0.154	0.12	0.053	0.049	0.051	0.053	0.052000000000000005	0.392	0.41600000000000004	0.418	0.42200000000000004	0.395	0.129	0.175	0.115	0.154	0.115	0.05	0.049	0.055	0.054000000000000006	0.052000000000000005	0.39299999999999996	0.419	0.391	0.39899999999999997	0.395
6.67	0.124	0.177	0.115	0.15	0.14400000000000002	0.054000000000000006	0.048	0.051	0.054000000000000006	0.052000000000000005	0.435	0.447	0.45899999999999996	0.45299999999999996	0.431	0.14800000000000002	0.209	0.132	0.171	0.134	0.053	0.049	0.051	0.053	0.052000000000000005	0.447	0.47200000000000003	0.47100000000000003	0.474	0.444	0.145	0.196	0.127	0.172	0.136	0.05	0.049	0.055	0.054000000000000006	0.052000000000000005	0.444	0.473	0.441	0.449	0.444
6.93	0.133	0.201	0.14	0.168	0.385	0.055	0.049	0.052000000000000005	0.054000000000000006	0.052000000000000005	0.494	0.504	0.515	0.507	0.484	0.166	0.23399999999999999	0.14800000000000002	0.188	0.15	0.053	0.049	0.051	0.054000000000000006	0.053	0.506	0.535	0.528	0.528	0.498	0.163	0.22	0.142	0.188	0.142	0.051	0.049	0.055999999999999994	0.055	0.053	0.501	0.524	0.493	0.502	0.496
7.18	0.149	0.228	0.146	0.187	0.271	0.055	0.049	0.052000000000000005	0.054000000000000006	0.052000000000000005	0.5489999999999999	0.555	0.563	0.555	0.5329999999999999	0.185	0.261	0.16399999999999998	0.207	0.17	0.053	0.049	0.052000000000000005	0.054000000000000006	0.053	0.5589999999999999	0.579	0.575	0.574	0.5429999999999999	0.182	0.249	0.16	0.207	0.159	0.051	0.05	0.055999999999999994	0.055	0.053	0.547	0.5710000000000001	0.5379999999999999	0.547	0.542
7.45	0.166	0.251	0.166	0.203	0.359	0.055	0.049	0.053	0.055	0.053	0.597	0.603	0.61	0.599	0.578	0.20199999999999999	0.282	0.179	0.22699999999999998	0.185	0.054000000000000006	0.05	0.052000000000000005	0.055	0.053	0.606	0.625	0.624	0.62	0.5870000000000001	0.19899999999999998	0.273	0.177	0.22699999999999998	0.17600000000000002	0.051	0.05	0.055999999999999994	0.055999999999999994	0.053	0.5920000000000001	0.614	0.5820000000000001	0.59	0.5870000000000001
7.72	0.177	0.27399999999999997	0.16899999999999998	0.217	0.212	0.055999999999999994	0.049	0.053	0.055999999999999994	0.053	0.645	0.6459999999999999	0.654	0.6409999999999999	0.619	0.222	0.294	0.196	0.242	0.201	0.054000000000000006	0.05	0.053	0.055	0.054000000000000006	0.654	0.662	0.6679999999999999	0.662	0.63	0.21899999999999997	0.29600000000000004	0.191	0.24100000000000002	0.207	0.051	0.05	0.057	0.055999999999999994	0.054000000000000006	0.635	0.65	0.624	0.631	0.628
7.98	0.19399999999999998	0.299	0.18600000000000003	0.23399999999999999	0.292	0.055999999999999994	0.05	0.053	0.055999999999999994	0.054000000000000006	0.682	0.6779999999999999	0.6890000000000001	0.674	0.659	0.244	0.298	0.215	0.256	0.221	0.055	0.05	0.053	0.055999999999999994	0.054000000000000006	0.688	0.693	0.6990000000000001	0.6920000000000001	0.664	0.239	0.309	0.21	0.254	0.21	0.051	0.051	0.057	0.057	0.054000000000000006	0.667	0.6779999999999999	0.657	0.665	0.665
8.23	0.212	0.293	0.209	0.249	0.358	0.057	0.05	0.054000000000000006	0.057	0.054000000000000006	0.711	0.705	0.7190000000000001	0.7020000000000001	0.6890000000000001	0.263	0.299	0.23399999999999999	0.268	0.245	0.055	0.05	0.054000000000000006	0.055999999999999994	0.055	0.715	0.718	0.73	0.718	0.693	0.26	0.315	0.23	0.267	0.228	0.052000000000000005	0.051	0.057999999999999996	0.057	0.055	0.6940000000000001	0.701	0.685	0.6940000000000001	0.696
8.5	0.23	0.29600000000000004	0.221	0.287	0.242	0.057	0.05	0.054000000000000006	0.057999999999999996	0.054000000000000006	0.736	0.73	0.7440000000000001	0.726	0.7170000000000001	0.282	0.302	0.251	0.27399999999999997	0.252	0.055999999999999994	0.051	0.054000000000000006	0.057	0.055	0.738	0.743	0.754	0.741	0.718	0.27899999999999997	0.316	0.24600000000000002	0.273	0.243	0.052000000000000005	0.051	0.057999999999999996	0.057999999999999996	0.055	0.7140000000000001	0.722	0.708	0.7170000000000001	0.721
8.77	0.24600000000000002	0.299	0.23600000000000002	0.268	0.415	0.057999999999999996	0.05	0.055	0.057999999999999996	0.055	0.755	0.746	0.764	0.745	0.7390000000000001	0.29600000000000004	0.308	0.268	0.276	0.264	0.055999999999999994	0.051	0.054000000000000006	0.057999999999999996	0.055	0.757	0.754	0.772	0.76	0.74	0.293	0.318	0.259	0.275	0.255	0.053	0.051	0.059000000000000004	0.059000000000000004	0.055	0.732	0.7390000000000001	0.727	0.736	0.741
9.02	0.259	0.301	0.25	0.272	0.242	0.057999999999999996	0.051	0.055	0.059000000000000004	0.054000000000000006	0.773	0.7609999999999999	0.78	0.7609999999999999	0.757	0.299	0.312	0.275	0.276	0.275	0.057	0.051	0.055	0.059000000000000004	0.055999999999999994	0.7709999999999999	0.767	0.787	0.775	0.755	0.3	0.322	0.272	0.27399999999999997	0.261	0.053	0.052000000000000005	0.059000000000000004	0.059000000000000004	0.055999999999999994	0.748	0.753	0.742	0.754	0.76
9.28	0.267	0.305	0.258	0.273	0.251	0.057999999999999996	0.051	0.055999999999999994	0.06	0.055	0.7859999999999999	0.773	0.794	0.775	0.772	0.298	0.318	0.27899999999999997	0.275	0.26899999999999996	0.057	0.052000000000000005	0.055999999999999994	0.059000000000000004	0.055999999999999994	0.7829999999999999	0.778	0.8009999999999999	0.789	0.77	0.299	0.327	0.27699999999999997	0.273	0.261	0.053	0.052000000000000005	0.059000000000000004	0.06	0.055999999999999994	0.76	0.763	0.758	0.77	0.775
9.55	0.26899999999999996	0.308	0.261	0.27399999999999997	0.48100000000000004	0.059000000000000004	0.051	0.055999999999999994	0.06	0.055999999999999994	0.7979999999999999	0.7809999999999999	0.807	0.787	0.7859999999999999	0.29600000000000004	0.322	0.28	0.278	0.263	0.057	0.052000000000000005	0.055999999999999994	0.06	0.055999999999999994	0.7929999999999999	0.787	0.8109999999999999	0.8009999999999999	0.7829999999999999	0.295	0.332	0.27699999999999997	0.273	0.257	0.054000000000000006	0.052000000000000005	0.06	0.061	0.057	0.769	0.7709999999999999	0.767	0.782	0.79
9.82	0.268	0.311	0.261	0.27399999999999997	0.324	0.059000000000000004	0.052000000000000005	0.057	0.061	0.055999999999999994	0.809	0.7929999999999999	0.816	0.799	0.7959999999999999	0.295	0.326	0.28	0.276	0.259	0.057999999999999996	0.052000000000000005	0.057	0.061	0.057	0.802	0.7959999999999999	0.82	0.812	0.7929999999999999	0.294	0.33399999999999996	0.27899999999999997	0.275	0.256	0.054000000000000006	0.052000000000000005	0.06	0.061	0.057	0.78	0.782	0.778	0.792	0.802
10.07	0.26899999999999996	0.315	0.263	0.27699999999999997	0.34700000000000003	0.059000000000000004	0.052000000000000005	0.057	0.062	0.057	0.8170000000000001	0.8	0.825	0.8059999999999999	0.807	0.298	0.331	0.28	0.278	0.258	0.057999999999999996	0.052000000000000005	0.057	0.062	0.057999999999999996	0.812	0.804	0.83	0.818	0.804	0.294	0.33799999999999997	0.27899999999999997	0.27699999999999997	0.254	0.054000000000000006	0.053	0.061	0.062	0.057	0.787	0.7879999999999999	0.7859999999999999	0.8029999999999999	0.81
10.33	0.26899999999999996	0.318	0.264	0.28	0.29100000000000004	0.06	0.052000000000000005	0.057	0.063	0.057	0.825	0.8079999999999999	0.833	0.815	0.816	0.29600000000000004	0.332	0.281	0.28300000000000003	0.258	0.059000000000000004	0.053	0.057999999999999996	0.062	0.057999999999999996	0.82	0.812	0.8370000000000001	0.826	0.8109999999999999	0.295	0.341	0.28	0.281	0.253	0.055	0.053	0.061	0.063	0.057999999999999996	0.797	0.797	0.795	0.8109999999999999	0.818
10.6	0.272	0.321	0.266	0.282	0.248	0.06	0.053	0.057999999999999996	0.063	0.057999999999999996	0.835	0.818	0.843	0.8240000000000001	0.8240000000000001	0.298	0.335	0.284	0.287	0.26	0.059000000000000004	0.053	0.057999999999999996	0.063	0.057999999999999996	0.83	0.821	0.846	0.835	0.8190000000000001	0.297	0.344	0.282	0.285	0.255	0.055	0.053	0.062	0.064	0.057999999999999996	0.8029999999999999	0.805	0.8009999999999999	0.82	0.8270000000000001
10.85	0.273	0.32299999999999995	0.268	0.287	0.685	0.061	0.053	0.059000000000000004	0.064	0.057999999999999996	0.84	0.823	0.8490000000000001	0.8320000000000001	0.831	0.3	0.33799999999999997	0.287	0.29100000000000004	0.263	0.06	0.053	0.059000000000000004	0.064	0.059000000000000004	0.8370000000000001	0.8290000000000001	0.8540000000000001	0.843	0.825	0.299	0.34600000000000003	0.284	0.29100000000000004	0.256	0.055999999999999994	0.054000000000000006	0.062	0.065	0.059000000000000004	0.809	0.813	0.81	0.828	0.835
11.12	0.275	0.324	0.27	0.292	0.44	0.061	0.053	0.059000000000000004	0.065	0.059000000000000004	0.853	0.833	0.858	0.8370000000000001	0.8390000000000001	0.303	0.34	0.29	0.297	0.262	0.06	0.054000000000000006	0.059000000000000004	0.065	0.059000000000000004	0.847	0.8370000000000001	0.861	0.848	0.833	0.301	0.349	0.287	0.295	0.257	0.055999999999999994	0.054000000000000006	0.063	0.066	0.059000000000000004	0.821	0.821	0.8170000000000001	0.833	0.841
11.38	0.27699999999999997	0.325	0.273	0.305	0.425	0.062	0.053	0.06	0.066	0.059000000000000004	0.863	0.843	0.866	0.845	0.848	0.305	0.342	0.292	0.304	0.262	0.061	0.054000000000000006	0.06	0.066	0.06	0.857	0.848	0.871	0.857	0.8420000000000001	0.303	0.349	0.289	0.302	0.258	0.055999999999999994	0.055	0.064	0.067	0.06	0.828	0.83	0.825	0.84	0.851
11.63	0.27899999999999997	0.327	0.276	0.305	0.36	0.062	0.054000000000000006	0.06	0.067	0.06	0.8690000000000001	0.851	0.877	0.853	0.86	0.307	0.344	0.29600000000000004	0.31	0.265	0.061	0.054000000000000006	0.061	0.068	0.06	0.8690000000000001	0.8590000000000001	0.8809999999999999	0.865	0.8540000000000001	0.304	0.35100000000000003	0.29100000000000004	0.307	0.259	0.057	0.055	0.064	0.068	0.061	0.8390000000000001	0.8420000000000001	0.835	0.848	0.862
11.9	0.281	0.32899999999999996	0.278	0.309	0.5760000000000001	0.063	0.054000000000000006	0.061	0.068	0.06	0.882	0.862	0.888	0.863	0.87	0.31	0.345	0.298	0.317	0.267	0.062	0.055	0.061	0.069	0.061	0.882	0.875	0.894	0.875	0.866	0.308	0.353	0.295	0.314	0.261	0.057	0.055	0.065	0.069	0.061	0.853	0.857	0.851	0.857	0.875
12.17	0.28300000000000003	0.33	0.28	0.34600000000000003	0.275	0.063	0.055	0.061	0.069	0.061	0.8959999999999999	0.879	0.903	0.873	0.883	0.313	0.34600000000000003	0.301	0.322	0.268	0.063	0.055	0.062	0.07	0.061	0.9	0.892	0.91	0.8859999999999999	0.882	0.311	0.354	0.297	0.319	0.264	0.057	0.055999999999999994	0.065	0.07	0.061	0.875	0.8740000000000001	0.86	0.87	0.8909999999999999
12.43	0.28600000000000003	0.331	0.284	0.32	0.69	0.064	0.055	0.062	0.071	0.061	0.9229999999999999	0.9	0.92	0.888	0.903	0.315	0.348	0.303	0.327	0.272	0.063	0.055999999999999994	0.062	0.071	0.062	0.93	0.9209999999999999	0.924	0.903	0.897	0.314	0.355	0.299	0.325	0.265	0.057999999999999996	0.055999999999999994	0.066	0.07200000000000001	0.062	0.897	0.91	0.878	0.883	0.9059999999999999
12.68	0.28800000000000003	0.332	0.28600000000000003	0.33799999999999997	0.276	0.065	0.055	0.063	0.07200000000000001	0.061	0.955	0.9329999999999999	0.9440000000000001	0.907	0.925	0.318	0.35100000000000003	0.305	0.331	0.275	0.064	0.055999999999999994	0.063	0.07200000000000001	0.063	0.961	0.9470000000000001	0.9470000000000001	0.919	0.919	0.317	0.35700000000000004	0.303	0.32899999999999996	0.27	0.059000000000000004	0.057	0.067	0.073	0.063	0.94	0.9390000000000001	0.902	0.899	0.929
12.95	0.289	0.33299999999999996	0.289	0.33	0.331	0.066	0.055999999999999994	0.063	0.073	0.062	0.987	0.963	0.971	0.93	0.9520000000000001	0.321	0.35100000000000003	0.307	0.336	0.27699999999999997	0.065	0.057	0.064	0.07400000000000001	0.064	0.992	0.978	0.975	0.941	0.9470000000000001	0.319	0.358	0.305	0.33399999999999996	0.273	0.059000000000000004	0.057	0.067	0.07400000000000001	0.063	0.966	0.965	0.929	0.9209999999999999	0.9590000000000001
13.22	0.29100000000000004	0.33399999999999996	0.29100000000000004	0.33899999999999997	0.276	0.066	0.055999999999999994	0.064	0.07400000000000001	0.063	1.014	0.9890000000000001	0.9940000000000001	0.9570000000000001	0.975	0.324	0.353	0.31	0.341	0.281	0.065	0.057	0.064	0.075	0.064	1.0170000000000001	1.002	0.998	0.9690000000000001	0.9690000000000001	0.321	0.359	0.307	0.337	0.275	0.059000000000000004	0.057	0.068	0.075	0.064	0.9890000000000001	0.986	0.948	0.95	0.98
13.47	0.293	0.336	0.293	0.33899999999999997	0.28800000000000003	0.067	0.055999999999999994	0.064	0.076	0.064	1.036	1.01	1.015	0.978	0.997	0.325	0.354	0.311	0.341	0.284	0.066	0.057	0.065	0.076	0.065	1.034	1.021	1.0190000000000001	0.992	0.988	0.32299999999999995	0.36	0.309	0.34	0.28	0.06	0.057999999999999996	0.064	0.076	0.064	1.003	1.0	0.971	0.971	0.9990000000000001
13.73	0.29600000000000004	0.336	0.295	0.364	0.696	0.067	0.055999999999999994	0.065	0.077	0.064	1.048	1.024	1.032	0.9990000000000001	1.012	0.327	0.355	0.313	0.34700000000000003	0.285	0.067	0.057999999999999996	0.066	0.078	0.065	1.045	1.031	1.033	1.008	1.001	0.326	0.36200000000000004	0.31	0.34299999999999997	0.282	0.06	0.057999999999999996	0.065	0.078	0.065	1.013	1.011	0.985	0.9890000000000001	1.011
14.0	0.295	0.33799999999999997	0.298	0.348	0.282	0.068	0.057	0.066	0.079	0.065	1.057	1.035	1.042	1.013	1.023	0.32899999999999996	0.358	0.316	0.348	0.28800000000000003	0.067	0.057999999999999996	0.066	0.08	0.067	1.053	1.041	1.043	1.02	1.01	0.327	0.36200000000000004	0.311	0.34700000000000003	0.285	0.061	0.059000000000000004	0.065	0.079	0.066	1.021	1.021	0.993	1.002	1.0190000000000001
14.27	0.297	0.33899999999999997	0.298	0.348	0.518	0.069	0.057999999999999996	0.066	0.08	0.066	1.0659999999999998	1.044	1.051	1.022	1.032	0.33	0.36	0.317	0.35200000000000004	0.29	0.068	0.059000000000000004	0.068	0.081	0.067	1.061	1.051	1.051	1.0290000000000001	1.018	0.32899999999999996	0.363	0.315	0.35	0.28800000000000003	0.062	0.059000000000000004	0.066	0.081	0.066	1.03	1.032	1.001	1.0090000000000001	1.0270000000000001
14.52	0.297	0.33899999999999997	0.301	0.355	0.292	0.069	0.057999999999999996	0.067	0.08199999999999999	0.066	1.074	1.054	1.058	1.0290000000000001	1.0390000000000001	0.332	0.361	0.318	0.353	0.292	0.069	0.059000000000000004	0.068	0.083	0.068	1.07	1.062	1.058	1.036	1.025	0.33	0.365	0.315	0.35200000000000004	0.289	0.062	0.059000000000000004	0.066	0.08199999999999999	0.067	1.04	1.044	1.0090000000000001	1.016	1.034
14.78	0.299	0.341	0.302	0.353	0.345	0.07	0.059000000000000004	0.067	0.083	0.067	1.084	1.065	1.068	1.037	1.048	0.33299999999999996	0.361	0.321	0.355	0.294	0.07	0.059000000000000004	0.069	0.084	0.069	1.078	1.07	1.067	1.044	1.034	0.332	0.36700000000000005	0.317	0.354	0.29100000000000004	0.063	0.06	0.067	0.084	0.068	1.051	1.053	1.018	1.024	1.045
15.05	0.3	0.342	0.305	0.376	0.47700000000000004	0.07200000000000001	0.059000000000000004	0.068	0.085	0.068	1.094	1.075	1.078	1.045	1.057	0.335	0.364	0.32299999999999995	0.35700000000000004	0.29600000000000004	0.071	0.06	0.07	0.086	0.069	1.089	1.08	1.077	1.051	1.043	0.33299999999999996	0.37	0.319	0.35600000000000004	0.293	0.063	0.06	0.067	0.086	0.069	1.062	1.065	1.0290000000000001	1.032	1.055
15.3	0.301	0.34299999999999997	0.305	0.358	0.324	0.07200000000000001	0.06	0.069	0.086	0.069	1.104	1.085	1.089	1.053	1.068	0.336	0.365	0.325	0.361	0.297	0.07200000000000001	0.061	0.071	0.08800000000000001	0.07	1.0979999999999999	1.091	1.088	1.06	1.052	0.33399999999999996	0.37	0.321	0.358	0.295	0.064	0.061	0.069	0.087	0.07	1.073	1.075	1.04	1.042	1.0659999999999998
15.57	0.302	0.344	0.307	0.361	0.316	0.073	0.06	0.07	0.08800000000000001	0.07	1.115	1.095	1.1	1.063	1.079	0.33899999999999997	0.366	0.325	0.363	0.299	0.073	0.061	0.07200000000000001	0.091	0.07200000000000001	1.109	1.1	1.0979999999999999	1.069	1.063	0.335	0.371	0.32299999999999995	0.361	0.297	0.065	0.062	0.069	0.08900000000000001	0.071	1.085	1.088	1.053	1.054	1.079
15.83	0.302	0.344	0.309	0.363	0.29	0.073	0.06	0.07	0.09	0.07	1.126	1.107	1.111	1.072	1.09	0.33899999999999997	0.368	0.32799999999999996	0.366	0.3	0.07400000000000001	0.061	0.073	0.092	0.07200000000000001	1.12	1.111	1.11	1.078	1.073	0.33799999999999997	0.374	0.325	0.363	0.298	0.065	0.062	0.07	0.091	0.07200000000000001	1.0959999999999999	1.099	1.064	1.063	1.09
16.1	0.303	0.34600000000000003	0.31	0.365	0.569	0.075	0.061	0.071	0.092	0.071	1.139	1.1179999999999999	1.124	1.082	1.101	0.34	0.37	0.32899999999999996	0.368	0.301	0.07400000000000001	0.062	0.07400000000000001	0.095	0.07400000000000001	1.133	1.122	1.122	1.087	1.085	0.33799999999999997	0.375	0.326	0.36700000000000005	0.3	0.067	0.064	0.071	0.09300000000000001	0.07200000000000001	1.1079999999999999	1.111	1.0759999999999998	1.073	1.102
16.35	0.303	0.34700000000000003	0.311	0.392	0.363	0.075	0.062	0.07200000000000001	0.094	0.07200000000000001	1.1540000000000001	1.1320000000000001	1.136	1.091	1.113	0.342	0.371	0.331	0.37	0.303	0.076	0.063	0.075	0.09699999999999999	0.075	1.147	1.137	1.1340000000000001	1.097	1.095	0.33899999999999997	0.376	0.32899999999999996	0.36700000000000005	0.306	0.067	0.064	0.071	0.095	0.073	1.117	1.125	1.088	1.082	1.113
16.62	0.304	0.348	0.312	0.371	0.295	0.076	0.063	0.07200000000000001	0.09699999999999999	0.073	1.16	1.1440000000000001	1.147	1.1	1.123	0.344	0.373	0.332	0.37200000000000005	0.305	0.077	0.064	0.076	0.1	0.076	1.15	1.1440000000000001	1.146	1.105	1.1059999999999999	0.341	0.377	0.33	0.37	0.303	0.068	0.065	0.073	0.09699999999999999	0.07400000000000001	1.119	1.127	1.1	1.092	1.125
16.88	0.306	0.349	0.313	0.37200000000000005	0.369	0.077	0.064	0.073	0.098	0.073	1.158	1.147	1.16	1.109	1.133	0.345	0.375	0.33399999999999996	0.375	0.306	0.078	0.064	0.076	0.10099999999999999	0.077	1.148	1.145	1.159	1.113	1.1159999999999999	0.34299999999999997	0.38	0.331	0.373	0.305	0.069	0.065	0.073	0.099	0.075	1.117	1.126	1.112	1.101	1.136
17.13	0.305	0.35	0.315	0.396	0.295	0.078	0.064	0.07400000000000001	0.10099999999999999	0.07400000000000001	1.155	1.1440000000000001	1.172	1.117	1.1440000000000001	0.345	0.376	0.336	0.377	0.308	0.079	0.065	0.078	0.10400000000000001	0.078	1.1440000000000001	1.1420000000000001	1.171	1.122	1.126	0.34299999999999997	0.38	0.33399999999999996	0.375	0.307	0.069	0.066	0.07400000000000001	0.10099999999999999	0.076	1.0859999999999999	1.122	1.124	1.109	1.146
17.4	0.308	0.35100000000000003	0.316	0.377	0.326	0.08	0.065	0.076	0.10400000000000001	0.075	1.15	1.14	1.176	1.125	1.153	0.34600000000000003	0.377	0.34	0.38	0.311	0.08	0.065	0.079	0.107	0.08	1.139	1.137	1.175	1.129	1.136	0.345	0.382	0.335	0.377	0.309	0.071	0.067	0.075	0.10300000000000001	0.077	1.11	1.1179999999999999	1.128	1.117	1.157
17.67	0.308	0.35200000000000004	0.317	0.379	0.305	0.081	0.065	0.077	0.105	0.075	1.145	1.136	1.1740000000000002	1.1340000000000001	1.161	0.349	0.38	0.341	0.38299999999999995	0.312	0.08199999999999999	0.067	0.08	0.109	0.08	1.135	1.1340000000000001	1.173	1.139	1.1440000000000001	0.34600000000000003	0.384	0.337	0.382	0.319	0.071	0.067	0.076	0.106	0.078	1.11	1.114	1.125	1.126	1.163
17.93	0.309	0.353	0.319	0.39399999999999996	0.504	0.08199999999999999	0.066	0.077	0.10800000000000001	0.076	1.14	1.1320000000000001	1.167	1.141	1.161	0.35	0.379	0.34299999999999997	0.386	0.315	0.083	0.067	0.081	0.111	0.08199999999999999	1.13	1.129	1.167	1.148	1.1440000000000001	0.348	0.385	0.34	0.384	0.313	0.07200000000000001	0.068	0.077	0.10800000000000001	0.079	1.107	1.109	1.121	1.1340000000000001	1.162
18.18	0.309	0.354	0.321	0.406	0.479	0.08199999999999999	0.066	0.078	0.111	0.078	1.136	1.127	1.162	1.15	1.157	0.35200000000000004	0.381	0.34600000000000003	0.38799999999999996	0.317	0.084	0.068	0.084	0.114	0.084	1.126	1.126	1.162	1.158	1.141	0.35	0.386	0.34299999999999997	0.385	0.316	0.073	0.069	0.078	0.11	0.08	1.102	1.105	1.115	1.1440000000000001	1.158
18.45	0.31	0.354	0.32299999999999995	0.387	0.5660000000000001	0.084	0.067	0.081	0.113	0.079	1.131	1.123	1.155	1.158	1.1520000000000001	0.353	0.38299999999999995	0.349	0.395	0.324	0.085	0.069	0.084	0.11699999999999999	0.085	1.122	1.122	1.155	1.163	1.135	0.35100000000000003	0.389	0.34600000000000003	0.39	0.32	0.07400000000000001	0.07	0.079	0.113	0.08199999999999999	1.0979999999999999	1.101	1.109	1.151	1.1540000000000001
18.72	0.311	0.355	0.325	0.391	0.609	0.086	0.067	0.081	0.11599999999999999	0.079	1.127	1.119	1.15	1.159	1.147	0.354	0.38299999999999995	0.35100000000000003	0.395	0.324	0.087	0.07	0.086	0.11900000000000001	0.086	1.119	1.1179999999999999	1.149	1.163	1.13	0.353	0.389	0.348	0.39399999999999996	0.322	0.075	0.071	0.08	0.115	0.084	1.094	1.0959999999999999	1.103	1.1520000000000001	1.148
18.97	0.311	0.355	0.326	0.46399999999999997	0.348	0.087	0.068	0.083	0.11699999999999999	0.08	1.123	1.115	1.1440000000000001	1.158	1.141	0.35700000000000004	0.386	0.354	0.39899999999999997	0.32799999999999996	0.08800000000000001	0.07	0.087	0.122	0.08800000000000001	1.114	1.115	1.1440000000000001	1.161	1.125	0.354	0.39	0.35	0.39799999999999996	0.326	0.076	0.07200000000000001	0.081	0.11699999999999999	0.085	1.09	1.093	1.097	1.151	1.143
19.23	0.312	0.35600000000000004	0.327	0.397	0.44799999999999995	0.08800000000000001	0.069	0.084	0.121	0.08199999999999999	1.12	1.112	1.138	1.156	1.137	0.359	0.387	0.355	0.40299999999999997	0.331	0.09	0.071	0.08800000000000001	0.125	0.09	1.111	1.111	1.139	1.158	1.119	0.35700000000000004	0.392	0.353	0.402	0.32899999999999996	0.077	0.073	0.083	0.11900000000000001	0.086	1.087	1.09	1.092	1.15	1.138
19.5	0.313	0.35700000000000004	0.32899999999999996	0.401	0.345	0.08900000000000001	0.07	0.085	0.12300000000000001	0.083	1.117	1.109	1.1340000000000001	1.1520000000000001	1.1320000000000001	0.36	0.38799999999999996	0.359	0.405	0.33399999999999996	0.091	0.07200000000000001	0.08900000000000001	0.128	0.091	1.1079999999999999	1.109	1.133	1.1540000000000001	1.114	0.35700000000000004	0.39299999999999996	0.355	0.405	0.331	0.078	0.073	0.084	0.122	0.08800000000000001	1.085	1.087	1.087	1.147	1.133
19.75	0.313	0.35700000000000004	0.331	0.405	0.397	0.091	0.071	0.086	0.126	0.084	1.114	1.105	1.129	1.14	1.127	0.36	0.389	0.36200000000000004	0.41200000000000003	0.33799999999999997	0.09300000000000001	0.073	0.092	0.132	0.09300000000000001	1.105	1.1059999999999999	1.129	1.15	1.109	0.36	0.395	0.358	0.408	0.344	0.079	0.07400000000000001	0.086	0.124	0.09	1.083	1.084	1.083	1.143	1.128
20.02	0.313	0.358	0.33299999999999996	0.406	0.348	0.092	0.071	0.087	0.129	0.085	1.111	1.102	1.124	1.146	1.122	0.363	0.389	0.365	0.41700000000000004	0.341	0.095	0.07400000000000001	0.09300000000000001	0.134	0.095	1.102	1.102	1.124	1.146	1.102	0.36	0.395	0.361	0.413	0.337	0.08	0.075	0.087	0.126	0.091	1.081	1.08	1.077	1.139	1.123
20.28	0.313	0.358	0.335	0.41200000000000003	0.306	0.094	0.07200000000000001	0.08900000000000001	0.132	0.087	1.1079999999999999	1.099	1.12	1.143	1.117	0.364	0.392	0.368	0.419	0.344	0.096	0.075	0.095	0.13699999999999998	0.09699999999999999	1.1	1.099	1.119	1.141	1.101	0.36200000000000004	0.396	0.364	0.418	0.341	0.081	0.076	0.08900000000000001	0.129	0.092	1.078	1.077	1.073	1.135	1.1179999999999999
20.55	0.312	0.359	0.336	0.415	0.312	0.095	0.073	0.09	0.134	0.08900000000000001	1.105	1.0959999999999999	1.115	1.14	1.113	0.365	0.39299999999999996	0.371	0.423	0.34700000000000003	0.098	0.076	0.098	0.14	0.099	1.097	1.097	1.115	1.137	1.0979999999999999	0.363	0.397	0.36700000000000005	0.423	0.344	0.083	0.077	0.09	0.131	0.094	1.075	1.074	1.069	1.129	1.113
20.8	0.312	0.358	0.33899999999999997	0.418	0.374	0.096	0.07400000000000001	0.09	0.13699999999999998	0.09	1.102	1.093	1.11	1.136	1.1079999999999999	0.36700000000000005	0.392	0.37200000000000005	0.429	0.35	0.1	0.077	0.099	0.14300000000000002	0.10099999999999999	1.094	1.094	1.11	1.1320000000000001	1.094	0.364	0.39799999999999996	0.37	0.426	0.348	0.084	0.079	0.092	0.133	0.096	1.072	1.071	1.064	1.122	1.1079999999999999
21.07	0.313	0.361	0.341	0.42100000000000004	0.397	0.098	0.07400000000000001	0.092	0.139	0.091	1.1	1.089	1.105	1.1320000000000001	1.104	0.36700000000000005	0.39399999999999996	0.375	0.433	0.354	0.102	0.078	0.102	0.146	0.10300000000000001	1.092	1.09	1.1059999999999999	1.127	1.09	0.365	0.39899999999999997	0.37200000000000005	0.43	0.35	0.086	0.079	0.094	0.136	0.09699999999999999	1.068	1.067	1.06	1.119	1.105
21.33	0.31	0.36	0.342	0.42700000000000005	0.467	0.099	0.076	0.094	0.142	0.092	1.0979999999999999	1.0859999999999999	1.102	1.129	1.1	0.368	0.395	0.377	0.436	0.35600000000000004	0.10400000000000001	0.079	0.10300000000000001	0.149	0.105	1.091	1.088	1.102	1.124	1.087	0.366	0.39899999999999997	0.374	0.434	0.355	0.087	0.08	0.095	0.138	0.099	1.065	1.064	1.056	1.115	1.1
21.58	0.31	0.36	0.34299999999999997	0.429	0.6409999999999999	0.102	0.077	0.095	0.145	0.094	1.0959999999999999	1.083	1.0979999999999999	1.125	1.0959999999999999	0.37	0.396	0.381	0.44	0.36	0.106	0.081	0.105	0.153	0.107	1.089	1.0859999999999999	1.0979999999999999	1.12	1.083	0.36700000000000005	0.4	0.377	0.43700000000000006	0.35600000000000004	0.08800000000000001	0.08199999999999999	0.09699999999999999	0.141	0.102	1.062	1.061	1.052	1.11	1.095
21.85	0.308	0.36	0.345	0.43200000000000005	0.643	0.10400000000000001	0.077	0.096	0.14800000000000002	0.096	1.093	1.081	1.094	1.122	1.092	0.37	0.395	0.38299999999999995	0.444	0.363	0.10800000000000001	0.08199999999999999	0.107	0.155	0.109	1.087	1.083	1.094	1.117	1.079	0.368	0.4	0.379	0.439	0.359	0.08900000000000001	0.083	0.098	0.14400000000000002	0.10400000000000001	1.0590000000000002	1.058	1.048	1.107	1.092
22.12	0.308	0.36	0.34600000000000003	0.434	0.353	0.106	0.079	0.098	0.15	0.098	1.09	1.078	1.09	1.119	1.088	0.371	0.396	0.384	0.446	0.365	0.109	0.08199999999999999	0.10800000000000001	0.159	0.11199999999999999	1.084	1.081	1.09	1.114	1.0759999999999998	0.369	0.402	0.38299999999999995	0.444	0.374	0.092	0.084	0.10099999999999999	0.146	0.106	1.057	1.055	1.044	1.103	1.088
22.38	0.306	0.361	0.348	0.43799999999999994	0.324	0.107	0.079	0.1	0.153	0.099	1.088	1.075	1.087	1.117	1.085	0.373	0.396	0.38799999999999996	0.449	0.36700000000000005	0.11199999999999999	0.084	0.113	0.163	0.114	1.082	1.079	1.0859999999999999	1.11	1.073	0.371	0.402	0.385	0.445	0.364	0.09300000000000001	0.085	0.10300000000000001	0.149	0.107	1.054	1.051	1.04	1.1	1.084
22.63	0.306	0.36	0.35	0.44	0.46799999999999997	0.10800000000000001	0.08	0.102	0.156	0.10099999999999999	1.085	1.072	1.083	1.113	1.081	0.374	0.397	0.39	0.449	0.37	0.114	0.085	0.115	0.165	0.11699999999999999	1.079	1.0759999999999998	1.083	1.107	1.069	0.371	0.402	0.38799999999999996	0.44799999999999995	0.36700000000000005	0.094	0.086	0.105	0.152	0.109	1.05	1.0490000000000002	1.037	1.097	1.08
22.9	0.304	0.359	0.35	0.44	0.524	0.11	0.08199999999999999	0.10300000000000001	0.159	0.10300000000000001	1.083	1.069	1.08	1.11	1.078	0.375	0.39799999999999996	0.392	0.452	0.374	0.11699999999999999	0.086	0.11800000000000001	0.16899999999999998	0.12	1.077	1.0759999999999998	1.08	1.104	1.0659999999999998	0.37200000000000005	0.40299999999999997	0.39	0.449	0.418	0.096	0.08800000000000001	0.107	0.154	0.111	1.048	1.046	1.033	1.093	1.077
23.17	0.303	0.359	0.35200000000000004	0.444	0.342	0.11199999999999999	0.083	0.105	0.162	0.10400000000000001	1.08	1.0659999999999998	1.077	1.107	1.074	0.375	0.39899999999999997	0.39399999999999996	0.452	0.376	0.11900000000000001	0.087	0.12	0.172	0.121	1.075	1.071	1.077	1.101	1.063	0.373	0.402	0.392	0.451	0.42200000000000004	0.098	0.08900000000000001	0.109	0.156	0.114	1.045	1.043	1.03	1.089	1.073
23.42	0.301	0.36	0.353	0.455	0.336	0.114	0.084	0.107	0.165	0.106	1.078	1.064	1.074	1.104	1.071	0.377	0.39899999999999997	0.397	0.45299999999999996	0.37799999999999995	0.121	0.08800000000000001	0.122	0.17300000000000001	0.125	1.072	1.069	1.074	1.0979999999999999	1.06	0.374	0.40299999999999997	0.39399999999999996	0.45	0.374	0.1	0.091	0.111	0.159	0.11599999999999999	1.042	1.041	1.0270000000000001	1.085	1.069
23.68	0.302	0.359	0.353	0.44299999999999995	0.653	0.11599999999999999	0.086	0.11	0.168	0.107	1.075	1.061	1.071	1.101	1.068	0.37799999999999995	0.39799999999999996	0.39799999999999996	0.45399999999999996	0.38	0.12300000000000001	0.09	0.124	0.177	0.127	1.07	1.0659999999999998	1.07	1.094	1.057	0.374	0.40299999999999997	0.397	0.451	0.377	0.102	0.092	0.113	0.161	0.11800000000000001	1.04	1.038	1.024	1.082	1.0659999999999998
23.95	0.3	0.358	0.354	0.44299999999999995	0.563	0.12	0.086	0.11199999999999999	0.17	0.109	1.073	1.0590000000000002	1.067	1.0979999999999999	1.065	0.37799999999999995	0.39799999999999996	0.402	0.455	0.382	0.126	0.091	0.129	0.18	0.129	1.068	1.0659999999999998	1.068	1.092	1.055	0.376	0.40299999999999997	0.39899999999999997	0.45	0.379	0.10300000000000001	0.09300000000000001	0.11599999999999999	0.16399999999999998	0.12	1.038	1.036	1.021	1.079	1.063
24.22	0.299	0.36	0.35600000000000004	0.44299999999999995	0.728	0.121	0.08800000000000001	0.115	0.174	0.111	1.07	1.056	1.065	1.095	1.062	0.37799999999999995	0.39799999999999996	0.40299999999999997	0.456	0.385	0.127	0.09300000000000001	0.129	0.183	0.132	1.0659999999999998	1.062	1.065	1.088	1.052	0.377	0.40299999999999997	0.402	0.452	0.382	0.105	0.095	0.11800000000000001	0.166	0.122	1.035	1.033	1.018	1.075	1.0590000000000002
24.47	0.298	0.359	0.35700000000000004	0.442	0.32899999999999996	0.124	0.08900000000000001	0.11699999999999999	0.17600000000000002	0.11199999999999999	1.069	1.054	1.062	1.093	1.0590000000000002	0.38	0.39799999999999996	0.405	0.457	0.386	0.13	0.095	0.133	0.187	0.135	1.064	1.06	1.062	1.0859999999999999	1.0490000000000002	0.37799999999999995	0.402	0.40299999999999997	0.452	0.386	0.107	0.096	0.12	0.17	0.125	1.032	1.03	1.015	1.071	1.056
24.73	0.297	0.35700000000000004	0.359	0.465	0.33799999999999997	0.126	0.09	0.11900000000000001	0.18	0.114	1.0659999999999998	1.051	1.0590000000000002	1.09	1.056	0.38	0.397	0.408	0.457	0.39799999999999996	0.132	0.095	0.135	0.18899999999999997	0.138	1.062	1.058	1.0590000000000002	1.082	1.047	0.37799999999999995	0.402	0.405	0.452	0.386	0.109	0.09699999999999999	0.122	0.17300000000000001	0.126	1.03	1.0270000000000001	1.012	1.067	1.052
25.0	0.295	0.358	0.36	0.47100000000000003	0.49200000000000005	0.128	0.092	0.122	0.182	0.11599999999999999	1.064	1.05	1.056	1.087	1.054	0.382	0.4	0.409	0.457	0.39	0.135	0.098	0.138	0.191	0.141	1.06	1.056	1.057	1.08	1.045	0.379	0.40299999999999997	0.406	0.452	0.387	0.11199999999999999	0.1	0.125	0.175	0.129	1.0270000000000001	1.025	1.0090000000000001	1.064	1.0490000000000002
25.25	0.294	0.35700000000000004	0.361	0.44799999999999995	0.335	0.132	0.09300000000000001	0.125	0.185	0.11800000000000001	1.062	1.048	1.053	1.084	1.051	0.38299999999999995	0.39799999999999996	0.41200000000000003	0.45899999999999996	0.392	0.138	0.098	0.14	0.19399999999999998	0.14300000000000002	1.058	1.055	1.055	1.077	1.043	0.381	0.40299999999999997	0.409	0.452	0.42100000000000004	0.113	0.10099999999999999	0.128	0.17800000000000002	0.13	1.025	1.024	1.006	1.061	1.046
25.52	0.293	0.358	0.361	0.46	0.32799999999999996	0.133	0.095	0.127	0.187	0.11900000000000001	1.06	1.045	1.051	1.081	1.048	0.38299999999999995	0.39899999999999997	0.41200000000000003	0.45799999999999996	0.395	0.141	0.10099999999999999	0.142	0.19699999999999998	0.145	1.056	1.053	1.052	1.074	1.04	0.379	0.40299999999999997	0.41100000000000003	0.451	0.44799999999999995	0.114	0.102	0.131	0.18100000000000002	0.134	1.021	1.02	1.002	1.057	1.044
25.78	0.29100000000000004	0.35600000000000004	0.363	0.436	0.38299999999999995	0.136	0.096	0.13	0.19	0.121	1.058	1.043	1.048	1.079	1.047	0.385	0.39799999999999996	0.415	0.45899999999999996	0.395	0.14400000000000002	0.102	0.14400000000000002	0.19899999999999998	0.14800000000000002	1.054	1.051	1.0490000000000002	1.071	1.0390000000000001	0.382	0.40299999999999997	0.41200000000000003	0.452	0.392	0.11699999999999999	0.10300000000000001	0.133	0.184	0.136	1.0190000000000001	1.018	1.0	1.053	1.041
26.05	0.289	0.355	0.363	0.435	0.49200000000000005	0.139	0.09699999999999999	0.133	0.193	0.12300000000000001	1.056	1.041	1.046	1.0759999999999998	1.044	0.386	0.397	0.41700000000000004	0.456	0.396	0.145	0.10400000000000001	0.14800000000000002	0.203	0.152	1.052	1.048	1.046	1.068	1.037	0.38299999999999995	0.40299999999999997	0.415	0.451	0.39299999999999996	0.11800000000000001	0.105	0.136	0.187	0.13699999999999998	1.0170000000000001	1.015	0.997	1.05	1.038
26.3	0.287	0.354	0.364	0.485	0.33	0.141	0.1	0.136	0.19699999999999998	0.126	1.054	1.0390000000000001	1.043	1.073	1.042	0.387	0.397	0.419	0.456	0.39799999999999996	0.149	0.105	0.15	0.205	0.155	1.05	1.047	1.044	1.0659999999999998	1.035	0.38299999999999995	0.40299999999999997	0.41600000000000004	0.451	0.39299999999999996	0.121	0.107	0.14	0.19	0.14	1.014	1.013	0.9940000000000001	1.047	1.035
26.57	0.284	0.353	0.364	0.43799999999999994	0.33	0.14300000000000002	0.10099999999999999	0.139	0.19899999999999998	0.127	1.052	1.038	1.041	1.071	1.04	0.386	0.39799999999999996	0.42	0.455	0.39799999999999996	0.152	0.107	0.156	0.209	0.157	1.048	1.045	1.042	1.063	1.032	0.384	0.401	0.418	0.44799999999999995	0.39399999999999996	0.12300000000000001	0.109	0.142	0.193	0.142	1.012	1.011	0.992	1.044	1.032
26.83	0.282	0.35200000000000004	0.366	0.44299999999999995	0.413	0.146	0.10300000000000001	0.142	0.203	0.129	1.05	1.035	1.0390000000000001	1.068	1.038	0.38799999999999996	0.397	0.42200000000000004	0.45299999999999996	0.4	0.155	0.109	0.159	0.212	0.16	1.047	1.043	1.04	1.06	1.03	0.38299999999999995	0.402	0.42	0.447	0.396	0.126	0.111	0.145	0.196	0.145	1.01	1.008	0.99	1.04	1.0290000000000001
27.08	0.281	0.35	0.36700000000000005	0.43	0.408	0.149	0.10400000000000001	0.146	0.205	0.131	1.048	1.033	1.037	1.0659999999999998	1.036	0.389	0.397	0.423	0.452	0.401	0.158	0.11199999999999999	0.161	0.214	0.163	1.045	1.041	1.038	1.058	1.0270000000000001	0.384	0.402	0.419	0.444	0.396	0.128	0.113	0.147	0.198	0.147	1.0070000000000001	1.006	0.988	1.038	1.026
27.35	0.278	0.348	0.36700000000000005	0.428	0.6659999999999999	0.152	0.105	0.147	0.20800000000000002	0.132	1.046	1.031	1.036	1.063	1.033	0.389	0.397	0.424	0.449	0.402	0.161	0.11199999999999999	0.166	0.218	0.165	1.044	1.0390000000000001	1.037	1.056	1.026	0.384	0.402	0.42100000000000004	0.445	0.39799999999999996	0.129	0.114	0.151	0.20199999999999999	0.149	1.006	1.004	0.985	1.034	1.023
27.62	0.275	0.348	0.368	0.434	0.619	0.155	0.107	0.15	0.21100000000000002	0.135	1.045	1.0290000000000001	1.034	1.061	1.031	0.391	0.39799999999999996	0.425	0.447	0.40299999999999997	0.16399999999999998	0.114	0.16899999999999998	0.22	0.16699999999999998	1.041	1.038	1.036	1.053	1.023	0.385	0.402	0.42200000000000004	0.442	0.397	0.133	0.11599999999999999	0.153	0.205	0.152	1.003	1.002	0.983	1.032	1.021
27.87	0.273	0.34700000000000003	0.368	0.431	0.35100000000000003	0.157	0.11	0.153	0.214	0.136	1.043	1.0270000000000001	1.032	1.057	1.028	0.39	0.396	0.425	0.445	0.40299999999999997	0.16699999999999998	0.11599999999999999	0.171	0.223	0.17	1.0390000000000001	1.036	1.033	1.05	1.021	0.386	0.401	0.42200000000000004	0.441	0.39799999999999996	0.135	0.11800000000000001	0.156	0.209	0.154	1.001	0.998	0.9790000000000001	1.026	1.018
28.13	0.27	0.345	0.369	0.426	0.385	0.161	0.111	0.156	0.217	0.138	1.04	1.024	1.0290000000000001	1.052	1.025	0.39	0.396	0.42700000000000005	0.444	0.405	0.171	0.11800000000000001	0.174	0.225	0.172	1.038	1.034	1.031	1.046	1.018	0.387	0.4	0.42200000000000004	0.439	0.4	0.139	0.121	0.16	0.212	0.156	0.998	0.995	0.975	1.02	1.013
28.4	0.268	0.344	0.369	0.42200000000000004	0.36200000000000004	0.16399999999999998	0.113	0.16	0.21899999999999997	0.141	1.038	1.021	1.026	1.05	1.022	0.39	0.396	0.426	0.442	0.418	0.17300000000000001	0.121	0.177	0.22899999999999998	0.17600000000000002	1.035	1.031	1.028	1.043	1.015	0.386	0.401	0.42200000000000004	0.441	0.39799999999999996	0.141	0.12300000000000001	0.163	0.215	0.158	0.996	0.992	0.972	1.0170000000000001	1.0090000000000001
28.67	0.267	0.344	0.369	0.431	0.66	0.16699999999999998	0.115	0.162	0.221	0.14300000000000002	1.036	1.0190000000000001	1.024	1.0490000000000002	1.02	0.392	0.396	0.426	0.44	0.405	0.17600000000000002	0.121	0.18100000000000002	0.231	0.17800000000000002	1.033	1.03	1.026	1.042	1.013	0.387	0.4	0.42200000000000004	0.436	0.39799999999999996	0.14300000000000002	0.125	0.166	0.217	0.16	0.993	0.99	0.97	1.0170000000000001	1.0070000000000001
28.92	0.262	0.341	0.371	0.418	0.423	0.16899999999999998	0.11599999999999999	0.16399999999999998	0.22399999999999998	0.146	1.035	1.018	1.023	1.048	1.018	0.391	0.396	0.426	0.439	0.40399999999999997	0.18	0.124	0.184	0.233	0.18100000000000002	1.032	1.028	1.025	1.041	1.011	0.387	0.4	0.423	0.434	0.397	0.147	0.127	0.168	0.22	0.162	0.991	0.988	0.9690000000000001	1.0170000000000001	1.005
29.18	0.261	0.34	0.37	0.41600000000000004	0.652	0.172	0.11800000000000001	0.16699999999999998	0.226	0.146	1.033	1.016	1.022	1.047	1.0170000000000001	0.391	0.395	0.424	0.44299999999999995	0.405	0.183	0.126	0.187	0.235	0.183	1.03	1.026	1.023	1.0390000000000001	1.01	0.386	0.4	0.42100000000000004	0.43200000000000005	0.39799999999999996	0.149	0.13	0.172	0.222	0.163	0.9890000000000001	0.987	0.968	1.015	1.004
29.45	0.258	0.33899999999999997	0.37	0.415	0.604	0.174	0.12	0.16899999999999998	0.22899999999999998	0.147	1.032	1.015	1.02	1.045	1.016	0.39	0.39399999999999996	0.424	0.436	0.40399999999999997	0.185	0.128	0.18899999999999997	0.23800000000000002	0.185	1.028	1.025	1.022	1.037	1.008	0.387	0.39899999999999997	0.42100000000000004	0.431	0.397	0.152	0.132	0.175	0.225	0.165	0.988	0.985	0.9670000000000001	1.013	1.003
29.7	0.255	0.337	0.368	0.41200000000000003	0.677	0.177	0.122	0.17	0.231	0.149	1.03	1.013	1.0190000000000001	1.044	1.015	0.39	0.39399999999999996	0.424	0.435	0.40399999999999997	0.18899999999999997	0.131	0.191	0.239	0.18899999999999997	1.0270000000000001	1.024	1.02	1.035	1.0070000000000001	0.386	0.39899999999999997	0.419	0.428	0.397	0.155	0.133	0.17800000000000002	0.22699999999999998	0.16699999999999998	0.986	0.9840000000000001	0.965	1.011	1.001
29.97	0.254	0.335	0.371	0.41100000000000003	0.508	0.179	0.124	0.174	0.23399999999999999	0.151	1.0290000000000001	1.012	1.0170000000000001	1.042	1.013	0.38799999999999996	0.39399999999999996	0.424	0.43200000000000005	0.405	0.191	0.132	0.195	0.242	0.191	1.026	1.024	1.0190000000000001	1.033	1.005	0.385	0.39799999999999996	0.42	0.42700000000000005	0.397	0.157	0.135	0.18100000000000002	0.23	0.17	0.9840000000000001	0.983	0.9640000000000001	1.008	0.9990000000000001
30.23	0.252	0.33299999999999996	0.369	0.423	0.391	0.183	0.126	0.17600000000000002	0.23600000000000002	0.152	1.0270000000000001	1.011	1.016	1.04	1.011	0.38799999999999996	0.39299999999999996	0.423	0.43200000000000005	0.40399999999999997	0.19399999999999998	0.134	0.198	0.244	0.19399999999999998	1.024	1.021	1.0170000000000001	1.031	1.004	0.384	0.397	0.419	0.426	0.397	0.16	0.138	0.185	0.23199999999999998	0.17300000000000001	0.982	0.981	0.9620000000000001	1.006	0.997
30.5	0.25	0.33299999999999996	0.369	0.408	0.324	0.185	0.128	0.17800000000000002	0.23800000000000002	0.155	1.025	1.0090000000000001	1.014	1.038	1.01	0.386	0.392	0.424	0.431	0.405	0.198	0.13699999999999998	0.2	0.24600000000000002	0.19699999999999998	1.022	1.02	1.015	1.0290000000000001	1.003	0.38299999999999995	0.396	0.418	0.425	0.402	0.163	0.14	0.188	0.235	0.174	0.98	0.9790000000000001	0.96	1.004	0.995
30.75	0.248	0.331	0.369	0.40399999999999997	0.67	0.188	0.131	0.179	0.24	0.157	1.024	1.008	1.012	1.037	1.0090000000000001	0.384	0.392	0.423	0.428	0.405	0.201	0.139	0.203	0.249	0.2	1.021	1.0190000000000001	1.014	1.0270000000000001	1.001	0.382	0.397	0.418	0.423	0.397	0.166	0.142	0.191	0.23800000000000002	0.177	0.9790000000000001	0.978	0.958	1.001	0.992
31.02	0.24600000000000002	0.32799999999999996	0.368	0.434	0.38299999999999995	0.191	0.132	0.182	0.243	0.158	1.023	1.006	1.011	1.035	1.0070000000000001	0.384	0.392	0.42200000000000004	0.429	0.405	0.203	0.14	0.205	0.25	0.203	1.0190000000000001	1.02	1.012	1.025	0.9990000000000001	0.38	0.395	0.41700000000000004	0.423	0.397	0.168	0.145	0.193	0.239	0.18	0.977	0.976	0.956	0.998	0.99
31.28	0.244	0.32799999999999996	0.368	0.408	0.5489999999999999	0.19399999999999998	0.135	0.185	0.245	0.16	1.021	1.005	1.01	1.033	1.005	0.382	0.391	0.42100000000000004	0.428	0.406	0.207	0.14300000000000002	0.21100000000000002	0.252	0.204	1.018	1.016	1.01	1.024	0.998	0.38	0.395	0.41700000000000004	0.42	0.396	0.171	0.147	0.196	0.24100000000000002	0.182	0.975	0.9740000000000001	0.9540000000000001	0.997	0.988
31.53	0.243	0.327	0.368	0.39799999999999996	0.36700000000000005	0.19699999999999998	0.136	0.18600000000000003	0.247	0.163	1.02	1.003	1.0070000000000001	1.031	1.003	0.381	0.39	0.42	0.42700000000000005	0.406	0.21	0.14400000000000002	0.213	0.254	0.20800000000000002	1.016	1.015	1.008	1.022	0.996	0.379	0.395	0.41600000000000004	0.42	0.396	0.174	0.14800000000000002	0.19899999999999998	0.244	0.184	0.973	0.973	0.9520000000000001	0.9940000000000001	0.986
31.8	0.24100000000000002	0.325	0.36700000000000005	0.39799999999999996	0.544	0.2	0.139	0.188	0.25	0.165	1.018	1.002	1.006	1.0290000000000001	1.001	0.381	0.389	0.418	0.424	0.406	0.213	0.147	0.21600000000000003	0.256	0.21100000000000002	1.014	1.013	1.0070000000000001	1.02	0.995	0.377	0.39399999999999996	0.415	0.418	0.395	0.177	0.151	0.201	0.24600000000000002	0.188	0.972	0.971	0.95	0.992	0.983
32.07	0.24	0.324	0.366	0.439	0.375	0.203	0.14	0.19	0.252	0.16699999999999998	1.0170000000000001	1.0	1.005	1.0270000000000001	1.0	0.379	0.389	0.418	0.425	0.405	0.217	0.149	0.21899999999999997	0.258	0.213	1.013	1.012	1.006	1.018	0.993	0.376	0.39399999999999996	0.414	0.41700000000000004	0.395	0.18	0.154	0.205	0.247	0.19	0.97	0.9690000000000001	0.948	0.9890000000000001	0.981
32.33	0.23800000000000002	0.322	0.366	0.401	0.32799999999999996	0.20600000000000002	0.142	0.193	0.254	0.16899999999999998	1.015	0.998	1.002	1.025	0.998	0.379	0.389	0.41600000000000004	0.423	0.405	0.22	0.151	0.223	0.259	0.21600000000000003	1.012	1.01	1.004	1.016	0.991	0.374	0.39299999999999996	0.413	0.41700000000000004	0.402	0.182	0.156	0.209	0.248	0.192	0.9670000000000001	0.9670000000000001	0.946	0.987	0.9790000000000001
32.58	0.237	0.322	0.366	0.39799999999999996	0.365	0.21	0.14400000000000002	0.19399999999999998	0.256	0.172	1.014	0.997	1.001	1.024	0.997	0.377	0.387	0.413	0.423	0.405	0.223	0.155	0.226	0.262	0.21899999999999997	1.01	1.0090000000000001	1.002	1.015	0.99	0.373	0.392	0.409	0.418	0.39299999999999996	0.18600000000000003	0.159	0.212	0.251	0.193	0.966	0.965	0.945	0.985	0.977
32.85	0.23600000000000002	0.32	0.365	0.406	0.38799999999999996	0.213	0.147	0.195	0.259	0.174	1.013	0.996	1.0	1.022	0.995	0.375	0.386	0.41200000000000003	0.42200000000000004	0.40399999999999997	0.226	0.156	0.22899999999999998	0.263	0.222	1.0090000000000001	1.0070000000000001	1.001	1.013	0.9890000000000001	0.37200000000000005	0.392	0.409	0.41600000000000004	0.39299999999999996	0.188	0.16	0.214	0.252	0.196	0.9640000000000001	0.9640000000000001	0.943	0.982	0.9740000000000001
33.12	0.23399999999999999	0.318	0.363	0.4	0.696	0.215	0.147	0.198	0.261	0.177	1.011	0.9940000000000001	0.998	1.02	0.993	0.374	0.385	0.41100000000000003	0.42200000000000004	0.40299999999999997	0.231	0.159	0.231	0.265	0.22399999999999998	1.0070000000000001	1.006	0.9990000000000001	1.01	0.987	0.371	0.39	0.406	0.415	0.391	0.192	0.163	0.223	0.254	0.19899999999999998	0.9620000000000001	0.9620000000000001	0.94	0.98	0.972
33.37	0.233	0.317	0.363	0.397	0.41600000000000004	0.21899999999999997	0.151	0.2	0.264	0.179	1.01	0.993	0.996	1.018	0.991	0.373	0.385	0.409	0.42100000000000004	0.401	0.23399999999999999	0.161	0.23399999999999999	0.268	0.22699999999999998	1.006	1.004	0.998	1.0090000000000001	0.986	0.368	0.389	0.405	0.415	0.405	0.195	0.166	0.225	0.255	0.201	0.96	0.96	0.938	0.978	0.9690000000000001
33.63	0.231	0.315	0.36	0.385	0.332	0.222	0.153	0.203	0.265	0.18100000000000002	1.008	0.991	0.995	1.0170000000000001	0.99	0.37	0.384	0.406	0.42	0.39899999999999997	0.237	0.16399999999999998	0.237	0.26899999999999996	0.23	1.005	1.003	0.996	1.0070000000000001	0.9840000000000001	0.368	0.38799999999999996	0.402	0.413	0.38799999999999996	0.19699999999999998	0.168	0.22699999999999998	0.257	0.204	0.958	0.958	0.9359999999999999	0.976	0.968
33.9	0.23	0.313	0.36	0.384	0.321	0.225	0.155	0.205	0.267	0.185	1.0070000000000001	0.99	0.993	1.014	0.988	0.36700000000000005	0.38299999999999995	0.40399999999999997	0.419	0.397	0.24	0.16699999999999998	0.24	0.27	0.23199999999999998	1.003	1.001	0.9940000000000001	1.006	0.983	0.366	0.38799999999999996	0.4	0.41200000000000003	0.385	0.201	0.171	0.231	0.258	0.205	0.956	0.956	0.934	0.973	0.965
34.17	0.22899999999999998	0.311	0.358	0.38799999999999996	0.63	0.22899999999999998	0.157	0.205	0.26899999999999996	0.18600000000000003	1.005	0.9890000000000001	0.992	1.013	0.986	0.36700000000000005	0.381	0.402	0.42	0.396	0.244	0.16899999999999998	0.243	0.272	0.235	1.002	1.0	0.993	1.004	0.981	0.365	0.387	0.39799999999999996	0.41200000000000003	0.385	0.203	0.174	0.23199999999999998	0.259	0.20800000000000002	0.9540000000000001	0.9540000000000001	0.932	0.971	0.963
34.42	0.22699999999999998	0.309	0.35600000000000004	0.381	0.34600000000000003	0.23199999999999998	0.159	0.207	0.271	0.187	1.004	0.987	0.991	1.012	0.985	0.366	0.38	0.4	0.418	0.39399999999999996	0.247	0.172	0.245	0.275	0.23800000000000002	1.0	0.998	0.991	1.002	0.9790000000000001	0.361	0.385	0.395	0.41100000000000003	0.384	0.207	0.17600000000000002	0.235	0.26	0.21100000000000002	0.9520000000000001	0.9540000000000001	0.9309999999999999	0.968	0.96
34.68	0.226	0.307	0.355	0.381	0.45299999999999996	0.23600000000000002	0.16	0.207	0.272	0.18899999999999997	1.002	0.985	0.9890000000000001	1.01	0.983	0.36200000000000004	0.379	0.397	0.418	0.39299999999999996	0.251	0.17300000000000001	0.247	0.27699999999999997	0.24100000000000002	0.998	0.997	0.9890000000000001	1.0	0.978	0.36200000000000004	0.385	0.39299999999999996	0.41100000000000003	0.382	0.21	0.179	0.237	0.26	0.214	0.951	0.951	0.9279999999999999	0.966	0.958
34.95	0.22399999999999998	0.305	0.354	0.395	0.354	0.23800000000000002	0.16399999999999998	0.20800000000000002	0.275	0.192	1.001	0.9840000000000001	0.987	1.008	0.981	0.36200000000000004	0.37799999999999995	0.395	0.41700000000000004	0.4	0.255	0.175	0.25	0.28	0.24	0.997	0.995	0.988	0.998	0.977	0.359	0.38299999999999995	0.39	0.41	0.379	0.212	0.18	0.242	0.262	0.215	0.948	0.9490000000000001	0.9259999999999999	0.9640000000000001	0.956
35.2	0.22399999999999998	0.301	0.35200000000000004	0.377	0.478	0.24100000000000002	0.165	0.209	0.276	0.19399999999999998	1.0	0.983	0.986	1.006	0.98	0.359	0.37799999999999995	0.39399999999999996	0.41700000000000004	0.391	0.259	0.17800000000000002	0.252	0.281	0.244	0.996	0.9940000000000001	0.987	0.997	0.975	0.35700000000000004	0.38299999999999995	0.38799999999999996	0.41	0.402	0.21600000000000003	0.184	0.245	0.263	0.218	0.9470000000000001	0.9470000000000001	0.925	0.9620000000000001	0.9540000000000001
35.47	0.222	0.298	0.35	0.42100000000000004	0.314	0.244	0.168	0.21	0.278	0.19699999999999998	0.9990000000000001	0.982	0.9840000000000001	1.005	0.978	0.35700000000000004	0.377	0.39	0.41700000000000004	0.387	0.263	0.18100000000000002	0.254	0.28300000000000003	0.24600000000000002	0.995	0.993	0.985	0.995	0.9740000000000001	0.354	0.382	0.386	0.409	0.382	0.22	0.18600000000000003	0.247	0.263	0.22	0.9440000000000001	0.945	0.922	0.96	0.9520000000000001
35.73	0.221	0.29600000000000004	0.348	0.375	0.627	0.247	0.16899999999999998	0.21	0.281	0.19899999999999998	0.997	0.98	0.982	1.003	0.976	0.35600000000000004	0.376	0.38799999999999996	0.41600000000000004	0.385	0.265	0.184	0.256	0.284	0.249	0.993	0.991	0.9840000000000001	0.9940000000000001	0.972	0.353	0.381	0.38299999999999995	0.409	0.39399999999999996	0.223	0.188	0.247	0.264	0.221	0.9420000000000001	0.943	0.9209999999999999	0.958	0.9490000000000001
36.0	0.22	0.293	0.34700000000000003	0.415	0.389	0.25	0.171	0.21100000000000002	0.281	0.201	0.995	0.9790000000000001	0.981	1.001	0.9740000000000001	0.353	0.375	0.386	0.41600000000000004	0.384	0.26899999999999996	0.188	0.257	0.28600000000000003	0.25	0.992	0.9890000000000001	0.982	0.992	0.971	0.35	0.38	0.382	0.409	0.37200000000000005	0.226	0.191	0.25	0.264	0.22399999999999998	0.941	0.9420000000000001	0.919	0.955	0.9470000000000001
36.25	0.218	0.29	0.34600000000000003	0.414	0.391	0.254	0.17300000000000001	0.21	0.28300000000000003	0.203	0.9940000000000001	0.978	0.98	1.0	0.973	0.35100000000000003	0.374	0.384	0.41600000000000004	0.381	0.272	0.19	0.257	0.287	0.254	0.99	0.987	0.98	0.99	0.9690000000000001	0.348	0.379	0.379	0.408	0.37799999999999995	0.22899999999999998	0.19399999999999998	0.251	0.265	0.226	0.9390000000000001	0.94	0.917	0.953	0.945
36.52	0.217	0.28600000000000003	0.344	0.37200000000000005	0.596	0.256	0.175	0.21100000000000002	0.285	0.205	0.993	0.977	0.978	0.998	0.971	0.349	0.373	0.382	0.415	0.379	0.276	0.191	0.261	0.29	0.254	0.99	0.986	0.98	0.9890000000000001	0.968	0.34600000000000003	0.37799999999999995	0.377	0.406	0.369	0.23199999999999998	0.196	0.253	0.266	0.228	0.937	0.938	0.915	0.951	0.943
36.78	0.215	0.284	0.342	0.37	0.511	0.259	0.177	0.21	0.287	0.207	0.992	0.975	0.977	0.997	0.97	0.34700000000000003	0.37200000000000005	0.38	0.414	0.377	0.27899999999999997	0.192	0.26	0.29100000000000004	0.257	0.988	0.985	0.977	0.987	0.966	0.345	0.376	0.375	0.40700000000000003	0.368	0.23600000000000002	0.198	0.254	0.268	0.23	0.935	0.9359999999999999	0.9129999999999999	0.9490000000000001	0.941
37.03	0.214	0.28	0.33799999999999997	0.368	0.5660000000000001	0.262	0.179	0.20800000000000002	0.289	0.209	0.99	0.9740000000000001	0.975	0.995	0.968	0.345	0.371	0.37799999999999995	0.414	0.377	0.282	0.198	0.262	0.293	0.258	0.987	0.9840000000000001	0.976	0.986	0.965	0.34299999999999997	0.376	0.374	0.408	0.366	0.24	0.201	0.256	0.268	0.23199999999999998	0.9329999999999999	0.935	0.9109999999999999	0.946	0.9390000000000001
37.3	0.214	0.27699999999999997	0.33799999999999997	0.36700000000000005	0.335	0.265	0.18	0.20800000000000002	0.29100000000000004	0.21100000000000002	0.9890000000000001	0.972	0.9740000000000001	0.993	0.966	0.344	0.371	0.377	0.41200000000000003	0.375	0.28600000000000003	0.2	0.262	0.293	0.26	0.985	0.982	0.9740000000000001	0.983	0.9640000000000001	0.341	0.375	0.373	0.406	0.365	0.24100000000000002	0.204	0.255	0.26899999999999996	0.23399999999999999	0.93	0.932	0.909	0.9440000000000001	0.9359999999999999
37.57	0.212	0.273	0.335	0.379	0.377	0.267	0.182	0.207	0.293	0.213	0.987	0.972	0.972	0.991	0.965	0.342	0.37	0.375	0.41200000000000003	0.373	0.29	0.20199999999999999	0.263	0.29600000000000004	0.263	0.9840000000000001	0.98	0.973	0.982	0.9620000000000001	0.33899999999999997	0.374	0.37	0.40399999999999997	0.364	0.24600000000000002	0.207	0.257	0.26899999999999996	0.235	0.9279999999999999	0.93	0.907	0.9420000000000001	0.934
37.82	0.21100000000000002	0.27	0.33399999999999996	0.365	0.318	0.268	0.18600000000000003	0.207	0.294	0.214	0.986	0.97	0.971	0.99	0.963	0.34	0.368	0.37200000000000005	0.413	0.37200000000000005	0.293	0.204	0.262	0.297	0.264	0.982	0.978	0.972	0.981	0.96	0.336	0.37200000000000005	0.368	0.40399999999999997	0.363	0.25	0.209	0.256	0.271	0.237	0.9259999999999999	0.9279999999999999	0.905	0.9390000000000001	0.9309999999999999
38.08	0.209	0.267	0.331	0.361	0.337	0.27	0.185	0.20600000000000002	0.295	0.21600000000000003	0.985	0.9690000000000001	0.9690000000000001	0.988	0.9620000000000001	0.33799999999999997	0.368	0.37200000000000005	0.413	0.371	0.295	0.207	0.263	0.299	0.265	0.981	0.977	0.97	0.9790000000000001	0.9590000000000001	0.33399999999999996	0.373	0.366	0.406	0.361	0.253	0.212	0.259	0.272	0.23800000000000002	0.925	0.927	0.903	0.937	0.9279999999999999
38.35	0.20800000000000002	0.264	0.32799999999999996	0.36	0.48700000000000004	0.272	0.187	0.205	0.297	0.218	0.981	0.9640000000000001	0.9640000000000001	0.977	0.956	0.336	0.366	0.369	0.41100000000000003	0.37	0.3	0.209	0.263	0.3	0.268	0.9790000000000001	0.975	0.9670000000000001	0.973	0.9570000000000001	0.33299999999999996	0.371	0.364	0.406	0.36	0.258	0.215	0.258	0.273	0.24100000000000002	0.919	0.92	0.8959999999999999	0.924	0.92
38.62	0.207	0.26	0.325	0.358	0.385	0.275	0.19	0.205	0.298	0.21899999999999997	0.978	0.96	0.96	0.973	0.9490000000000001	0.33399999999999996	0.366	0.368	0.41	0.369	0.302	0.213	0.264	0.301	0.27	0.976	0.97	0.963	0.968	0.951	0.33	0.371	0.36200000000000004	0.40299999999999997	0.358	0.261	0.218	0.26	0.273	0.242	0.9159999999999999	0.9159999999999999	0.892	0.92	0.915
38.87	0.205	0.257	0.32299999999999995	0.35700000000000004	0.336	0.27699999999999997	0.191	0.205	0.301	0.222	0.976	0.958	0.958	0.97	0.946	0.33299999999999996	0.364	0.366	0.41	0.366	0.306	0.21600000000000003	0.264	0.304	0.272	0.973	0.9670000000000001	0.96	0.966	0.9470000000000001	0.32799999999999996	0.369	0.361	0.40299999999999997	0.358	0.264	0.221	0.262	0.273	0.243	0.914	0.914	0.8909999999999999	0.9179999999999999	0.912
39.13	0.204	0.255	0.319	0.37200000000000005	0.294	0.27899999999999997	0.192	0.203	0.302	0.22399999999999998	0.9740000000000001	0.956	0.956	0.966	0.943	0.331	0.363	0.364	0.409	0.366	0.309	0.218	0.264	0.305	0.273	0.971	0.965	0.958	0.961	0.9440000000000001	0.327	0.368	0.36	0.40299999999999997	0.35600000000000004	0.268	0.22399999999999998	0.262	0.273	0.245	0.9129999999999999	0.912	0.889	0.915	0.9109999999999999
39.4	0.203	0.252	0.316	0.368	0.353	0.28	0.19399999999999998	0.20199999999999999	0.303	0.22399999999999998	0.973	0.955	0.955	0.9690000000000001	0.943	0.32899999999999996	0.36200000000000004	0.36200000000000004	0.409	0.366	0.313	0.222	0.264	0.308	0.27399999999999997	0.97	0.963	0.9570000000000001	0.9620000000000001	0.943	0.325	0.36700000000000005	0.35700000000000004	0.40299999999999997	0.35600000000000004	0.272	0.225	0.263	0.27399999999999997	0.24600000000000002	0.912	0.9109999999999999	0.888	0.917	0.91
39.65	0.201	0.249	0.314	0.35200000000000004	0.358	0.281	0.196	0.201	0.305	0.226	0.973	0.955	0.9540000000000001	0.97	0.943	0.327	0.36200000000000004	0.36200000000000004	0.40700000000000003	0.364	0.315	0.225	0.266	0.309	0.27699999999999997	0.9690000000000001	0.9620000000000001	0.956	0.9640000000000001	0.943	0.32299999999999995	0.365	0.358	0.402	0.353	0.276	0.23	0.265	0.275	0.247	0.9109999999999999	0.91	0.888	0.9179999999999999	0.91
39.92	0.2	0.24600000000000002	0.311	0.35	0.395	0.28300000000000003	0.196	0.201	0.306	0.22699999999999998	0.972	0.953	0.955	0.971	0.9440000000000001	0.326	0.36	0.36	0.40700000000000003	0.364	0.318	0.226	0.267	0.31	0.278	0.968	0.9620000000000001	0.955	0.9640000000000001	0.9440000000000001	0.321	0.365	0.355	0.401	0.353	0.278	0.231	0.265	0.275	0.249	0.91	0.909	0.888	0.9179999999999999	0.91
40.18	0.198	0.244	0.308	0.35100000000000003	0.528	0.284	0.19699999999999998	0.2	0.308	0.228	0.972	0.953	0.9540000000000001	0.973	0.9440000000000001	0.324	0.36	0.359	0.40700000000000003	0.36200000000000004	0.321	0.228	0.265	0.312	0.27899999999999997	0.968	0.961	0.956	0.965	0.9440000000000001	0.319	0.364	0.354	0.401	0.353	0.281	0.23399999999999999	0.266	0.27399999999999997	0.25	0.909	0.909	0.887	0.9179999999999999	0.909
40.45	0.19699999999999998	0.24100000000000002	0.304	0.35100000000000003	0.303	0.284	0.198	0.19899999999999998	0.31	0.22899999999999998	0.971	0.953	0.9540000000000001	0.973	0.9440000000000001	0.32299999999999995	0.359	0.358	0.40700000000000003	0.36200000000000004	0.322	0.23199999999999998	0.266	0.313	0.28	0.9670000000000001	0.96	0.955	0.9640000000000001	0.9440000000000001	0.318	0.363	0.35200000000000004	0.401	0.35200000000000004	0.284	0.23600000000000002	0.267	0.27399999999999997	0.251	0.907	0.9079999999999999	0.8859999999999999	0.917	0.9079999999999999
40.7	0.196	0.239	0.3	0.344	0.342	0.285	0.198	0.196	0.311	0.23	0.97	0.953	0.9540000000000001	0.973	0.9440000000000001	0.322	0.35700000000000004	0.35600000000000004	0.405	0.361	0.326	0.233	0.267	0.316	0.281	0.965	0.9590000000000001	0.9540000000000001	0.963	0.9440000000000001	0.316	0.361	0.35	0.39899999999999997	0.35	0.287	0.237	0.266	0.27399999999999997	0.252	0.9059999999999999	0.9059999999999999	0.885	0.9159999999999999	0.9079999999999999
40.97	0.19399999999999998	0.23600000000000002	0.298	0.342	0.46399999999999997	0.28600000000000003	0.201	0.195	0.311	0.231	0.9690000000000001	0.9520000000000001	0.953	0.972	0.9440000000000001	0.32	0.35700000000000004	0.355	0.405	0.36	0.326	0.237	0.26899999999999996	0.316	0.28300000000000003	0.965	0.9620000000000001	0.9540000000000001	0.963	0.9440000000000001	0.314	0.361	0.349	0.39899999999999997	0.349	0.29	0.24100000000000002	0.267	0.27399999999999997	0.253	0.904	0.905	0.885	0.915	0.9059999999999999
41.23	0.192	0.23399999999999999	0.29600000000000004	0.34	0.44	0.28600000000000003	0.201	0.195	0.313	0.23199999999999998	0.9690000000000001	0.9520000000000001	0.953	0.971	0.943	0.318	0.355	0.354	0.40399999999999997	0.359	0.32899999999999996	0.23800000000000002	0.27	0.318	0.285	0.9640000000000001	0.958	0.9540000000000001	0.9620000000000001	0.9440000000000001	0.313	0.359	0.348	0.39799999999999996	0.349	0.293	0.243	0.268	0.27399999999999997	0.252	0.903	0.904	0.884	0.9129999999999999	0.905
41.48	0.191	0.23199999999999998	0.293	0.34600000000000003	0.561	0.28600000000000003	0.201	0.19399999999999998	0.314	0.23399999999999999	0.968	0.951	0.953	0.971	0.943	0.316	0.354	0.35200000000000004	0.40299999999999997	0.358	0.331	0.24	0.268	0.32	0.28600000000000003	0.963	0.9570000000000001	0.953	0.961	0.943	0.31	0.358	0.34600000000000003	0.39799999999999996	0.348	0.295	0.24600000000000002	0.268	0.275	0.253	0.902	0.903	0.883	0.9109999999999999	0.903
41.75	0.19	0.22899999999999998	0.289	0.35200000000000004	0.5770000000000001	0.28600000000000003	0.20199999999999999	0.192	0.316	0.23399999999999999	0.9670000000000001	0.95	0.9520000000000001	0.97	0.9420000000000001	0.315	0.353	0.35100000000000003	0.40399999999999997	0.358	0.335	0.243	0.268	0.321	0.28600000000000003	0.9620000000000001	0.956	0.9520000000000001	0.96	0.9420000000000001	0.309	0.358	0.345	0.397	0.34600000000000003	0.298	0.24600000000000002	0.268	0.27399999999999997	0.255	0.9	0.9009999999999999	0.882	0.909	0.9
42.02	0.188	0.22699999999999998	0.28600000000000003	0.33899999999999997	0.461	0.289	0.201	0.192	0.317	0.23399999999999999	0.966	0.95	0.951	0.968	0.941	0.314	0.35200000000000004	0.349	0.401	0.35600000000000004	0.336	0.245	0.26899999999999996	0.32299999999999995	0.28800000000000003	0.961	0.956	0.9520000000000001	0.9590000000000001	0.9420000000000001	0.307	0.355	0.344	0.395	0.349	0.3	0.251	0.268	0.27399999999999997	0.254	0.898	0.9	0.88	0.9059999999999999	0.898
42.28	0.187	0.225	0.284	0.332	0.307	0.289	0.20199999999999999	0.19	0.318	0.235	0.965	0.948	0.9490000000000001	0.96	0.9359999999999999	0.311	0.35100000000000003	0.348	0.4	0.35600000000000004	0.33799999999999997	0.249	0.27	0.324	0.289	0.96	0.9540000000000001	0.9490000000000001	0.9540000000000001	0.938	0.304	0.355	0.34299999999999997	0.395	0.34600000000000003	0.303	0.251	0.27	0.275	0.256	0.895	0.898	0.877	0.897	0.892
42.53	0.18600000000000003	0.223	0.281	0.34299999999999997	0.514	0.289	0.203	0.19	0.319	0.235	0.9640000000000001	0.9470000000000001	0.9470000000000001	0.96	0.934	0.31	0.35100000000000003	0.34700000000000003	0.401	0.355	0.33899999999999997	0.25	0.26899999999999996	0.326	0.29	0.9590000000000001	0.953	0.948	0.9540000000000001	0.937	0.302	0.354	0.342	0.395	0.344	0.305	0.254	0.27	0.275	0.257	0.893	0.895	0.875	0.898	0.8909999999999999
42.8	0.184	0.22	0.27699999999999997	0.32899999999999996	0.418	0.289	0.203	0.18899999999999997	0.32	0.237	0.9620000000000001	0.946	0.946	0.9590000000000001	0.9329999999999999	0.308	0.349	0.34600000000000003	0.401	0.355	0.342	0.251	0.27	0.32799999999999996	0.292	0.9570000000000001	0.9520000000000001	0.946	0.9520000000000001	0.9359999999999999	0.301	0.353	0.34	0.39399999999999996	0.344	0.307	0.254	0.26899999999999996	0.27399999999999997	0.257	0.8909999999999999	0.894	0.8740000000000001	0.895	0.888
43.07	0.182	0.21899999999999997	0.27399999999999997	0.324	0.48100000000000004	0.289	0.203	0.187	0.321	0.23800000000000002	0.9620000000000001	0.9440000000000001	0.945	0.9570000000000001	0.9309999999999999	0.307	0.348	0.345	0.401	0.354	0.344	0.253	0.26899999999999996	0.32899999999999996	0.292	0.956	0.951	0.945	0.95	0.934	0.299	0.35100000000000003	0.33899999999999997	0.39299999999999996	0.342	0.31	0.254	0.268	0.27399999999999997	0.258	0.889	0.892	0.872	0.894	0.885
43.32	0.18100000000000002	0.217	0.272	0.32899999999999996	0.368	0.29	0.20199999999999999	0.18600000000000003	0.322	0.239	0.961	0.9440000000000001	0.945	0.96	0.9309999999999999	0.305	0.34700000000000003	0.344	0.39899999999999997	0.353	0.345	0.254	0.27	0.331	0.293	0.955	0.95	0.9440000000000001	0.9520000000000001	0.934	0.297	0.349	0.33799999999999997	0.392	0.342	0.31	0.258	0.26899999999999996	0.27399999999999997	0.258	0.888	0.8909999999999999	0.871	0.894	0.884
43.58	0.18	0.215	0.268	0.321	0.389	0.289	0.204	0.184	0.32299999999999995	0.239	0.96	0.9440000000000001	0.9440000000000001	0.961	0.9309999999999999	0.304	0.34600000000000003	0.34299999999999997	0.4	0.353	0.348	0.258	0.271	0.332	0.294	0.9540000000000001	0.95	0.9440000000000001	0.953	0.934	0.295	0.348	0.336	0.391	0.341	0.313	0.258	0.27	0.27399999999999997	0.256	0.8859999999999999	0.89	0.87	0.895	0.883
43.85	0.179	0.213	0.265	0.32799999999999996	0.42	0.28800000000000003	0.204	0.183	0.324	0.24	0.96	0.943	0.9440000000000001	0.961	0.932	0.301	0.345	0.341	0.39899999999999997	0.35200000000000004	0.348	0.257	0.26899999999999996	0.332	0.295	0.9540000000000001	0.9490000000000001	0.9440000000000001	0.953	0.935	0.293	0.34700000000000003	0.336	0.391	0.341	0.316	0.259	0.27	0.27399999999999997	0.257	0.884	0.888	0.868	0.893	0.8809999999999999
44.12	0.17600000000000002	0.21100000000000002	0.262	0.317	0.387	0.28800000000000003	0.204	0.183	0.326	0.239	0.9590000000000001	0.9420000000000001	0.943	0.961	0.9309999999999999	0.3	0.344	0.341	0.39799999999999996	0.35100000000000003	0.35200000000000004	0.259	0.271	0.336	0.29600000000000004	0.953	0.948	0.943	0.9520000000000001	0.935	0.292	0.34700000000000003	0.33399999999999996	0.391	0.341	0.316	0.261	0.271	0.273	0.258	0.882	0.8859999999999999	0.867	0.8909999999999999	0.879
44.37	0.175	0.21100000000000002	0.26	0.313	0.376	0.287	0.20199999999999999	0.182	0.326	0.24100000000000002	0.958	0.9420000000000001	0.943	0.9590000000000001	0.93	0.299	0.34299999999999997	0.33799999999999997	0.39899999999999997	0.35100000000000003	0.35200000000000004	0.262	0.27	0.337	0.297	0.9520000000000001	0.948	0.9420000000000001	0.95	0.934	0.29	0.345	0.33299999999999996	0.391	0.34	0.319	0.262	0.272	0.273	0.256	0.879	0.885	0.866	0.888	0.877
44.63	0.174	0.209	0.258	0.31	0.44299999999999995	0.28800000000000003	0.204	0.18100000000000002	0.327	0.24100000000000002	0.9570000000000001	0.941	0.9420000000000001	0.9570000000000001	0.929	0.298	0.342	0.33799999999999997	0.397	0.35	0.354	0.261	0.271	0.33799999999999997	0.29600000000000004	0.951	0.9470000000000001	0.941	0.95	0.932	0.287	0.344	0.331	0.389	0.33899999999999997	0.319	0.264	0.27	0.272	0.257	0.878	0.883	0.8640000000000001	0.885	0.875
44.9	0.172	0.20800000000000002	0.254	0.307	0.483	0.28800000000000003	0.20199999999999999	0.18	0.326	0.242	0.956	0.94	0.941	0.955	0.9279999999999999	0.29600000000000004	0.341	0.336	0.39799999999999996	0.349	0.355	0.263	0.272	0.33899999999999997	0.298	0.95	0.946	0.94	0.948	0.932	0.28600000000000003	0.34299999999999997	0.33	0.39	0.33799999999999997	0.32299999999999995	0.263	0.271	0.272	0.255	0.875	0.8809999999999999	0.862	0.883	0.872
45.28	0.18899999999999997	0.209	0.281	0.34600000000000003	0.34299999999999997	0.299	0.226	0.18600000000000003	0.331	0.252	0.9570000000000001	0.941	0.9440000000000001	0.9670000000000001	0.9420000000000001	0.315	0.345	0.344	0.405	0.353	0.363	0.272	0.273	0.34	0.304	0.95	0.9440000000000001	0.943	0.9520000000000001	0.935	0.295	0.344	0.332	0.39399999999999996	0.33899999999999997	0.33	0.263	0.261	0.267	0.248	0.883	0.8859999999999999	0.878	0.9009999999999999	0.897
45.53	0.171	0.204	0.249	0.303	0.473	0.282	0.2	0.175	0.327	0.24600000000000002	0.955	0.9390000000000001	0.9390000000000001	0.956	0.925	0.294	0.341	0.33899999999999997	0.4	0.35200000000000004	0.35700000000000004	0.265	0.271	0.341	0.299	0.95	0.946	0.9390000000000001	0.948	0.9309999999999999	0.28300000000000003	0.342	0.331	0.391	0.33799999999999997	0.324	0.267	0.271	0.265	0.256	0.87	0.8759999999999999	0.858	0.878	0.867
45.8	0.16699999999999998	0.203	0.24600000000000002	0.304	0.33299999999999996	0.285	0.20199999999999999	0.172	0.33	0.249	0.9540000000000001	0.938	0.9390000000000001	0.953	0.925	0.292	0.337	0.335	0.395	0.348	0.359	0.266	0.273	0.344	0.3	0.9490000000000001	0.945	0.9390000000000001	0.946	0.93	0.28	0.33899999999999997	0.32799999999999996	0.38799999999999996	0.336	0.327	0.26899999999999996	0.273	0.267	0.257	0.868	0.875	0.857	0.875	0.867
46.07	0.165	0.20199999999999999	0.243	0.297	0.35600000000000004	0.28300000000000003	0.20199999999999999	0.171	0.33	0.25	0.9540000000000001	0.937	0.938	0.9520000000000001	0.924	0.29	0.335	0.33399999999999996	0.39399999999999996	0.34700000000000003	0.36	0.268	0.27399999999999997	0.345	0.3	0.948	0.9440000000000001	0.937	0.946	0.929	0.27899999999999997	0.33799999999999997	0.32799999999999996	0.387	0.345	0.32799999999999996	0.271	0.27399999999999997	0.266	0.256	0.866	0.8740000000000001	0.855	0.8740000000000001	0.8640000000000001
46.33	0.163	0.2	0.24100000000000002	0.294	0.45899999999999996	0.28300000000000003	0.201	0.16899999999999998	0.331	0.252	0.9520000000000001	0.9359999999999999	0.937	0.9520000000000001	0.9229999999999999	0.289	0.336	0.33399999999999996	0.396	0.34700000000000003	0.363	0.26899999999999996	0.27399999999999997	0.34600000000000003	0.3	0.9470000000000001	0.9440000000000001	0.937	0.946	0.93	0.27699999999999997	0.336	0.326	0.386	0.33399999999999996	0.33	0.272	0.27399999999999997	0.266	0.256	0.8640000000000001	0.872	0.8540000000000001	0.872	0.862
46.58	0.162	0.19899999999999998	0.239	0.292	0.41200000000000003	0.284	0.2	0.16699999999999998	0.332	0.252	0.951	0.9359999999999999	0.937	0.9520000000000001	0.924	0.287	0.33399999999999996	0.33299999999999996	0.395	0.34700000000000003	0.364	0.271	0.27399999999999997	0.348	0.303	0.9470000000000001	0.943	0.9359999999999999	0.945	0.929	0.275	0.336	0.325	0.386	0.33399999999999996	0.332	0.272	0.27399999999999997	0.264	0.256	0.861	0.8690000000000001	0.852	0.87	0.86
46.85	0.159	0.198	0.237	0.29100000000000004	0.478	0.28300000000000003	0.2	0.16399999999999998	0.33299999999999996	0.253	0.951	0.935	0.9359999999999999	0.9520000000000001	0.9229999999999999	0.28600000000000003	0.33299999999999996	0.332	0.395	0.345	0.36200000000000004	0.271	0.27399999999999997	0.349	0.303	0.946	0.943	0.9359999999999999	0.945	0.929	0.27399999999999997	0.33399999999999996	0.324	0.386	0.33299999999999996	0.33299999999999996	0.273	0.27399999999999997	0.262	0.256	0.858	0.867	0.85	0.867	0.857
47.12	0.157	0.19699999999999998	0.235	0.28800000000000003	0.34600000000000003	0.28300000000000003	0.19899999999999998	0.163	0.33399999999999996	0.251	0.95	0.934	0.9359999999999999	0.9520000000000001	0.9229999999999999	0.284	0.332	0.33	0.395	0.345	0.364	0.271	0.27399999999999997	0.35	0.303	0.946	0.9420000000000001	0.935	0.945	0.9279999999999999	0.272	0.33299999999999996	0.32299999999999995	0.385	0.332	0.335	0.27399999999999997	0.27399999999999997	0.26	0.255	0.856	0.865	0.848	0.865	0.856
47.37	0.155	0.196	0.23199999999999998	0.285	0.324	0.28	0.198	0.16	0.335	0.253	0.9490000000000001	0.9329999999999999	0.935	0.951	0.922	0.28300000000000003	0.331	0.32899999999999996	0.395	0.344	0.366	0.272	0.275	0.35100000000000003	0.304	0.945	0.941	0.935	0.9440000000000001	0.9279999999999999	0.27	0.332	0.322	0.384	0.332	0.336	0.275	0.27399999999999997	0.26	0.254	0.853	0.863	0.845	0.862	0.852
47.63	0.154	0.195	0.23199999999999998	0.284	0.445	0.278	0.196	0.157	0.33299999999999996	0.251	0.948	0.932	0.9329999999999999	0.9490000000000001	0.92	0.282	0.331	0.332	0.396	0.355	0.365	0.272	0.27399999999999997	0.35	0.304	0.9440000000000001	0.941	0.934	0.943	0.927	0.26899999999999996	0.33299999999999996	0.324	0.38799999999999996	0.335	0.337	0.276	0.27399999999999997	0.258	0.252	0.85	0.86	0.8420000000000001	0.858	0.8490000000000001
47.9	0.153	0.19399999999999998	0.23	0.282	0.316	0.27699999999999997	0.196	0.155	0.33399999999999996	0.253	0.9470000000000001	0.9309999999999999	0.9329999999999999	0.9490000000000001	0.919	0.282	0.331	0.331	0.396	0.34600000000000003	0.366	0.275	0.27399999999999997	0.35100000000000003	0.303	0.943	0.941	0.934	0.9420000000000001	0.927	0.267	0.331	0.322	0.387	0.332	0.336	0.275	0.275	0.256	0.251	0.847	0.858	0.84	0.856	0.846
48.17	0.14800000000000002	0.191	0.22699999999999998	0.316	0.308	0.278	0.196	0.153	0.336	0.253	0.9470000000000001	0.9309999999999999	0.9329999999999999	0.948	0.919	0.27899999999999997	0.32799999999999996	0.32799999999999996	0.39399999999999996	0.344	0.368	0.276	0.275	0.354	0.304	0.943	0.94	0.9329999999999999	0.9420000000000001	0.9259999999999999	0.265	0.32799999999999996	0.319	0.382	0.33	0.33899999999999997	0.278	0.275	0.256	0.253	0.8440000000000001	0.855	0.838	0.853	0.85
48.42	0.147	0.19	0.225	0.278	0.524	0.276	0.193	0.149	0.33299999999999996	0.252	0.946	0.93	0.9309999999999999	0.9470000000000001	0.917	0.278	0.33	0.32799999999999996	0.396	0.34600000000000003	0.369	0.275	0.27399999999999997	0.353	0.304	0.9420000000000001	0.9390000000000001	0.932	0.941	0.925	0.263	0.32899999999999996	0.32	0.386	0.33	0.33899999999999997	0.276	0.275	0.253	0.252	0.841	0.853	0.8340000000000001	0.85	0.8390000000000001
48.68	0.14400000000000002	0.188	0.223	0.275	0.523	0.27699999999999997	0.193	0.147	0.33399999999999996	0.255	0.945	0.93	0.9309999999999999	0.9470000000000001	0.917	0.276	0.326	0.325	0.392	0.342	0.37	0.27699999999999997	0.275	0.355	0.305	0.941	0.9390000000000001	0.9309999999999999	0.94	0.925	0.261	0.326	0.317	0.381	0.32799999999999996	0.342	0.27899999999999997	0.27699999999999997	0.256	0.253	0.838	0.851	0.8340000000000001	0.848	0.838
48.95	0.141	0.188	0.222	0.27399999999999997	0.233	0.275	0.19	0.14400000000000002	0.33399999999999996	0.254	0.9440000000000001	0.929	0.929	0.9440000000000001	0.915	0.275	0.32799999999999996	0.327	0.39399999999999996	0.344	0.37200000000000005	0.27699999999999997	0.273	0.35600000000000004	0.305	0.94	0.938	0.9309999999999999	0.9390000000000001	0.924	0.259	0.327	0.319	0.385	0.33	0.342	0.27699999999999997	0.276	0.252	0.252	0.835	0.848	0.83	0.845	0.833
49.2	0.138	0.18600000000000003	0.22	0.271	0.34700000000000003	0.27699999999999997	0.19	0.14300000000000002	0.335	0.254	0.943	0.9279999999999999	0.929	0.9440000000000001	0.915	0.273	0.324	0.32299999999999995	0.39399999999999996	0.341	0.371	0.28	0.276	0.358	0.305	0.94	0.938	0.93	0.9390000000000001	0.9229999999999999	0.257	0.324	0.315	0.381	0.32899999999999996	0.344	0.281	0.27699999999999997	0.253	0.253	0.8320000000000001	0.845	0.828	0.843	0.833
49.47	0.135	0.185	0.21899999999999997	0.27	0.249	0.27399999999999997	0.188	0.139	0.33399999999999996	0.254	0.9420000000000001	0.9279999999999999	0.9279999999999999	0.943	0.9129999999999999	0.272	0.325	0.325	0.395	0.34299999999999997	0.37200000000000005	0.28	0.275	0.358	0.306	0.9390000000000001	0.937	0.929	0.937	0.922	0.255	0.324	0.316	0.384	0.327	0.345	0.28	0.27699999999999997	0.248	0.252	0.8290000000000001	0.8420000000000001	0.825	0.8390000000000001	0.828
49.73	0.133	0.184	0.217	0.268	0.431	0.275	0.18899999999999997	0.136	0.337	0.254	0.941	0.927	0.9279999999999999	0.9420000000000001	0.9129999999999999	0.27	0.32299999999999995	0.32	0.392	0.34600000000000003	0.37200000000000005	0.282	0.276	0.361	0.304	0.9390000000000001	0.937	0.929	0.937	0.922	0.252	0.322	0.313	0.38	0.326	0.34600000000000003	0.28300000000000003	0.27899999999999997	0.25	0.251	0.826	0.8390000000000001	0.823	0.836	0.825
50.0	0.131	0.183	0.214	0.265	0.22899999999999998	0.27399999999999997	0.18600000000000003	0.134	0.337	0.256	0.94	0.9259999999999999	0.927	0.941	0.912	0.26899999999999996	0.32	0.32	0.392	0.341	0.373	0.281	0.275	0.36200000000000004	0.306	0.938	0.9359999999999999	0.927	0.9359999999999999	0.9209999999999999	0.251	0.322	0.312	0.38	0.326	0.34600000000000003	0.28300000000000003	0.278	0.247	0.251	0.8240000000000001	0.8370000000000001	0.82	0.833	0.8270000000000001
50.25	0.128	0.182	0.214	0.264	0.245	0.272	0.185	0.13	0.336	0.254	0.9390000000000001	0.924	0.925	0.9390000000000001	0.91	0.268	0.322	0.322	0.39399999999999996	0.342	0.374	0.28300000000000003	0.273	0.36200000000000004	0.306	0.9359999999999999	0.935	0.9259999999999999	0.935	0.92	0.249	0.321	0.313	0.382	0.32799999999999996	0.34600000000000003	0.282	0.27699999999999997	0.243	0.25	0.821	0.8340000000000001	0.8170000000000001	0.831	0.818
50.52	0.127	0.18	0.212	0.263	0.384	0.273	0.18600000000000003	0.127	0.33899999999999997	0.256	0.938	0.924	0.925	0.9390000000000001	0.909	0.266	0.319	0.318	0.391	0.33799999999999997	0.375	0.285	0.275	0.364	0.306	0.937	0.935	0.9259999999999999	0.935	0.919	0.247	0.319	0.31	0.379	0.324	0.348	0.285	0.27699999999999997	0.243	0.251	0.818	0.831	0.815	0.828	0.816
50.78	0.125	0.179	0.21	0.262	0.24600000000000002	0.271	0.184	0.124	0.337	0.256	0.937	0.9229999999999999	0.9229999999999999	0.935	0.9079999999999999	0.265	0.318	0.318	0.392	0.33799999999999997	0.374	0.285	0.276	0.365	0.306	0.9359999999999999	0.934	0.925	0.9329999999999999	0.9179999999999999	0.245	0.319	0.309	0.38	0.324	0.349	0.285	0.27899999999999997	0.242	0.25	0.816	0.828	0.812	0.825	0.813
