Time	Temp_C	L2B1-500_1_1	L2B2-500_1_1	L2B3-500_1_1	L2B4-500_1_1	L2B5-500_1_1	L0B1-500_1_1	L0B2-500_1_1	blank_media_1_1	L2B1-500_1_2	L2B2-500_1_2	L2B3-500_1_2	L2B4-500_1_2	L2B5-500_1_2	L0B1-500_1_2	L0B2-500_1_2	blank_media_1_2	L2B1-500_2_1	L2B2-500_2_1	L2B3-500_2_1	L2B4-500_2_1	L2B5-500_2_1	L0B1-500_2_1	L0B2-500_2_1	blank_media_2_1	L2B1-500_2_2	L2B2-500_2_2	L2B3-500_2_2	L2B4-500_2_2	L2B5-500_2_2	L0B1-500_2_2	L0B2-500_2_2	blank_2_2	L2B1-500_3_1	L2B2-500_3_1	L2B3-500_3_1	L2B4-500_3_1	L2B5-500_3_1	L0B1-500_3_1	L0B2-500_3_1	blank_3_1	L2B1-500_3_2	L2B2-500_3_2	L2B3-500_3_2	L2B4-500_3_2	L2B5-500_3_2	L0B1-500_3_2	L0B2-500_3_2	blank_3_2
0:00:00	25.0	0.047	0.064	0.048	0.048	0.055	0.057	0.045	0.039	0.048	0.048	0.050	0.051	0.051	0.055	0.048	0.039	0.047	0.050	0.127	0.054	0.053	0.057	0.051	0.039	0.045	0.050	0.049	0.050	0.066	0.065	0.044	0.048	0.046	0.053	0.094	0.051	0.050	0.040	0.062	0.048	0.047	0.052	0.145	0.053	0.049	0.039	0.062	0.047
0:15:43	25.0	0.047	0.050	0.047	0.051	0.055	0.054	0.045	0.039	0.048	0.048	0.048	0.049	0.051	0.057	0.045	0.038	0.074	0.049	0.048	0.050	0.048	0.056	0.045	0.039	0.046	0.049	0.047	0.050	0.058	0.059	0.045	0.048	0.047	0.051	0.048	0.051	0.048	0.040	0.062	0.048	0.047	0.051	0.078	0.051	0.053	0.039	0.061	0.047
0:31:25	25.0	0.048	0.050	0.048	0.051	0.056	0.055	0.045	0.039	0.048	0.048	0.059	0.050	0.051	0.058	0.045	0.039	0.047	0.049	0.452	0.050	0.050	0.057	0.045	0.039	0.046	0.050	0.047	0.050	0.058	0.060	0.046	0.048	0.046	0.063	0.063	0.051	0.049	0.040	0.064	0.048	0.047	0.051	0.105	0.052	0.050	0.039	0.062	0.048
0:47:08	25.0	0.048	0.051	0.048	0.052	0.057	0.056	0.046	0.039	0.049	0.049	0.048	0.050	0.052	0.059	0.045	0.038	0.048	0.049	0.055	0.051	0.050	0.057	0.046	0.039	0.047	0.050	0.048	0.050	0.059	0.059	0.046	0.048	0.047	0.152	0.049	0.052	0.049	0.040	0.065	0.048	0.048	0.052	0.234	0.053	0.051	0.039	0.064	0.047
1:02:50	25.0	0.049	0.052	0.049	0.053	0.058	0.058	0.047	0.039	0.049	0.050	0.061	0.051	0.053	0.061	0.046	0.038	0.048	0.050	0.094	0.052	0.052	0.059	0.046	0.039	0.047	0.051	0.049	0.051	0.060	0.062	0.046	0.048	0.048	0.096	0.053	0.052	0.050	0.040	0.066	0.048	0.048	0.053	0.077	0.053	0.053	0.039	0.064	0.047
1:18:33	25.0	0.050	0.053	0.050	0.054	0.060	0.058	0.046	0.039	0.050	0.051	0.056	0.053	0.055	0.063	0.046	0.038	0.049	0.051	0.058	0.053	0.053	0.060	0.046	0.039	0.048	0.052	0.053	0.052	0.061	0.063	0.046	0.048	0.049	0.086	0.053	0.054	0.051	0.040	0.068	0.048	0.049	0.054	0.120	0.055	0.054	0.039	0.067	0.047
1:34:16	25.0	0.051	0.054	0.051	0.056	0.061	0.060	0.047	0.039	0.051	0.052	0.053	0.055	0.057	0.065	0.046	0.038	0.051	0.053	0.063	0.055	0.055	0.062	0.046	0.039	0.049	0.054	0.052	0.055	0.063	0.065	0.047	0.048	0.049	0.110	0.053	0.056	0.052	0.040	0.071	0.048	0.050	0.055	0.079	0.057	0.056	0.039	0.069	0.047
1:49:58	25.0	0.052	0.056	0.053	0.058	0.064	0.062	0.046	0.039	0.052	0.053	0.068	0.057	0.060	0.067	0.046	0.038	0.052	0.054	0.059	0.056	0.057	0.064	0.046	0.039	0.051	0.055	0.054	0.056	0.064	0.068	0.047	0.048	0.051	0.058	0.062	0.057	0.054	0.040	0.073	0.048	0.051	0.056	0.156	0.059	0.059	0.039	0.072	0.047
2:05:41	25.1	0.053	0.059	0.055	0.060	0.067	0.065	0.047	0.039	0.054	0.055	0.056	0.060	0.062	0.071	0.047	0.038	0.053	0.055	0.085	0.059	0.060	0.067	0.047	0.039	0.052	0.058	0.056	0.059	0.066	0.070	0.047	0.048	0.053	0.060	0.064	0.060	0.056	0.040	0.078	0.048	0.053	0.058	0.170	0.063	0.064	0.039	0.076	0.047
2:21:24	25.1	0.056	0.061	0.061	0.063	0.070	0.069	0.047	0.039	0.056	0.057	0.075	0.063	0.066	0.074	0.048	0.038	0.058	0.058	0.064	0.061	0.064	0.071	0.048	0.039	0.055	0.059	0.058	0.061	0.058	0.074	0.047	0.048	0.055	0.104	0.095	0.063	0.059	0.040	0.083	0.048	0.055	0.061	0.115	0.065	0.064	0.039	0.080	0.047
2:37:06	25.1	0.059	0.064	0.068	0.067	0.074	0.072	0.048	0.039	0.059	0.059	0.068	0.068	0.070	0.078	0.048	0.038	0.059	0.060	0.066	0.065	0.069	0.074	0.048	0.039	0.057	0.063	0.062	0.066	0.061	0.079	0.048	0.048	0.058	0.093	0.076	0.067	0.062	0.040	0.088	0.048	0.058	0.064	0.097	0.069	0.069	0.039	0.085	0.047
2:52:48	25.1	0.062	0.069	0.069	0.071	0.078	0.075	0.048	0.039	0.063	0.062	0.072	0.073	0.075	0.083	0.048	0.038	0.062	0.064	0.082	0.070	0.074	0.079	0.049	0.039	0.060	0.066	0.065	0.070	0.065	0.085	0.049	0.048	0.061	0.071	0.156	0.071	0.065	0.040	0.093	0.048	0.061	0.067	0.370	0.075	0.074	0.039	0.090	0.047
3:08:31	25.1	0.067	0.073	0.068	0.077	0.083	0.079	0.048	0.039	0.066	0.065	0.080	0.079	0.080	0.089	0.049	0.038	0.066	0.068	0.079	0.075	0.091	0.084	0.049	0.039	0.065	0.071	0.072	0.076	0.068	0.091	0.049	0.048	0.065	0.076	0.106	0.076	0.069	0.040	0.100	0.048	0.065	0.071	0.215	0.080	0.080	0.039	0.096	0.047
3:24:14	25.1	0.071	0.078	0.074	0.084	0.088	0.084	0.048	0.039	0.072	0.069	0.087	0.086	0.087	0.094	0.049	0.038	0.071	0.072	0.088	0.081	0.105	0.091	0.050	0.039	0.070	0.075	0.076	0.082	0.073	0.098	0.050	0.048	0.071	0.266	0.088	0.085	0.075	0.040	0.107	0.048	0.070	0.076	0.141	0.087	0.088	0.039	0.103	0.047
3:39:56	25.0	0.077	0.086	0.082	0.091	0.096	0.090	0.049	0.043	0.078	0.075	0.094	0.093	0.094	0.103	0.049	0.038	0.078	0.077	0.100	0.088	0.101	0.097	0.051	0.039	0.077	0.082	0.084	0.091	0.078	0.105	0.051	0.048	0.078	0.134	0.092	0.093	0.082	0.040	0.115	0.048	0.076	0.083	0.166	0.097	0.104	0.039	0.113	0.047
3:55:39	25.0	0.084	0.094	0.092	0.100	0.105	0.097	0.048	0.039	0.086	0.080	0.106	0.105	0.103	0.106	0.050	0.038	0.085	0.084	0.125	0.096	0.108	0.107	0.052	0.039	0.084	0.091	0.095	0.099	0.085	0.115	0.051	0.048	0.086	0.102	0.121	0.102	0.089	0.040	0.126	0.048	0.084	0.091	0.326	0.108	0.109	0.039	0.120	0.047
4:11:22	25.0	0.094	0.103	0.098	0.110	0.116	0.103	0.049	0.039	0.095	0.088	0.126	0.117	0.114	0.117	0.050	0.038	0.095	0.091	0.130	0.106	0.119	0.117	0.052	0.039	0.095	0.100	0.106	0.111	0.093	0.126	0.053	0.048	0.095	0.154	0.299	0.114	0.100	0.040	0.136	0.048	0.093	0.101	0.287	0.122	0.123	0.039	0.129	0.047
4:27:04	25.1	0.103	0.117	0.122	0.122	0.128	0.112	0.050	0.039	0.106	0.096	0.137	0.129	0.129	0.128	0.051	0.038	0.106	0.102	0.144	0.118	0.133	0.127	0.053	0.039	0.106	0.110	0.120	0.122	0.104	0.137	0.054	0.048	0.107	0.292	0.137	0.128	0.112	0.040	0.147	0.048	0.104	0.112	0.474	0.136	0.140	0.039	0.140	0.047
4:42:47	25.1	0.113	0.124	0.129	0.135	0.140	0.122	0.050	0.039	0.117	0.105	0.180	0.142	0.143	0.138	0.053	0.038	0.117	0.110	0.163	0.131	0.148	0.141	0.054	0.039	0.118	0.122	0.134	0.139	0.115	0.152	0.055	0.048	0.119	0.170	0.144	0.142	0.125	0.040	0.157	0.048	0.114	0.122	0.362	0.155	0.154	0.039	0.151	0.047
4:58:30	25.1	0.132	0.148	0.148	0.151	0.157	0.136	0.055	0.039	0.135	0.118	0.168	0.156	0.158	0.150	0.059	0.038	0.138	0.126	0.180	0.145	0.168	0.152	0.056	0.039	0.136	0.138	0.152	0.153	0.133	0.165	0.057	0.048	0.136	0.192	0.160	0.157	0.140	0.040	0.169	0.048	0.130	0.137	0.541	0.168	0.184	0.039	0.162	0.047
5:14:12	25.1	0.147	0.163	0.165	0.162	0.169	0.147	0.059	0.039	0.153	0.134	0.190	0.169	0.173	0.175	0.063	0.038	0.153	0.140	0.196	0.159	0.183	0.170	0.057	0.039	0.153	0.156	0.173	0.165	0.148	0.182	0.058	0.048	0.156	0.230	0.212	0.169	0.157	0.040	0.183	0.048	0.148	0.153	0.413	0.182	0.192	0.039	0.174	0.047
5:29:55	25.0	0.165	0.182	0.178	0.173	0.180	0.154	0.064	0.039	0.173	0.150	0.407	0.182	0.188	0.189	0.069	0.038	0.174	0.159	0.213	0.172	0.215	0.184	0.059	0.039	0.175	0.175	0.230	0.177	0.170	0.200	0.060	0.048	0.175	0.204	0.198	0.186	0.173	0.040	0.202	0.048	0.167	0.171	0.441	0.201	0.213	0.039	0.191	0.047
5:45:38	25.0	0.179	0.197	0.194	0.186	0.194	0.176	0.068	0.039	0.190	0.167	0.222	0.193	0.202	0.199	0.076	0.038	0.189	0.176	0.220	0.188	0.221	0.198	0.061	0.039	0.188	0.192	0.203	0.194	0.187	0.218	0.063	0.048	0.189	0.290	0.207	0.201	0.188	0.040	0.215	0.048	0.182	0.187	0.393	0.219	0.231	0.039	0.204	0.047
6:01:20	25.0	0.196	0.216	0.210	0.197	0.207	0.181	0.074	0.039	0.207	0.187	0.229	0.206	0.216	0.217	0.083	0.038	0.207	0.194	0.226	0.206	0.238	0.220	0.065	0.039	0.210	0.214	0.224	0.210	0.206	0.233	0.066	0.048	0.210	0.244	0.219	0.218	0.205	0.040	0.232	0.048	0.198	0.205	0.659	0.236	0.300	0.039	0.222	0.047
6:17:03	25.1	0.215	0.239	0.229	0.206	0.219	0.195	0.082	0.039	0.230	0.206	0.235	0.217	0.229	0.233	0.092	0.038	0.230	0.217	0.225	0.218	0.252	0.232	0.070	0.039	0.233	0.234	0.241	0.227	0.229	0.250	0.071	0.048	0.232	0.308	0.247	0.229	0.220	0.040	0.250	0.048	0.220	0.226	0.359	0.247	0.262	0.039	0.239	0.047
6:32:45	25.1	0.244	0.270	0.248	0.218	0.231	0.215	0.089	0.039	0.257	0.231	0.234	0.227	0.240	0.248	0.102	0.038	0.257	0.243	0.225	0.234	0.263	0.247	0.074	0.039	0.258	0.260	0.259	0.236	0.251	0.265	0.075	0.048	0.255	0.454	0.229	0.241	0.237	0.040	0.267	0.048	0.244	0.249	0.570	0.261	0.287	0.039	0.254	0.047
6:48:28	25.1	0.263	0.290	0.257	0.224	0.238	0.226	0.098	0.039	0.280	0.255	0.238	0.229	0.247	0.259	0.118	0.038	0.280	0.265	0.224	0.239	0.265	0.262	0.080	0.039	0.276	0.281	0.270	0.242	0.270	0.284	0.082	0.048	0.274	0.492	0.238	0.252	0.249	0.040	0.279	0.048	0.264	0.267	0.351	0.272	0.270	0.039	0.269	0.047
7:04:11	25.1	0.272	0.296	0.262	0.220	0.234	0.236	0.107	0.039	0.293	0.272	0.267	0.227	0.241	0.275	0.125	0.038	0.289	0.282	0.220	0.241	0.261	0.274	0.085	0.039	0.288	0.292	0.268	0.243	0.277	0.293	0.085	0.048	0.283	0.444	0.221	0.254	0.249	0.040	0.285	0.048	0.275	0.302	0.685	0.276	0.264	0.039	0.272	0.047
7:19:53	25.0	0.292	0.320	0.271	0.215	0.232	0.246	0.123	0.039	0.309	0.294	0.294	0.221	0.239	0.285	0.138	0.038	0.306	0.302	0.218	0.242	0.259	0.285	0.091	0.039	0.301	0.308	0.266	0.245	0.283	0.305	0.093	0.048	0.296	0.605	0.307	0.261	0.249	0.040	0.300	0.048	0.291	0.291	0.504	0.281	0.263	0.039	0.290	0.047
7:35:36	25.0	0.296	0.319	0.253	0.208	0.223	0.251	0.128	0.039	0.317	0.303	0.260	0.216	0.231	0.297	0.153	0.038	0.312	0.311	0.219	0.240	0.253	0.297	0.097	0.039	0.307	0.314	0.257	0.244	0.277	0.309	0.099	0.048	0.301	0.363	0.253	0.261	0.242	0.040	0.308	0.048	0.297	0.297	0.634	0.284	0.257	0.039	0.292	0.047
7:51:19	25.0	0.303	0.329	0.251	0.204	0.219	0.264	0.147	0.039	0.324	0.317	0.225	0.211	0.227	0.304	0.164	0.038	0.317	0.321	0.212	0.238	0.249	0.301	0.104	0.039	0.311	0.320	0.250	0.244	0.274	0.322	0.108	0.048	0.304	0.331	0.248	0.263	0.237	0.040	0.314	0.048	0.301	0.304	0.285	0.288	0.257	0.039	0.299	0.047
8:07:01	25.0	0.309	0.337	0.245	0.200	0.214	0.275	0.159	0.039	0.327	0.325	0.225	0.209	0.222	0.311	0.179	0.038	0.319	0.327	0.216	0.240	0.244	0.306	0.111	0.039	0.316	0.326	0.245	0.246	0.270	0.329	0.118	0.048	0.308	0.337	0.211	0.268	0.233	0.040	0.324	0.048	0.306	0.308	0.480	0.294	0.250	0.039	0.305	0.047
8:22:44	25.1	0.321	0.352	0.244	0.198	0.213	0.287	0.174	0.039	0.334	0.337	0.225	0.208	0.220	0.322	0.197	0.038	0.325	0.338	0.210	0.241	0.243	0.319	0.123	0.039	0.321	0.332	0.242	0.251	0.269	0.339	0.125	0.048	0.311	0.371	0.212	0.274	0.230	0.040	0.333	0.048	0.311	0.315	0.302	0.300	0.249	0.039	0.316	0.047
8:38:26	25.1	0.323	0.356	0.241	0.196	0.211	0.290	0.186	0.039	0.335	0.341	0.389	0.205	0.218	0.328	0.213	0.038	0.327	0.341	0.209	0.240	0.239	0.323	0.129	0.039	0.324	0.336	0.238	0.251	0.265	0.349	0.135	0.048	0.314	0.505	0.210	0.278	0.226	0.040	0.339	0.048	0.313	0.322	0.364	0.303	0.247	0.039	0.320	0.047
8:54:08	25.1	0.317	0.351	0.235	0.192	0.206	0.289	0.193	0.039	0.333	0.340	0.286	0.203	0.213	0.331	0.222	0.038	0.325	0.341	0.212	0.241	0.234	0.329	0.140	0.039	0.324	0.337	0.234	0.251	0.260	0.346	0.146	0.048	0.314	0.416	0.207	0.277	0.223	0.040	0.339	0.048	0.311	0.335	0.474	0.304	0.242	0.039	0.318	0.047
9:09:51	25.0	0.318	0.351	0.234	0.189	0.204	0.287	0.206	0.039	0.331	0.342	0.222	0.201	0.211	0.334	0.230	0.038	0.327	0.344	0.217	0.242	0.230	0.327	0.148	0.039	0.325	0.340	0.232	0.254	0.257	0.353	0.153	0.048	0.313	0.477	0.316	0.278	0.220	0.040	0.339	0.048	0.312	0.324	0.404	0.307	0.240	0.039	0.324	0.047
9:25:34	25.0	0.318	0.355	0.231	0.187	0.202	0.292	0.213	0.039	0.332	0.345	0.221	0.199	0.210	0.341	0.242	0.038	0.329	0.347	0.207	0.242	0.227	0.334	0.158	0.039	0.327	0.344	0.229	0.255	0.254	0.356	0.167	0.048	0.314	0.361	0.219	0.282	0.217	0.040	0.343	0.048	0.313	0.327	0.256	0.309	0.238	0.039	0.329	0.047
9:41:16	25.1	0.319	0.355	0.229	0.185	0.199	0.299	0.215	0.039	0.331	0.345	0.220	0.198	0.207	0.346	0.252	0.038	0.329	0.350	0.205	0.243	0.224	0.340	0.167	0.039	0.328	0.347	0.228	0.256	0.252	0.360	0.178	0.048	0.316	0.529	0.241	0.281	0.215	0.040	0.350	0.048	0.313	0.329	0.523	0.312	0.236	0.039	0.334	0.047
9:56:59	25.0	0.322	0.364	0.229	0.184	0.199	0.306	0.226	0.039	0.332	0.349	0.220	0.198	0.207	0.355	0.262	0.038	0.332	0.356	0.280	0.247	0.223	0.347	0.175	0.039	0.331	0.353	0.228	0.261	0.252	0.374	0.190	0.048	0.317	0.468	0.207	0.287	0.214	0.040	0.359	0.048	0.316	0.335	0.664	0.316	0.236	0.039	0.344	0.047
10:12:42	25.1	0.324	0.369	0.225	0.183	0.198	0.316	0.227	0.039	0.332	0.351	0.448	0.199	0.205	0.360	0.274	0.038	0.333	0.359	0.273	0.249	0.222	0.357	0.184	0.039	0.332	0.355	0.227	0.263	0.250	0.379	0.199	0.048	0.316	0.475	0.206	0.290	0.211	0.040	0.362	0.048	0.317	0.338	0.442	0.320	0.235	0.039	0.347	0.047
10:28:24	25.1	0.320	0.368	0.227	0.183	0.196	0.318	0.233	0.039	0.332	0.352	0.220	0.198	0.204	0.361	0.275	0.038	0.335	0.362	0.206	0.251	0.221	0.359	0.192	0.039	0.334	0.359	0.226	0.264	0.250	0.381	0.210	0.048	0.317	0.439	0.204	0.292	0.211	0.040	0.368	0.048	0.317	0.342	0.521	0.321	0.233	0.039	0.352	0.047
10:44:07	25.1	0.323	0.372	0.223	0.183	0.195	0.317	0.238	0.039	0.331	0.352	0.220	0.199	0.203	0.364	0.282	0.038	0.336	0.365	0.225	0.253	0.220	0.360	0.196	0.039	0.338	0.362	0.224	0.268	0.249	0.387	0.218	0.048	0.319	0.428	0.206	0.294	0.209	0.040	0.373	0.048	0.317	0.344	0.328	0.325	0.233	0.039	0.354	0.047
10:59:50	25.1	0.317	0.364	0.223	0.181	0.192	0.316	0.238	0.039	0.328	0.350	0.219	0.198	0.201	0.368	0.283	0.038	0.335	0.365	0.213	0.253	0.217	0.358	0.199	0.039	0.338	0.362	0.223	0.267	0.246	0.384	0.220	0.048	0.319	0.640	0.204	0.291	0.207	0.040	0.370	0.048	0.314	0.344	0.273	0.325	0.230	0.039	0.353	0.047
11:15:33	25.0	0.317	0.364	0.222	0.182	0.191	0.319	0.244	0.039	0.327	0.352	0.222	0.200	0.201	0.371	0.285	0.038	0.335	0.366	0.205	0.256	0.217	0.364	0.202	0.039	0.339	0.366	0.222	0.272	0.245	0.389	0.227	0.048	0.320	0.423	0.204	0.293	0.207	0.040	0.372	0.048	0.315	0.348	0.274	0.327	0.230	0.039	0.358	0.047
11:31:15	25.0	0.316	0.366	0.221	0.183	0.190	0.326	0.245	0.039	0.327	0.353	0.224	0.203	0.200	0.379	0.291	0.038	0.337	0.370	0.205	0.261	0.217	0.369	0.208	0.039	0.341	0.369	0.221	0.275	0.244	0.396	0.232	0.048	0.320	0.420	0.208	0.294	0.207	0.040	0.376	0.048	0.315	0.353	0.291	0.330	0.230	0.039	0.360	0.047
11:46:58	25.1	0.323	0.376	0.223	0.187	0.192	0.336	0.251	0.039	0.329	0.356	0.394	0.207	0.202	0.385	0.297	0.038	0.341	0.375	0.206	0.268	0.219	0.376	0.213	0.039	0.345	0.375	0.224	0.283	0.246	0.404	0.240	0.048	0.323	0.410	0.236	0.301	0.208	0.040	0.386	0.048	0.318	0.355	0.383	0.338	0.233	0.039	0.371	0.047
12:02:41	25.0	0.316	0.369	0.220	0.187	0.190	0.327	0.252	0.039	0.327	0.353	0.221	0.209	0.201	0.387	0.297	0.038	0.340	0.375	0.208	0.271	0.218	0.378	0.215	0.039	0.344	0.376	0.221	0.285	0.245	0.403	0.243	0.048	0.323	0.496	0.229	0.301	0.207	0.040	0.385	0.048	0.317	0.357	0.396	0.341	0.233	0.039	0.369	0.047
12:18:23	25.1	0.317	0.370	0.219	0.189	0.190	0.331	0.252	0.039	0.327	0.354	0.220	0.213	0.201	0.391	0.299	0.038	0.342	0.378	0.209	0.275	0.219	0.380	0.219	0.039	0.347	0.380	0.222	0.291	0.244	0.407	0.246	0.048	0.323	0.523	0.240	0.304	0.207	0.040	0.389	0.048	0.318	0.359	0.533	0.345	0.232	0.039	0.371	0.047
12:34:06	25.1	0.315	0.371	0.219	0.192	0.190	0.336	0.254	0.039	0.327	0.354	0.221	0.216	0.203	0.394	0.303	0.038	0.344	0.382	0.208	0.282	0.220	0.386	0.223	0.039	0.350	0.382	0.221	0.297	0.244	0.411	0.249	0.048	0.325	0.455	0.203	0.309	0.208	0.040	0.394	0.048	0.318	0.361	0.245	0.351	0.230	0.039	0.375	0.047
12:49:49	25.1	0.316	0.371	0.218	0.195	0.192	0.340	0.256	0.039	0.327	0.355	0.250	0.222	0.203	0.402	0.305	0.038	0.345	0.383	0.211	0.288	0.221	0.390	0.227	0.039	0.352	0.385	0.221	0.305	0.244	0.415	0.255	0.048	0.326	0.673	0.242	0.314	0.209	0.040	0.398	0.048	0.320	0.364	0.438	0.359	0.232	0.039	0.380	0.047
13:05:31	25.1	0.323	0.381	0.217	0.202	0.195	0.341	0.262	0.039	0.330	0.359	0.223	0.229	0.206	0.410	0.313	0.038	0.350	0.390	0.453	0.299	0.225	0.399	0.233	0.039	0.357	0.391	0.222	0.314	0.247	0.425	0.263	0.048	0.329	0.426	0.205	0.323	0.210	0.040	0.407	0.048	0.323	0.368	0.454	0.368	0.233	0.039	0.391	0.047
13:21:14	25.1	0.316	0.375	0.215	0.204	0.195	0.339	0.264	0.039	0.329	0.358	0.296	0.234	0.207	0.409	0.312	0.038	0.349	0.389	0.216	0.302	0.224	0.404	0.231	0.039	0.359	0.392	0.221	0.320	0.246	0.428	0.265	0.048	0.329	0.427	0.234	0.324	0.210	0.040	0.404	0.048	0.321	0.368	0.343	0.373	0.233	0.039	0.389	0.047
13:36:57	25.0	0.316	0.374	0.215	0.207	0.196	0.352	0.261	0.039	0.329	0.359	0.229	0.239	0.210	0.414	0.309	0.038	0.351	0.392	0.298	0.311	0.225	0.402	0.235	0.039	0.361	0.394	0.219	0.327	0.245	0.426	0.265	0.048	0.329	0.524	0.228	0.331	0.212	0.040	0.409	0.048	0.321	0.370	0.326	0.381	0.233	0.039	0.391	0.047
13:52:39	25.1	0.316	0.375	0.213	0.212	0.198	0.358	0.263	0.039	0.329	0.360	0.325	0.246	0.213	0.419	0.312	0.038	0.353	0.393	0.215	0.320	0.228	0.405	0.236	0.039	0.365	0.398	0.219	0.337	0.246	0.434	0.271	0.048	0.331	0.658	0.204	0.339	0.213	0.040	0.412	0.048	0.321	0.371	0.483	0.390	0.233	0.039	0.394	0.047
14:08:22	25.1	0.316	0.376	0.214	0.217	0.200	0.357	0.265	0.039	0.329	0.360	0.285	0.255	0.214	0.424	0.311	0.038	0.356	0.397	0.493	0.328	0.229	0.409	0.241	0.039	0.367	0.401	0.220	0.346	0.246	0.439	0.274	0.048	0.333	0.593	0.204	0.343	0.215	0.040	0.418	0.048	0.322	0.373	0.269	0.398	0.234	0.039	0.398	0.047
14:24:05	25.0	0.323	0.384	0.215	0.228	0.205	0.355	0.268	0.039	0.333	0.365	0.233	0.265	0.219	0.433	0.323	0.038	0.361	0.404	0.237	0.342	0.234	0.418	0.250	0.039	0.371	0.405	0.221	0.356	0.248	0.447	0.281	0.048	0.335	0.466	0.206	0.355	0.216	0.040	0.428	0.048	0.326	0.378	0.357	0.410	0.236	0.039	0.408	0.047
14:39:48	25.1	0.317	0.377	0.212	0.230	0.204	0.349	0.266	0.039	0.331	0.363	0.234	0.270	0.221	0.432	0.311	0.038	0.361	0.401	0.219	0.346	0.233	0.418	0.242	0.039	0.373	0.406	0.220	0.359	0.246	0.445	0.284	0.048	0.335	0.440	0.205	0.357	0.218	0.040	0.423	0.048	0.323	0.377	0.596	0.416	0.235	0.039	0.405	0.047
14:55:30	25.1	0.322	0.386	0.214	0.241	0.210	0.374	0.272	0.039	0.333	0.366	0.230	0.283	0.226	0.441	0.320	0.038	0.364	0.408	0.223	0.360	0.237	0.426	0.252	0.039	0.378	0.410	0.221	0.374	0.250	0.456	0.289	0.048	0.337	0.480	0.224	0.372	0.220	0.040	0.436	0.048	0.327	0.380	0.358	0.429	0.238	0.039	0.414	0.047
15:11:13	25.1	0.323	0.386	0.214	0.250	0.213	0.365	0.271	0.039	0.335	0.367	0.307	0.292	0.229	0.443	0.320	0.038	0.367	0.410	0.226	0.370	0.240	0.434	0.251	0.039	0.380	0.413	0.231	0.383	0.251	0.460	0.294	0.048	0.339	0.444	0.220	0.377	0.222	0.040	0.440	0.048	0.327	0.381	0.414	0.439	0.238	0.039	0.418	0.047
15:26:56	25.1	0.317	0.379	0.213	0.254	0.213	0.357	0.269	0.039	0.333	0.366	0.233	0.300	0.230	0.447	0.325	0.038	0.366	0.409	0.412	0.375	0.241	0.427	0.251	0.039	0.382	0.411	0.219	0.388	0.248	0.457	0.296	0.048	0.339	0.442	0.216	0.379	0.223	0.040	0.436	0.048	0.326	0.379	0.301	0.445	0.238	0.039	0.416	0.047
15:42:39	25.1	0.317	0.380	0.213	0.263	0.216	0.369	0.267	0.039	0.333	0.367	0.237	0.310	0.235	0.449	0.321	0.038	0.369	0.412	0.434	0.385	0.243	0.433	0.258	0.039	0.385	0.415	0.220	0.398	0.250	0.461	0.296	0.048	0.339	0.442	0.245	0.385	0.224	0.040	0.439	0.048	0.326	0.381	0.410	0.455	0.238	0.039	0.420	0.047
15:58:21	25.1	0.321	0.385	0.214	0.277	0.221	0.375	0.271	0.039	0.335	0.370	0.237	0.324	0.241	0.459	0.325	0.038	0.374	0.417	0.232	0.400	0.248	0.441	0.260	0.039	0.390	0.418	0.222	0.411	0.253	0.471	0.304	0.048	0.342	0.496	0.220	0.400	0.229	0.040	0.447	0.048	0.329	0.383	0.258	0.469	0.240	0.039	0.429	0.047
16:14:04	25.0	0.324	0.388	0.215	0.289	0.226	0.374	0.273	0.039	0.337	0.371	0.241	0.334	0.245	0.463	0.324	0.038	0.375	0.419	0.289	0.407	0.250	0.447	0.262	0.039	0.393	0.420	0.224	0.420	0.254	0.473	0.307	0.048	0.344	0.445	0.215	0.409	0.231	0.040	0.452	0.048	0.329	0.383	0.357	0.478	0.242	0.039	0.432	0.047
16:29:46	25.0	0.319	0.380	0.213	0.292	0.225	0.371	0.272	0.042	0.335	0.370	0.240	0.342	0.246	0.458	0.320	0.038	0.375	0.417	0.238	0.413	0.251	0.441	0.261	0.039	0.395	0.419	0.222	0.427	0.253	0.471	0.304	0.048	0.343	0.495	0.227	0.409	0.231	0.040	0.447	0.048	0.328	0.380	0.339	0.482	0.240	0.039	0.428	0.047
16:45:29	25.0	0.318	0.380	0.214	0.302	0.228	0.375	0.269	0.039	0.335	0.370	0.259	0.354	0.250	0.465	0.324	0.038	0.378	0.418	0.502	0.426	0.254	0.447	0.267	0.039	0.400	0.420	0.223	0.437	0.253	0.474	0.307	0.048	0.345	0.441	0.213	0.419	0.233	0.040	0.451	0.048	0.328	0.379	0.390	0.494	0.241	0.039	0.431	0.047
17:01:12	25.0	0.319	0.379	0.215	0.313	0.232	0.377	0.270	0.041	0.337	0.371	0.294	0.365	0.254	0.467	0.323	0.038	0.379	0.420	0.516	0.434	0.257	0.448	0.266	0.039	0.402	0.422	0.224	0.448	0.255	0.475	0.309	0.048	0.345	0.477	0.215	0.426	0.235	0.040	0.454	0.048	0.329	0.379	0.393	0.502	0.241	0.039	0.432	0.047
17:16:55	25.0	0.319	0.378	0.215	0.325	0.235	0.381	0.271	0.039	0.337	0.372	0.325	0.379	0.258	0.470	0.322	0.038	0.382	0.421	0.340	0.446	0.259	0.451	0.268	0.039	0.405	0.422	0.224	0.458	0.257	0.480	0.312	0.048	0.347	0.653	0.216	0.434	0.237	0.040	0.457	0.048	0.330	0.379	0.301	0.511	0.243	0.039	0.436	0.047
17:32:37	25.1	0.319	0.380	0.217	0.336	0.238	0.380	0.271	0.039	0.337	0.373	0.244	0.389	0.263	0.475	0.326	0.038	0.384	0.423	0.267	0.456	0.263	0.453	0.273	0.039	0.408	0.424	0.225	0.468	0.257	0.482	0.316	0.048	0.348	0.437	0.218	0.442	0.240	0.040	0.461	0.048	0.331	0.377	0.266	0.521	0.244	0.039	0.439	0.047
17:48:20	25.1	0.319	0.379	0.217	0.347	0.241	0.386	0.273	0.039	0.338	0.374	0.247	0.402	0.267	0.479	0.328	0.038	0.387	0.423	0.308	0.469	0.265	0.456	0.273	0.039	0.411	0.424	0.227	0.481	0.259	0.487	0.318	0.048	0.348	0.443	0.226	0.451	0.242	0.040	0.462	0.048	0.331	0.375	0.574	0.529	0.273	0.039	0.443	0.047
18:04:03	25.1	0.325	0.387	0.220	0.365	0.249	0.390	0.274	0.039	0.341	0.379	0.305	0.417	0.273	0.486	0.334	0.038	0.392	0.429	0.633	0.485	0.272	0.462	0.278	0.039	0.416	0.426	0.229	0.491	0.261	0.493	0.326	0.048	0.352	0.440	0.220	0.463	0.246	0.040	0.472	0.048	0.334	0.376	0.504	0.542	0.247	0.039	0.449	0.047
18:19:45	25.1	0.322	0.379	0.220	0.373	0.248	0.385	0.272	0.039	0.339	0.375	0.248	0.427	0.275	0.483	0.323	0.038	0.390	0.425	0.342	0.487	0.272	0.461	0.276	0.039	0.418	0.424	0.228	0.498	0.261	0.491	0.319	0.048	0.351	0.544	0.219	0.465	0.246	0.040	0.466	0.048	0.332	0.372	0.401	0.546	0.247	0.039	0.444	0.047
18:35:28	25.0	0.320	0.379	0.220	0.384	0.252	0.390	0.271	0.039	0.339	0.377	0.251	0.437	0.277	0.486	0.327	0.038	0.393	0.426	0.447	0.499	0.274	0.462	0.280	0.039	0.422	0.423	0.229	0.508	0.262	0.493	0.321	0.048	0.353	0.431	0.243	0.471	0.248	0.040	0.471	0.048	0.332	0.371	0.305	0.550	0.248	0.039	0.447	0.047
18:51:10	25.0	0.320	0.378	0.220	0.396	0.254	0.393	0.273	0.039	0.340	0.375	0.250	0.448	0.281	0.495	0.330	0.038	0.395	0.425	0.315	0.506	0.277	0.466	0.281	0.039	0.422	0.423	0.230	0.514	0.263	0.496	0.323	0.048	0.353	0.487	0.236	0.478	0.251	0.040	0.471	0.048	0.333	0.369	0.314	0.553	0.248	0.039	0.450	0.047
19:06:53	25.0	0.323	0.387	0.225	0.415	0.262	0.401	0.274	0.039	0.344	0.379	0.253	0.466	0.289	0.506	0.334	0.038	0.400	0.431	0.249	0.520	0.284	0.471	0.285	0.039	0.428	0.423	0.234	0.523	0.266	0.503	0.331	0.048	0.356	0.513	0.229	0.493	0.254	0.040	0.479	0.048	0.336	0.369	0.566	0.562	0.250	0.039	0.457	0.047
19:22:36	25.0	0.322	0.378	0.224	0.420	0.261	0.393	0.271	0.039	0.340	0.377	0.252	0.469	0.288	0.493	0.323	0.038	0.398	0.426	0.247	0.521	0.282	0.470	0.281	0.039	0.428	0.422	0.232	0.523	0.265	0.499	0.325	0.048	0.356	0.454	0.277	0.492	0.255	0.040	0.472	0.048	0.334	0.364	0.640	0.563	0.250	0.039	0.452	0.047
19:38:18	25.1	0.319	0.378	0.225	0.430	0.264	0.400	0.270	0.039	0.343	0.379	0.258	0.483	0.293	0.504	0.331	0.038	0.400	0.427	0.260	0.527	0.286	0.471	0.285	0.039	0.432	0.420	0.234	0.530	0.268	0.500	0.331	0.048	0.356	0.570	0.222	0.497	0.258	0.040	0.479	0.048	0.335	0.362	0.553	0.568	0.251	0.039	0.454	0.047
19:54:01	25.1	0.319	0.377	0.226	0.443	0.267	0.398	0.271	0.039	0.343	0.378	0.256	0.490	0.296	0.499	0.326	0.038	0.403	0.427	0.249	0.533	0.288	0.471	0.284	0.039	0.433	0.419	0.235	0.535	0.269	0.503	0.334	0.048	0.357	0.589	0.226	0.502	0.259	0.040	0.478	0.048	0.335	0.360	0.361	0.572	0.252	0.039	0.458	0.047
20:09:44	25.1	0.321	0.385	0.229	0.459	0.275	0.409	0.273	0.039	0.346	0.382	0.319	0.508	0.303	0.507	0.337	0.038	0.408	0.430	0.251	0.546	0.294	0.477	0.291	0.039	0.438	0.422	0.239	0.545	0.272	0.512	0.338	0.048	0.360	0.599	0.224	0.513	0.262	0.040	0.488	0.048	0.338	0.360	0.425	0.582	0.254	0.039	0.463	0.047
20:25:26	25.1	0.319	0.377	0.228	0.463	0.273	0.403	0.271	0.039	0.344	0.379	0.278	0.511	0.302	0.505	0.326	0.038	0.406	0.426	0.249	0.546	0.295	0.477	0.286	0.039	0.439	0.418	0.238	0.544	0.271	0.506	0.332	0.048	0.360	0.434	0.222	0.509	0.263	0.040	0.481	0.048	0.337	0.356	0.466	0.581	0.252	0.039	0.460	0.047
20:41:09	25.0	0.317	0.375	0.228	0.470	0.276	0.405	0.268	0.039	0.345	0.380	0.275	0.520	0.307	0.500	0.333	0.038	0.407	0.425	0.264	0.549	0.296	0.479	0.291	0.039	0.442	0.417	0.238	0.548	0.272	0.513	0.337	0.048	0.360	0.446	0.225	0.514	0.264	0.040	0.484	0.048	0.336	0.354	0.303	0.581	0.253	0.039	0.461	0.047
20:56:52	25.0	0.317	0.376	0.231	0.477	0.278	0.401	0.269	0.039	0.346	0.380	0.301	0.528	0.310	0.509	0.326	0.038	0.409	0.424	0.248	0.554	0.297	0.478	0.292	0.039	0.443	0.414	0.239	0.552	0.273	0.507	0.339	0.048	0.360	0.439	0.248	0.518	0.266	0.040	0.483	0.048	0.337	0.351	0.418	0.582	0.253	0.039	0.460	0.047
21:12:34	25.0	0.316	0.375	0.230	0.485	0.280	0.408	0.270	0.039	0.347	0.380	0.310	0.534	0.314	0.512	0.334	0.038	0.410	0.424	0.253	0.557	0.300	0.482	0.293	0.039	0.444	0.414	0.240	0.554	0.273	0.512	0.341	0.048	0.361	0.598	0.244	0.521	0.268	0.040	0.484	0.048	0.337	0.349	0.401	0.586	0.254	0.039	0.461	0.047
21:28:17	25.1	0.315	0.382	0.234	0.496	0.287	0.413	0.272	0.039	0.350	0.384	0.259	0.544	0.320	0.513	0.337	0.038	0.415	0.426	0.455	0.566	0.306	0.487	0.297	0.039	0.448	0.414	0.244	0.561	0.277	0.519	0.345	0.048	0.363	0.479	0.228	0.531	0.270	0.040	0.493	0.048	0.341	0.348	0.450	0.593	0.256	0.039	0.466	0.047
21:44:00	25.1	0.313	0.376	0.234	0.495	0.286	0.408	0.268	0.039	0.348	0.381	0.256	0.539	0.320	0.512	0.327	0.038	0.413	0.422	0.314	0.566	0.305	0.484	0.293	0.039	0.449	0.412	0.243	0.562	0.276	0.515	0.341	0.048	0.362	0.475	0.226	0.528	0.270	0.040	0.487	0.048	0.339	0.345	0.384	0.587	0.254	0.039	0.460	0.047
21:59:43	25.1	0.312	0.380	0.236	0.501	0.292	0.413	0.270	0.039	0.352	0.385	0.573	0.550	0.327	0.520	0.344	0.038	0.419	0.425	0.348	0.575	0.312	0.492	0.301	0.039	0.452	0.414	0.246	0.569	0.279	0.524	0.350	0.048	0.365	0.410	0.228	0.537	0.274	0.040	0.496	0.048	0.342	0.345	0.490	0.594	0.256	0.039	0.463	0.047
22:15:25	25.1	0.310	0.375	0.234	0.498	0.291	0.411	0.268	0.039	0.350	0.381	0.624	0.547	0.325	0.516	0.329	0.038	0.416	0.420	0.543	0.572	0.310	0.489	0.295	0.039	0.452	0.409	0.245	0.566	0.277	0.518	0.345	0.048	0.363	0.420	0.228	0.530	0.272	0.040	0.486	0.048	0.340	0.341	0.454	0.593	0.255	0.039	0.460	0.047
22:31:08	25.0	0.309	0.371	0.234	0.501	0.292	0.409	0.266	0.039	0.351	0.381	0.305	0.551	0.328	0.509	0.334	0.038	0.418	0.419	0.311	0.574	0.312	0.488	0.299	0.039	0.454	0.408	0.246	0.570	0.279	0.520	0.349	0.048	0.364	0.403	0.221	0.533	0.274	0.040	0.488	0.048	0.341	0.339	0.306	0.594	0.255	0.039	0.460	0.047
22:46:50	25.0	0.308	0.371	0.234	0.504	0.294	0.410	0.265	0.039	0.351	0.380	0.264	0.556	0.331	0.516	0.328	0.038	0.419	0.418	0.355	0.579	0.313	0.490	0.302	0.039	0.455	0.406	0.247	0.573	0.279	0.520	0.350	0.048	0.364	0.411	0.245	0.534	0.275	0.040	0.486	0.048	0.341	0.336	0.428	0.598	0.256	0.039	0.457	0.047
23:02:33	25.0	0.307	0.371	0.235	0.507	0.297	0.413	0.262	0.038	0.353	0.382	0.619	0.560	0.332	0.520	0.336	0.038	0.421	0.416	0.588	0.584	0.316	0.491	0.302	0.039	0.459	0.406	0.247	0.577	0.281	0.520	0.350	0.048	0.365	0.556	0.227	0.537	0.275	0.040	0.488	0.048	0.341	0.335	0.303	0.600	0.255	0.039	0.457	0.047
23:18:15	25.1	0.306	0.374	0.238	0.515	0.302	0.417	0.266	0.039	0.357	0.383	0.306	0.570	0.340	0.521	0.334	0.038	0.426	0.420	0.295	0.593	0.321	0.496	0.306	0.039	0.462	0.406	0.250	0.584	0.282	0.530	0.353	0.048	0.367	0.420	0.235	0.547	0.278	0.040	0.494	0.048	0.343	0.333	0.331	0.609	0.257	0.039	0.458	0.047
23:33:58	25.1	0.304	0.379	0.238	0.519	0.304	0.419	0.267	0.038	0.357	0.383	0.351	0.575	0.342	0.524	0.338	0.038	0.427	0.419	0.279	0.598	0.322	0.497	0.304	0.039	0.466	0.405	0.251	0.588	0.285	0.531	0.356	0.048	0.368	0.514	0.223	0.549	0.280	0.040	0.498	0.048	0.344	0.332	0.415	0.612	0.258	0.039	0.456	0.047
23:49:41	25.1	0.304	0.375	0.240	0.521	0.307	0.420	0.266	0.039	0.358	0.382	0.278	0.577	0.345	0.526	0.337	0.038	0.429	0.418	0.337	0.602	0.323	0.498	0.304	0.039	0.469	0.405	0.251	0.595	0.284	0.531	0.355	0.048	0.368	0.407	0.228	0.553	0.280	0.040	0.495	0.048	0.344	0.329	0.509	0.615	0.257	0.039	0.452	0.047
24:05:24	25.1	0.302	0.373	0.239	0.521	0.308	0.420	0.263	0.039	0.358	0.384	0.409	0.580	0.347	0.532	0.335	0.038	0.430	0.417	0.509	0.607	0.324	0.500	0.304	0.039	0.471	0.403	0.252	0.597	0.285	0.532	0.359	0.048	0.369	0.432	0.222	0.555	0.280	0.040	0.495	0.048	0.345	0.327	0.678	0.619	0.257	0.039	0.451	0.047
24:21:06	25.1	0.302	0.368	0.237	0.521	0.306	0.416	0.264	0.038	0.356	0.380	0.346	0.575	0.346	0.525	0.330	0.038	0.429	0.410	0.251	0.605	0.322	0.493	0.302	0.039	0.471	0.400	0.252	0.599	0.285	0.524	0.354	0.048	0.367	0.398	0.247	0.553	0.278	0.040	0.488	0.048	0.344	0.324	0.540	0.619	0.256	0.039	0.446	0.047
24:36:49	25.0	0.301	0.370	0.239	0.525	0.309	0.420	0.265	0.038	0.360	0.382	0.389	0.588	0.351	0.524	0.334	0.038	0.432	0.414	0.263	0.615	0.326	0.501	0.306	0.039	0.477	0.400	0.253	0.607	0.286	0.535	0.362	0.048	0.369	0.492	0.222	0.562	0.280	0.040	0.496	0.048	0.346	0.323	0.299	0.626	0.258	0.039	0.444	0.047
24:52:32	25.0	0.300	0.365	0.237	0.523	0.307	0.418	0.260	0.038	0.358	0.379	0.256	0.584	0.348	0.514	0.329	0.038	0.431	0.409	0.252	0.616	0.323	0.493	0.303	0.039	0.478	0.396	0.253	0.609	0.285	0.526	0.354	0.048	0.369	0.391	0.219	0.560	0.279	0.040	0.486	0.048	0.343	0.320	0.442	0.626	0.256	0.039	0.440	0.047
25:08:14	25.0	0.300	0.364	0.235	0.523	0.308	0.413	0.258	0.038	0.359	0.380	0.256	0.587	0.350	0.521	0.338	0.038	0.432	0.408	0.408	0.620	0.323	0.496	0.308	0.039	0.479	0.396	0.252	0.613	0.285	0.527	0.359	0.048	0.368	0.389	0.219	0.564	0.279	0.040	0.487	0.048	0.344	0.318	0.312	0.629	0.255	0.039	0.438	0.047
25:23:57	25.0	0.299	0.361	0.235	0.525	0.307	0.413	0.259	0.039	0.359	0.380	0.261	0.591	0.351	0.522	0.338	0.038	0.434	0.407	0.316	0.624	0.325	0.497	0.311	0.039	0.483	0.394	0.253	0.620	0.287	0.529	0.361	0.048	0.369	0.491	0.220	0.568	0.278	0.040	0.487	0.048	0.345	0.317	0.315	0.631	0.286	0.039	0.437	0.047
25:39:40	25.1	0.299	0.360	0.235	0.527	0.308	0.416	0.257	0.038	0.359	0.379	0.257	0.591	0.352	0.523	0.337	0.038	0.436	0.405	0.247	0.632	0.324	0.496	0.311	0.039	0.486	0.394	0.252	0.626	0.288	0.528	0.362	0.048	0.369	0.406	0.219	0.572	0.279	0.040	0.487	0.048	0.345	0.314	0.463	0.637	0.255	0.039	0.433	0.047
25:55:22	25.1	0.297	0.366	0.237	0.532	0.312	0.415	0.257	0.039	0.364	0.382	0.261	0.602	0.356	0.528	0.341	0.038	0.440	0.409	0.565	0.642	0.327	0.503	0.315	0.039	0.489	0.395	0.255	0.634	0.290	0.539	0.367	0.048	0.370	0.486	0.223	0.584	0.280	0.040	0.493	0.048	0.347	0.314	0.361	0.643	0.258	0.039	0.432	0.047
26:11:05	25.1	0.295	0.361	0.237	0.534	0.310	0.416	0.255	0.038	0.364	0.381	0.291	0.601	0.355	0.524	0.339	0.038	0.444	0.408	0.250	0.646	0.328	0.501	0.310	0.038	0.490	0.393	0.255	0.638	0.290	0.537	0.365	0.048	0.371	0.537	0.220	0.590	0.280	0.040	0.493	0.048	0.348	0.312	0.603	0.648	0.258	0.039	0.427	0.047
26:26:48	25.1	0.294	0.359	0.236	0.535	0.310	0.416	0.255	0.038	0.364	0.379	0.265	0.604	0.356	0.529	0.339	0.038	0.446	0.407	0.248	0.650	0.327	0.502	0.311	0.039	0.493	0.393	0.257	0.641	0.290	0.537	0.363	0.048	0.372	0.383	0.221	0.594	0.280	0.040	0.492	0.048	0.346	0.309	0.388	0.648	0.257	0.039	0.426	0.047
26:42:31	25.1	0.293	0.353	0.234	0.532	0.306	0.410	0.252	0.038	0.362	0.376	0.258	0.601	0.351	0.516	0.329	0.038	0.444	0.401	0.591	0.647	0.324	0.497	0.310	0.038	0.492	0.389	0.253	0.643	0.288	0.528	0.361	0.048	0.370	0.381	0.216	0.590	0.279	0.040	0.484	0.048	0.345	0.306	0.409	0.648	0.255	0.039	0.420	0.047
26:58:14	25.0	0.289	0.352	0.234	0.532	0.306	0.407	0.250	0.038	0.363	0.376	0.319	0.601	0.351	0.521	0.337	0.038	0.445	0.399	0.249	0.652	0.323	0.495	0.312	0.039	0.493	0.388	0.254	0.646	0.290	0.526	0.365	0.048	0.370	0.425	0.217	0.595	0.279	0.040	0.483	0.048	0.345	0.304	0.357	0.651	0.256	0.039	0.418	0.047
27:13:56	25.0	0.289	0.352	0.234	0.535	0.307	0.412	0.251	0.039	0.366	0.378	0.488	0.611	0.356	0.529	0.342	0.038	0.452	0.404	0.315	0.661	0.329	0.503	0.317	0.039	0.498	0.389	0.255	0.653	0.292	0.536	0.372	0.048	0.374	0.564	0.223	0.606	0.281	0.040	0.489	0.048	0.347	0.304	0.293	0.656	0.275	0.039	0.417	0.047
27:29:39	25.0	0.289	0.350	0.234	0.537	0.306	0.409	0.249	0.038	0.366	0.377	0.258	0.612	0.354	0.524	0.335	0.038	0.455	0.403	0.473	0.666	0.328	0.500	0.317	0.039	0.501	0.388	0.256	0.658	0.292	0.536	0.367	0.048	0.373	0.396	0.218	0.611	0.281	0.040	0.487	0.048	0.347	0.303	0.478	0.659	0.257	0.039	0.414	0.047
27:45:22	25.0	0.286	0.347	0.232	0.537	0.306	0.411	0.247	0.038	0.368	0.377	0.292	0.615	0.355	0.529	0.335	0.038	0.458	0.401	0.258	0.668	0.329	0.501	0.316	0.038	0.502	0.386	0.257	0.660	0.292	0.535	0.365	0.048	0.374	0.376	0.218	0.614	0.280	0.040	0.489	0.048	0.347	0.300	0.452	0.660	0.260	0.039	0.411	0.047
28:01:05	25.1	0.285	0.345	0.232	0.539	0.304	0.408	0.246	0.038	0.368	0.376	0.261	0.615	0.354	0.522	0.336	0.038	0.461	0.400	0.552	0.671	0.327	0.498	0.313	0.039	0.504	0.385	0.257	0.665	0.292	0.535	0.367	0.048	0.375	0.382	0.218	0.618	0.280	0.040	0.486	0.048	0.347	0.298	0.486	0.663	0.257	0.039	0.407	0.047
28:16:48	25.1	0.285	0.342	0.230	0.538	0.303	0.404	0.243	0.038	0.369	0.376	0.261	0.619	0.355	0.528	0.337	0.038	0.463	0.400	0.331	0.675	0.329	0.499	0.313	0.039	0.507	0.385	0.257	0.667	0.293	0.534	0.370	0.048	0.375	0.446	0.218	0.621	0.280	0.040	0.486	0.048	0.348	0.296	0.395	0.666	0.258	0.039	0.404	0.047
28:32:30	25.1	0.281	0.346	0.230	0.538	0.303	0.402	0.242	0.038	0.369	0.375	0.306	0.619	0.354	0.521	0.339	0.038	0.466	0.399	0.341	0.677	0.328	0.500	0.315	0.038	0.509	0.384	0.257	0.670	0.294	0.535	0.369	0.048	0.377	0.409	0.229	0.624	0.280	0.040	0.486	0.048	0.348	0.293	0.376	0.666	0.256	0.039	0.402	0.047
28:48:13	25.1	0.278	0.337	0.227	0.538	0.299	0.403	0.241	0.038	0.367	0.372	0.593	0.614	0.351	0.523	0.332	0.038	0.465	0.392	0.246	0.672	0.323	0.496	0.312	0.039	0.508	0.380	0.255	0.668	0.291	0.528	0.366	0.048	0.376	0.376	0.216	0.621	0.278	0.040	0.479	0.048	0.346	0.290	0.283	0.664	0.254	0.039	0.396	0.047
29:03:56	25.0	0.280	0.336	0.228	0.538	0.299	0.400	0.238	0.038	0.370	0.373	0.344	0.621	0.353	0.526	0.336	0.038	0.472	0.397	0.251	0.682	0.327	0.499	0.316	0.038	0.514	0.382	0.256	0.675	0.294	0.535	0.369	0.048	0.379	0.380	0.217	0.631	0.279	0.040	0.486	0.048	0.348	0.290	0.516	0.670	0.290	0.039	0.393	0.047
29:19:39	25.0	0.277	0.333	0.226	0.537	0.297	0.398	0.235	0.038	0.369	0.370	0.680	0.617	0.348	0.511	0.330	0.038	0.471	0.391	0.408	0.678	0.322	0.496	0.312	0.038	0.514	0.378	0.254	0.675	0.292	0.527	0.367	0.048	0.379	0.395	0.214	0.627	0.278	0.040	0.476	0.048	0.347	0.287	0.309	0.667	0.254	0.039	0.389	0.047
29:35:22	25.0	0.275	0.331	0.225	0.538	0.295	0.399	0.233	0.038	0.370	0.368	0.257	0.619	0.349	0.523	0.334	0.038	0.473	0.390	0.434	0.681	0.322	0.495	0.313	0.038	0.515	0.378	0.254	0.678	0.293	0.529	0.373	0.048	0.381	0.488	0.216	0.629	0.277	0.040	0.478	0.048	0.348	0.285	0.343	0.670	0.254	0.039	0.386	0.047
29:51:04	25.0	0.274	0.333	0.224	0.539	0.294	0.395	0.230	0.038	0.371	0.369	0.258	0.619	0.349	0.522	0.337	0.038	0.477	0.390	0.297	0.683	0.321	0.494	0.313	0.038	0.516	0.377	0.255	0.682	0.293	0.528	0.370	0.048	0.381	0.364	0.217	0.634	0.277	0.040	0.476	0.048	0.348	0.283	0.498	0.671	0.254	0.039	0.382	0.047
30:06:47	25.1	0.273	0.326	0.223	0.537	0.294	0.395	0.226	0.038	0.373	0.370	0.259	0.624	0.351	0.528	0.342	0.038	0.481	0.393	0.279	0.692	0.324	0.499	0.320	0.038	0.523	0.379	0.258	0.688	0.295	0.535	0.374	0.048	0.385	0.366	0.219	0.645	0.278	0.040	0.481	0.048	0.348	0.281	0.308	0.677	0.256	0.039	0.378	0.047
30:22:30	25.1	0.273	0.324	0.223	0.538	0.293	0.392	0.224	0.038	0.374	0.368	0.616	0.627	0.352	0.517	0.336	0.038	0.483	0.392	0.252	0.694	0.325	0.498	0.320	0.039	0.525	0.376	0.257	0.693	0.297	0.535	0.373	0.048	0.384	0.373	0.225	0.646	0.279	0.040	0.485	0.048	0.348	0.280	0.414	0.679	0.255	0.039	0.377	0.047
30:38:13	25.1	0.272	0.322	0.222	0.538	0.290	0.389	0.222	0.038	0.375	0.367	0.261	0.628	0.350	0.525	0.337	0.038	0.484	0.391	0.378	0.698	0.325	0.499	0.318	0.038	0.526	0.376	0.258	0.696	0.297	0.536	0.375	0.048	0.388	0.447	0.231	0.651	0.279	0.040	0.482	0.048	0.347	0.277	0.445	0.680	0.274	0.039	0.371	0.047
30:53:55	25.1	0.272	0.319	0.221	0.537	0.291	0.389	0.219	0.038	0.377	0.367	0.456	0.628	0.349	0.518	0.338	0.038	0.488	0.389	0.291	0.701	0.325	0.497	0.320	0.038	0.530	0.374	0.257	0.698	0.297	0.535	0.371	0.048	0.389	0.372	0.216	0.655	0.279	0.040	0.481	0.048	0.347	0.275	0.315	0.681	0.255	0.039	0.368	0.047
31:09:38	25.1	0.270	0.321	0.219	0.537	0.290	0.387	0.218	0.038	0.375	0.363	0.258	0.625	0.346	0.519	0.331	0.038	0.485	0.385	0.305	0.695	0.320	0.493	0.317	0.038	0.529	0.373	0.256	0.699	0.296	0.526	0.369	0.048	0.389	0.422	0.215	0.650	0.277	0.040	0.474	0.048	0.346	0.271	0.565	0.678	0.253	0.039	0.364	0.047
31:25:21	25.0	0.271	0.316	0.219	0.537	0.288	0.388	0.216	0.038	0.379	0.365	0.271	0.631	0.349	0.526	0.342	0.038	0.492	0.388	0.261	0.703	0.323	0.498	0.321	0.039	0.534	0.374	0.257	0.704	0.297	0.535	0.378	0.048	0.392	0.497	0.217	0.660	0.277	0.040	0.476	0.048	0.345	0.270	0.538	0.685	0.256	0.039	0.361	0.047
31:41:04	25.0	0.271	0.314	0.218	0.537	0.288	0.384	0.213	0.038	0.381	0.364	0.274	0.631	0.348	0.517	0.336	0.038	0.495	0.388	0.302	0.705	0.323	0.497	0.320	0.039	0.536	0.372	0.257	0.708	0.297	0.535	0.378	0.048	0.394	0.513	0.247	0.663	0.278	0.040	0.477	0.048	0.343	0.267	0.410	0.686	0.254	0.039	0.357	0.047
31:56:47	25.0	0.271	0.312	0.218	0.537	0.285	0.382	0.210	0.038	0.379	0.360	0.288	0.628	0.345	0.519	0.330	0.038	0.494	0.383	0.509	0.704	0.319	0.493	0.315	0.038	0.535	0.370	0.255	0.707	0.295	0.529	0.373	0.048	0.394	0.543	0.215	0.660	0.275	0.040	0.470	0.048	0.341	0.265	0.312	0.683	0.253	0.039	0.350	0.047
32:12:30	25.0	0.271	0.310	0.216	0.536	0.285	0.378	0.206	0.038	0.384	0.363	0.333	0.634	0.348	0.527	0.337	0.038	0.502	0.386	0.253	0.711	0.323	0.497	0.321	0.039	0.541	0.370	0.259	0.712	0.298	0.533	0.376	0.048	0.398	0.566	0.217	0.671	0.277	0.040	0.475	0.048	0.339	0.262	0.287	0.688	0.253	0.039	0.349	0.047
32:28:12	25.0	0.271	0.308	0.216	0.537	0.283	0.378	0.204	0.038	0.383	0.360	0.259	0.630	0.344	0.513	0.331	0.038	0.499	0.380	0.537	0.708	0.318	0.489	0.318	0.038	0.541	0.368	0.256	0.713	0.296	0.527	0.375	0.048	0.398	0.471	0.255	0.666	0.275	0.040	0.466	0.048	0.338	0.260	0.371	0.685	0.252	0.039	0.343	0.047
32:43:55	25.0	0.272	0.308	0.215	0.538	0.282	0.376	0.200	0.038	0.386	0.359	0.603	0.631	0.343	0.522	0.335	0.038	0.502	0.379	0.513	0.711	0.318	0.489	0.316	0.038	0.544	0.366	0.256	0.716	0.295	0.526	0.374	0.048	0.400	0.352	0.227	0.668	0.275	0.040	0.466	0.048	0.338	0.257	0.406	0.686	0.252	0.039	0.341	0.047
32:59:38	25.1	0.270	0.304	0.214	0.537	0.281	0.373	0.197	0.038	0.386	0.357	0.265	0.632	0.343	0.511	0.327	0.038	0.504	0.378	0.247	0.711	0.319	0.489	0.318	0.038	0.546	0.366	0.256	0.719	0.297	0.524	0.373	0.048	0.401	0.571	0.214	0.672	0.275	0.040	0.466	0.048	0.336	0.255	0.651	0.688	0.252	0.039	0.336	0.047
33:15:21	25.1	0.272	0.303	0.212	0.536	0.279	0.372	0.196	0.039	0.391	0.359	0.558	0.637	0.346	0.526	0.338	0.038	0.511	0.381	0.252	0.719	0.323	0.495	0.319	0.038	0.550	0.366	0.258	0.725	0.299	0.532	0.378	0.048	0.404	0.456	0.218	0.682	0.277	0.040	0.472	0.048	0.334	0.253	0.401	0.692	0.257	0.039	0.334	0.047
33:31:04	25.1	0.272	0.305	0.212	0.537	0.278	0.372	0.193	0.038	0.393	0.359	0.259	0.637	0.345	0.515	0.336	0.038	0.513	0.380	0.378	0.720	0.321	0.494	0.321	0.038	0.554	0.365	0.259	0.727	0.298	0.531	0.374	0.048	0.405	0.482	0.243	0.685	0.278	0.040	0.470	0.048	0.333	0.250	0.384	0.691	0.252	0.039	0.331	0.047
33:46:47	25.1	0.271	0.300	0.212	0.537	0.277	0.371	0.191	0.038	0.395	0.357	0.262	0.638	0.345	0.517	0.334	0.038	0.517	0.379	0.347	0.724	0.321	0.494	0.319	0.038	0.556	0.365	0.259	0.729	0.299	0.531	0.376	0.048	0.406	0.541	0.248	0.687	0.277	0.040	0.470	0.048	0.332	0.248	0.622	0.692	0.252	0.039	0.329	0.047
34:02:29	25.0	0.270	0.299	0.210	0.537	0.275	0.368	0.190	0.038	0.398	0.356	0.316	0.640	0.344	0.516	0.335	0.038	0.519	0.379	0.399	0.726	0.322	0.492	0.321	0.038	0.560	0.363	0.259	0.732	0.299	0.532	0.374	0.048	0.408	0.355	0.226	0.691	0.277	0.040	0.468	0.048	0.332	0.246	0.380	0.695	0.252	0.039	0.324	0.047
34:18:12	25.0	0.270	0.303	0.211	0.537	0.274	0.364	0.186	0.038	0.399	0.354	0.431	0.637	0.340	0.510	0.329	0.038	0.518	0.374	0.252	0.723	0.318	0.487	0.316	0.038	0.559	0.362	0.257	0.732	0.297	0.521	0.370	0.048	0.409	0.541	0.214	0.685	0.274	0.040	0.461	0.048	0.330	0.242	0.342	0.692	0.251	0.039	0.319	0.047
34:33:55	25.0	0.271	0.296	0.210	0.535	0.273	0.363	0.184	0.038	0.403	0.355	0.262	0.643	0.342	0.521	0.335	0.038	0.524	0.377	0.309	0.729	0.321	0.492	0.322	0.038	0.564	0.363	0.259	0.737	0.299	0.530	0.380	0.048	0.411	0.371	0.226	0.696	0.276	0.040	0.465	0.048	0.330	0.240	0.593	0.692	0.251	0.039	0.317	0.047
34:49:38	25.0	0.271	0.299	0.209	0.534	0.272	0.360	0.182	0.038	0.404	0.352	0.661	0.643	0.343	0.516	0.333	0.038	0.526	0.376	0.254	0.731	0.320	0.491	0.319	0.039	0.567	0.362	0.262	0.740	0.300	0.530	0.377	0.048	0.413	0.492	0.216	0.697	0.276	0.040	0.466	0.048	0.330	0.238	0.415	0.693	0.253	0.039	0.315	0.047
35:05:20	25.1	0.271	0.292	0.208	0.535	0.269	0.358	0.180	0.038	0.408	0.353	0.543	0.645	0.344	0.516	0.337	0.038	0.529	0.375	0.478	0.732	0.320	0.490	0.320	0.038	0.570	0.361	0.260	0.743	0.301	0.530	0.375	0.048	0.414	0.344	0.244	0.702	0.276	0.040	0.465	0.048	0.329	0.234	0.396	0.693	0.250	0.039	0.311	0.047
35:21:03	25.1	0.271	0.289	0.207	0.535	0.268	0.355	0.179	0.038	0.409	0.350	0.384	0.647	0.343	0.519	0.333	0.038	0.532	0.375	0.327	0.736	0.321	0.491	0.322	0.038	0.573	0.360	0.261	0.742	0.301	0.528	0.377	0.048	0.417	0.506	0.277	0.703	0.276	0.040	0.464	0.048	0.329	0.232	0.349	0.693	0.249	0.039	0.308	0.047
35:36:46	25.1	0.271	0.290	0.206	0.535	0.267	0.352	0.177	0.038	0.410	0.351	0.443	0.648	0.344	0.515	0.336	0.038	0.534	0.374	0.252	0.737	0.319	0.488	0.320	0.038	0.574	0.359	0.261	0.744	0.300	0.529	0.378	0.048	0.416	0.339	0.216	0.706	0.277	0.040	0.463	0.048	0.328	0.230	0.630	0.695	0.250	0.039	0.306	0.047
35:52:29	25.0	0.272	0.286	0.206	0.534	0.265	0.351	0.176	0.038	0.411	0.350	0.262	0.649	0.341	0.512	0.334	0.038	0.537	0.373	0.392	0.738	0.320	0.490	0.318	0.038	0.577	0.358	0.261	0.749	0.301	0.530	0.375	0.048	0.419	0.543	0.218	0.707	0.276	0.040	0.461	0.048	0.327	0.227	0.636	0.696	0.249	0.039	0.304	0.047
36:08:12	25.0	0.271	0.283	0.205	0.534	0.264	0.346	0.176	0.038	0.412	0.348	0.313	0.650	0.343	0.515	0.335	0.038	0.539	0.372	0.264	0.740	0.319	0.490	0.319	0.038	0.579	0.357	0.261	0.751	0.301	0.528	0.377	0.048	0.420	0.383	0.215	0.709	0.275	0.040	0.461	0.048	0.328	0.226	0.461	0.694	0.248	0.039	0.300	0.047
36:23:55	25.0	0.272	0.282	0.205	0.533	0.261	0.345	0.172	0.038	0.416	0.348	0.261	0.652	0.342	0.514	0.333	0.038	0.541	0.370	0.279	0.741	0.319	0.489	0.319	0.039	0.582	0.357	0.262	0.753	0.301	0.528	0.376	0.048	0.421	0.365	0.217	0.710	0.275	0.040	0.457	0.048	0.328	0.223	0.287	0.694	0.247	0.039	0.298	0.047
36:39:38	25.0	0.272	0.279	0.203	0.533	0.260	0.342	0.172	0.038	0.419	0.346	0.261	0.654	0.340	0.513	0.334	0.038	0.545	0.370	0.254	0.744	0.320	0.487	0.319	0.038	0.584	0.356	0.263	0.755	0.301	0.524	0.378	0.048	0.423	0.379	0.216	0.714	0.275	0.040	0.457	0.048	0.327	0.221	0.515	0.694	0.248	0.039	0.296	0.047
36:55:21	25.1	0.272	0.277	0.203	0.532	0.259	0.338	0.171	0.039	0.421	0.346	0.263	0.654	0.341	0.512	0.335	0.038	0.548	0.369	0.399	0.743	0.319	0.488	0.318	0.038	0.587	0.355	0.263	0.756	0.301	0.526	0.376	0.048	0.424	0.534	0.221	0.715	0.276	0.040	0.455	0.048	0.327	0.219	0.519	0.693	0.246	0.039	0.293	0.047
37:11:03	25.1	0.272	0.274	0.202	0.531	0.258	0.335	0.170	0.038	0.423	0.345	0.309	0.654	0.339	0.515	0.333	0.038	0.550	0.367	0.277	0.745	0.319	0.489	0.318	0.038	0.589	0.354	0.263	0.756	0.301	0.526	0.376	0.048	0.424	0.338	0.225	0.716	0.275	0.040	0.453	0.048	0.328	0.217	0.253	0.693	0.250	0.039	0.292	0.047
37:26:46	25.1	0.272	0.271	0.201	0.531	0.256	0.332	0.169	0.038	0.425	0.343	0.264	0.655	0.339	0.510	0.332	0.038	0.552	0.367	0.655	0.748	0.318	0.487	0.318	0.038	0.591	0.352	0.264	0.758	0.301	0.521	0.375	0.048	0.425	0.396	0.216	0.719	0.275	0.040	0.453	0.048	0.327	0.215	0.366	0.692	0.246	0.039	0.287	0.047
37:42:29	25.0	0.272	0.269	0.200	0.530	0.255	0.327	0.168	0.038	0.426	0.343	0.266	0.658	0.338	0.513	0.334	0.038	0.554	0.366	0.260	0.749	0.318	0.486	0.319	0.038	0.594	0.352	0.266	0.761	0.302	0.530	0.377	0.048	0.426	0.340	0.214	0.720	0.275	0.040	0.453	0.048	0.327	0.214	0.428	0.692	0.245	0.039	0.286	0.047
37:58:12	25.0	0.273	0.266	0.201	0.529	0.253	0.323	0.166	0.038	0.427	0.339	0.261	0.655	0.335	0.503	0.325	0.038	0.552	0.361	0.304	0.743	0.314	0.482	0.315	0.038	0.591	0.349	0.263	0.759	0.299	0.517	0.368	0.048	0.425	0.492	0.214	0.714	0.273	0.040	0.446	0.048	0.327	0.211	0.453	0.690	0.244	0.039	0.283	0.047
38:13:55	25.0	0.273	0.263	0.198	0.528	0.250	0.321	0.165	0.038	0.431	0.342	0.485	0.661	0.337	0.516	0.326	0.038	0.560	0.363	0.301	0.750	0.317	0.485	0.317	0.038	0.596	0.350	0.266	0.763	0.301	0.526	0.374	0.048	0.427	0.421	0.216	0.724	0.274	0.040	0.449	0.048	0.328	0.210	0.367	0.691	0.244	0.039	0.282	0.047
38:29:38	25.0	0.273	0.260	0.197	0.527	0.249	0.319	0.164	0.038	0.431	0.340	0.262	0.662	0.338	0.510	0.332	0.038	0.562	0.364	0.363	0.752	0.318	0.485	0.316	0.038	0.598	0.349	0.266	0.765	0.302	0.521	0.375	0.048	0.429	0.326	0.220	0.725	0.274	0.040	0.448	0.048	0.328	0.209	0.379	0.691	0.243	0.039	0.280	0.047
38:45:21	25.1	0.273	0.258	0.196	0.527	0.248	0.315	0.163	0.038	0.433	0.339	0.263	0.662	0.338	0.509	0.331	0.038	0.564	0.363	0.602	0.752	0.319	0.483	0.315	0.038	0.600	0.349	0.267	0.765	0.301	0.521	0.375	0.048	0.430	0.476	0.215	0.727	0.275	0.040	0.446	0.048	0.328	0.207	0.362	0.688	0.242	0.039	0.280	0.047
39:01:03	25.1	0.273	0.255	0.195	0.526	0.246	0.312	0.162	0.038	0.434	0.338	0.280	0.663	0.337	0.510	0.329	0.038	0.566	0.361	0.255	0.753	0.318	0.482	0.321	0.038	0.602	0.348	0.268	0.767	0.302	0.521	0.376	0.048	0.429	0.494	0.215	0.727	0.273	0.040	0.444	0.048	0.328	0.206	0.365	0.689	0.242	0.039	0.279	0.047
39:16:46	25.1	0.273	0.252	0.194	0.524	0.244	0.307	0.161	0.038	0.435	0.337	0.263	0.664	0.336	0.513	0.329	0.038	0.570	0.360	0.257	0.755	0.318	0.484	0.317	0.038	0.602	0.347	0.266	0.769	0.302	0.525	0.376	0.048	0.431	0.382	0.215	0.729	0.273	0.040	0.445	0.048	0.328	0.205	0.357	0.687	0.241	0.039	0.277	0.047
39:32:29	25.0	0.273	0.249	0.193	0.522	0.243	0.303	0.161	0.038	0.437	0.336	0.345	0.667	0.337	0.509	0.330	0.038	0.570	0.359	0.374	0.755	0.317	0.484	0.317	0.038	0.604	0.346	0.268	0.770	0.302	0.526	0.376	0.048	0.431	0.322	0.215	0.730	0.273	0.040	0.440	0.048	0.328	0.203	0.492	0.687	0.240	0.039	0.275	0.047
39:48:12	25.0	0.273	0.247	0.192	0.521	0.241	0.299	0.160	0.038	0.437	0.336	0.330	0.667	0.336	0.506	0.328	0.038	0.573	0.359	0.309	0.758	0.317	0.482	0.314	0.038	0.604	0.346	0.269	0.769	0.301	0.522	0.375	0.048	0.434	0.389	0.215	0.731	0.273	0.040	0.438	0.048	0.328	0.202	0.355	0.686	0.239	0.039	0.274	0.047
40:03:55	25.1	0.273	0.244	0.191	0.521	0.240	0.298	0.159	0.038	0.438	0.334	0.310	0.666	0.335	0.507	0.326	0.038	0.575	0.357	0.256	0.758	0.316	0.483	0.317	0.038	0.605	0.345	0.268	0.771	0.303	0.515	0.373	0.048	0.434	0.387	0.217	0.731	0.273	0.040	0.438	0.048	0.328	0.201	0.561	0.686	0.239	0.039	0.272	0.047
40:19:38	25.0	0.273	0.241	0.189	0.519	0.238	0.293	0.158	0.038	0.439	0.333	0.600	0.669	0.335	0.510	0.326	0.038	0.577	0.357	0.473	0.758	0.316	0.481	0.314	0.038	0.607	0.344	0.270	0.775	0.302	0.518	0.373	0.048	0.435	0.373	0.216	0.734	0.272	0.040	0.438	0.048	0.328	0.200	0.638	0.682	0.237	0.039	0.271	0.047
40:35:21	25.1	0.272	0.238	0.189	0.518	0.237	0.292	0.157	0.038	0.440	0.333	0.262	0.671	0.337	0.509	0.326	0.038	0.581	0.356	0.377	0.758	0.316	0.479	0.315	0.038	0.608	0.343	0.270	0.774	0.302	0.517	0.375	0.048	0.434	0.419	0.214	0.734	0.272	0.040	0.433	0.048	0.328	0.198	0.404	0.683	0.238	0.039	0.268	0.047
40:51:03	25.1	0.273	0.236	0.187	0.516	0.235	0.287	0.156	0.038	0.441	0.331	0.368	0.669	0.335	0.508	0.325	0.038	0.581	0.356	0.258	0.761	0.316	0.480	0.316	0.038	0.608	0.342	0.270	0.774	0.302	0.517	0.371	0.048	0.436	0.484	0.215	0.735	0.273	0.040	0.432	0.048	0.328	0.198	0.252	0.680	0.237	0.039	0.267	0.047
41:06:46	25.1	0.272	0.233	0.185	0.514	0.233	0.285	0.157	0.038	0.441	0.330	0.477	0.672	0.334	0.510	0.324	0.038	0.582	0.355	0.465	0.761	0.316	0.480	0.314	0.038	0.608	0.342	0.271	0.776	0.302	0.516	0.375	0.048	0.436	0.520	0.215	0.737	0.273	0.040	0.429	0.048	0.328	0.196	0.276	0.679	0.235	0.039	0.265	0.047
41:22:29	25.1	0.272	0.230	0.185	0.513	0.231	0.283	0.156	0.038	0.442	0.328	0.261	0.673	0.334	0.508	0.327	0.038	0.584	0.354	0.302	0.760	0.315	0.481	0.315	0.038	0.610	0.341	0.271	0.777	0.302	0.517	0.375	0.048	0.438	0.327	0.214	0.738	0.272	0.040	0.428	0.048	0.328	0.195	0.321	0.678	0.235	0.039	0.264	0.047
41:38:12	25.0	0.271	0.223	0.182	0.509	0.227	0.275	0.155	0.038	0.439	0.324	0.257	0.668	0.327	0.498	0.319	0.038	0.579	0.348	0.257	0.756	0.311	0.475	0.309	0.038	0.608	0.338	0.269	0.775	0.299	0.504	0.369	0.048	0.433	0.320	0.213	0.730	0.271	0.040	0.422	0.048	0.328	0.193	0.351	0.676	0.234	0.039	0.262	0.047
41:53:55	25.1	0.272	0.229	0.182	0.511	0.229	0.276	0.155	0.038	0.444	0.327	0.331	0.674	0.332	0.515	0.329	0.038	0.587	0.352	0.254	0.763	0.314	0.480	0.312	0.038	0.610	0.339	0.273	0.777	0.303	0.520	0.379	0.048	0.437	0.520	0.222	0.738	0.272	0.040	0.422	0.048	0.328	0.193	0.333	0.675	0.233	0.039	0.261	0.047
42:09:38	25.0	0.271	0.223	0.180	0.508	0.226	0.274	0.153	0.038	0.445	0.326	0.419	0.675	0.333	0.506	0.324	0.038	0.588	0.351	0.287	0.764	0.315	0.479	0.313	0.038	0.611	0.338	0.272	0.781	0.303	0.520	0.377	0.048	0.438	0.355	0.214	0.740	0.272	0.040	0.420	0.048	0.328	0.192	0.224	0.672	0.231	0.039	0.259	0.047
42:25:21	25.1	0.271	0.221	0.179	0.506	0.225	0.272	0.153	0.038	0.444	0.324	0.284	0.675	0.332	0.505	0.322	0.038	0.589	0.350	0.283	0.765	0.315	0.477	0.315	0.038	0.612	0.338	0.273	0.781	0.302	0.519	0.377	0.048	0.437	0.342	0.214	0.740	0.271	0.040	0.418	0.048	0.328	0.191	0.376	0.670	0.231	0.039	0.258	0.047
42:41:03	25.1	0.271	0.219	0.178	0.505	0.224	0.269	0.152	0.038	0.446	0.324	0.258	0.677	0.331	0.505	0.321	0.038	0.592	0.350	0.260	0.765	0.315	0.477	0.312	0.038	0.613	0.335	0.273	0.782	0.301	0.516	0.378	0.048	0.439	0.453	0.214	0.741	0.272	0.040	0.416	0.048	0.328	0.190	0.455	0.669	0.230	0.039	0.257	0.047
42:56:46	25.1	0.268	0.209	0.174	0.498	0.219	0.263	0.151	0.038	0.444	0.319	0.257	0.672	0.326	0.502	0.315	0.038	0.586	0.344	0.252	0.760	0.310	0.472	0.309	0.038	0.610	0.334	0.270	0.779	0.300	0.510	0.372	0.048	0.436	0.315	0.212	0.733	0.270	0.040	0.410	0.048	0.327	0.188	0.255	0.665	0.230	0.039	0.257	0.047
43:12:29	25.1	0.269	0.214	0.177	0.502	0.221	0.265	0.150	0.038	0.446	0.322	0.264	0.679	0.332	0.509	0.327	0.038	0.593	0.348	0.303	0.767	0.314	0.477	0.313	0.038	0.613	0.335	0.275	0.783	0.302	0.518	0.377	0.048	0.439	0.452	0.213	0.745	0.271	0.040	0.408	0.048	0.327	0.188	0.670	0.664	0.228	0.039	0.255	0.047
43:28:12	25.1	0.269	0.209	0.175	0.498	0.218	0.261	0.148	0.038	0.445	0.319	0.256	0.676	0.327	0.499	0.316	0.038	0.589	0.343	0.435	0.763	0.310	0.471	0.308	0.038	0.611	0.332	0.272	0.782	0.299	0.510	0.372	0.048	0.438	0.444	0.211	0.735	0.270	0.040	0.404	0.048	0.326	0.186	0.282	0.662	0.228	0.039	0.254	0.047
43:43:55	25.0	0.268	0.210	0.175	0.498	0.218	0.261	0.149	0.038	0.445	0.319	0.575	0.681	0.331	0.509	0.320	0.038	0.595	0.346	0.596	0.768	0.314	0.478	0.310	0.038	0.614	0.333	0.276	0.785	0.302	0.516	0.377	0.048	0.441	0.422	0.213	0.744	0.271	0.040	0.406	0.048	0.327	0.187	0.299	0.659	0.226	0.039	0.252	0.047
43:59:37	25.0	0.267	0.205	0.173	0.493	0.216	0.257	0.148	0.038	0.445	0.317	0.514	0.677	0.328	0.497	0.316	0.038	0.590	0.342	0.589	0.764	0.310	0.469	0.308	0.038	0.611	0.331	0.273	0.784	0.300	0.509	0.373	0.048	0.438	0.358	0.214	0.738	0.269	0.040	0.401	0.048	0.326	0.184	0.297	0.658	0.226	0.039	0.251	0.047
44:15:20	25.0	0.268	0.205	0.173	0.493	0.216	0.257	0.147	0.038	0.445	0.318	0.417	0.682	0.329	0.507	0.317	0.038	0.597	0.344	0.251	0.769	0.313	0.474	0.310	0.038	0.616	0.333	0.275	0.786	0.302	0.517	0.374	0.048	0.440	0.422	0.213	0.747	0.271	0.040	0.403	0.048	0.327	0.185	0.304	0.654	0.225	0.039	0.250	0.047
44:31:03	25.1	0.266	0.201	0.173	0.490	0.213	0.254	0.146	0.038	0.444	0.315	0.305	0.680	0.328	0.500	0.314	0.038	0.592	0.340	0.254	0.765	0.310	0.466	0.308	0.038	0.611	0.330	0.274	0.786	0.302	0.511	0.374	0.048	0.438	0.355	0.211	0.740	0.268	0.040	0.397	0.048	0.326	0.183	0.373	0.651	0.224	0.039	0.249	0.047
44:46:46	25.1	0.266	0.201	0.171	0.489	0.213	0.253	0.146	0.038	0.446	0.315	0.254	0.685	0.330	0.510	0.318	0.038	0.598	0.344	0.585	0.771	0.313	0.472	0.311	0.038	0.615	0.330	0.276	0.789	0.302	0.517	0.375	0.048	0.440	0.334	0.214	0.747	0.270	0.040	0.399	0.048	0.327	0.183	0.312	0.649	0.223	0.039	0.248	0.047
45:02:29	25.1	0.267	0.200	0.172	0.488	0.212	0.249	0.145	0.038	0.445	0.311	0.452	0.679	0.325	0.493	0.306	0.038	0.589	0.337	0.253	0.763	0.308	0.463	0.303	0.038	0.608	0.326	0.272	0.782	0.297	0.498	0.364	0.048	0.437	0.450	0.223	0.734	0.264	0.040	0.392	0.048	0.326	0.181	0.228	0.644	0.222	0.039	0.246	0.047
45:18:12	25.1	0.266	0.198	0.170	0.486	0.211	0.249	0.145	0.038	0.445	0.313	0.257	0.685	0.329	0.504	0.316	0.038	0.599	0.342	0.257	0.772	0.313	0.474	0.310	0.038	0.617	0.329	0.277	0.789	0.303	0.511	0.376	0.048	0.438	0.363	0.216	0.748	0.269	0.040	0.395	0.048	0.327	0.181	0.389	0.643	0.222	0.039	0.246	0.047
45:33:55	25.1	0.266	0.196	0.168	0.484	0.210	0.247	0.143	0.038	0.444	0.313	0.257	0.686	0.328	0.504	0.314	0.038	0.599	0.340	0.553	0.771	0.313	0.473	0.308	0.038	0.617	0.327	0.278	0.792	0.303	0.510	0.371	0.048	0.438	0.328	0.212	0.750	0.270	0.040	0.393	0.048	0.326	0.180	0.393	0.641	0.221	0.039	0.245	0.047
45:49:38	25.1	0.265	0.195	0.168	0.482	0.209	0.246	0.143	0.038	0.443	0.312	0.396	0.686	0.328	0.505	0.314	0.038	0.599	0.340	0.265	0.773	0.313	0.472	0.308	0.038	0.617	0.328	0.277	0.789	0.303	0.510	0.373	0.048	0.438	0.349	0.212	0.751	0.270	0.040	0.392	0.048	0.327	0.180	0.370	0.638	0.220	0.039	0.244	0.047
46:05:20	25.1	0.265	0.193	0.167	0.480	0.208	0.244	0.142	0.038	0.443	0.311	0.493	0.689	0.327	0.500	0.313	0.038	0.600	0.339	0.253	0.773	0.313	0.472	0.308	0.038	0.616	0.327	0.278	0.791	0.303	0.512	0.372	0.048	0.438	0.487	0.213	0.750	0.270	0.040	0.392	0.048	0.326	0.179	0.465	0.634	0.219	0.039	0.243	0.047
46:21:03	25.1	0.265	0.192	0.166	0.479	0.207	0.244	0.142	0.038	0.442	0.310	0.288	0.688	0.327	0.502	0.312	0.038	0.600	0.339	0.300	0.774	0.313	0.472	0.305	0.038	0.617	0.326	0.277	0.792	0.302	0.508	0.371	0.048	0.436	0.296	0.212	0.752	0.268	0.040	0.389	0.048	0.325	0.178	0.419	0.629	0.217	0.039	0.242	0.047
46:36:46	25.1	0.263	0.190	0.165	0.477	0.206	0.243	0.140	0.038	0.441	0.308	0.257	0.688	0.326	0.500	0.312	0.038	0.601	0.338	0.313	0.774	0.313	0.469	0.307	0.038	0.617	0.324	0.279	0.792	0.302	0.508	0.370	0.048	0.437	0.413	0.211	0.752	0.269	0.040	0.388	0.048	0.326	0.178	0.346	0.626	0.216	0.039	0.240	0.047
46:52:29	25.1	0.262	0.189	0.165	0.474	0.206	0.241	0.139	0.038	0.439	0.307	0.394	0.689	0.326	0.501	0.309	0.038	0.601	0.337	0.372	0.775	0.312	0.471	0.307	0.038	0.619	0.324	0.278	0.795	0.302	0.509	0.369	0.048	0.436	0.425	0.211	0.751	0.269	0.040	0.388	0.048	0.325	0.177	0.273	0.623	0.215	0.039	0.239	0.047
47:08:12	25.1	0.261	0.188	0.163	0.473	0.205	0.240	0.139	0.038	0.438	0.306	0.305	0.689	0.325	0.497	0.310	0.038	0.600	0.336	0.336	0.774	0.312	0.471	0.305	0.038	0.619	0.323	0.278	0.792	0.301	0.511	0.372	0.048	0.435	0.331	0.212	0.752	0.269	0.040	0.389	0.048	0.324	0.176	0.355	0.620	0.214	0.039	0.238	0.047
47:23:55	25.1	0.261	0.186	0.163	0.471	0.204	0.238	0.138	0.038	0.435	0.306	0.366	0.690	0.326	0.497	0.309	0.038	0.601	0.336	0.302	0.776	0.311	0.469	0.305	0.038	0.617	0.322	0.279	0.794	0.302	0.506	0.370	0.048	0.433	0.417	0.211	0.753	0.269	0.040	0.388	0.048	0.325	0.175	0.350	0.615	0.213	0.039	0.236	0.047
47:39:37	25.1	0.259	0.185	0.162	0.469	0.203	0.238	0.136	0.038	0.434	0.304	0.257	0.690	0.325	0.500	0.309	0.038	0.601	0.335	0.356	0.775	0.311	0.468	0.306	0.038	0.619	0.323	0.279	0.795	0.302	0.509	0.369	0.048	0.431	0.416	0.211	0.752	0.269	0.040	0.387	0.048	0.324	0.175	0.350	0.611	0.212	0.039	0.235	0.047
47:55:20	25.1	0.255	0.183	0.162	0.467	0.202	0.235	0.135	0.038	0.432	0.303	0.559	0.688	0.323	0.495	0.303	0.038	0.596	0.331	0.483	0.771	0.308	0.463	0.301	0.038	0.615	0.319	0.277	0.793	0.300	0.499	0.364	0.048	0.431	0.396	0.209	0.746	0.266	0.040	0.384	0.048	0.323	0.173	0.244	0.607	0.210	0.039	0.234	0.047
48:11:03	25.1	0.256	0.182	0.160	0.466	0.202	0.235	0.135	0.038	0.428	0.303	0.421	0.692	0.324	0.501	0.308	0.038	0.601	0.334	0.300	0.777	0.311	0.469	0.304	0.038	0.620	0.321	0.279	0.796	0.302	0.508	0.370	0.048	0.429	0.360	0.223	0.754	0.269	0.040	0.385	0.048	0.323	0.173	0.300	0.605	0.210	0.039	0.233	0.047
48:26:46	25.1	0.256	0.182	0.160	0.466	0.201	0.234	0.134	0.038	0.427	0.301	0.258	0.693	0.325	0.499	0.306	0.038	0.600	0.333	0.359	0.777	0.310	0.468	0.303	0.038	0.621	0.320	0.280	0.797	0.301	0.508	0.369	0.048	0.428	0.311	0.210	0.753	0.267	0.040	0.385	0.048	0.322	0.173	0.289	0.602	0.209	0.039	0.230	0.047
48:42:29	25.1	0.255	0.181	0.159	0.464	0.200	0.233	0.133	0.038	0.425	0.301	0.259	0.694	0.325	0.499	0.302	0.038	0.599	0.331	0.253	0.778	0.311	0.467	0.303	0.038	0.621	0.319	0.279	0.798	0.303	0.506	0.370	0.048	0.427	0.300	0.211	0.753	0.268	0.040	0.384	0.048	0.322	0.172	0.247	0.597	0.208	0.039	0.230	0.047
48:58:12	25.1	0.252	0.180	0.159	0.461	0.200	0.232	0.132	0.038	0.422	0.300	0.259	0.694	0.324	0.497	0.303	0.038	0.599	0.332	0.310	0.778	0.310	0.468	0.301	0.038	0.620	0.319	0.279	0.798	0.301	0.507	0.367	0.048	0.424	0.432	0.211	0.753	0.268	0.040	0.382	0.048	0.320	0.171	0.238	0.592	0.207	0.039	0.229	0.047
49:13:55	25.1	0.251	0.179	0.159	0.460	0.200	0.230	0.131	0.038	0.420	0.299	0.256	0.696	0.323	0.493	0.300	0.038	0.597	0.331	0.262	0.778	0.311	0.466	0.301	0.038	0.621	0.318	0.279	0.798	0.303	0.505	0.367	0.048	0.422	0.420	0.210	0.753	0.268	0.040	0.381	0.048	0.320	0.171	0.394	0.589	0.206	0.039	0.226	0.047
49:29:38	25.1	0.249	0.178	0.158	0.459	0.199	0.229	0.130	0.038	0.418	0.299	0.285	0.695	0.323	0.495	0.301	0.038	0.598	0.330	0.312	0.780	0.309	0.465	0.302	0.038	0.622	0.317	0.280	0.799	0.302	0.509	0.367	0.048	0.422	0.322	0.210	0.755	0.267	0.040	0.383	0.048	0.319	0.170	0.246	0.586	0.205	0.039	0.225	0.047
49:45:21	25.1	0.247	0.177	0.158	0.456	0.199	0.228	0.129	0.038	0.416	0.297	0.289	0.696	0.323	0.497	0.300	0.038	0.598	0.329	0.250	0.780	0.309	0.466	0.300	0.038	0.622	0.317	0.280	0.800	0.302	0.506	0.370	0.048	0.419	0.423	0.210	0.754	0.267	0.040	0.379	0.048	0.318	0.169	0.338	0.580	0.203	0.039	0.223	0.047
50:01:04	25.1	0.243	0.176	0.157	0.455	0.197	0.227	0.128	0.038	0.414	0.296	0.469	0.696	0.322	0.491	0.298	0.038	0.597	0.328	0.271	0.780	0.310	0.464	0.299	0.038	0.622	0.315	0.279	0.799	0.301	0.507	0.365	0.048	0.418	0.300	0.216	0.755	0.267	0.040	0.379	0.048	0.317	0.169	0.312	0.576	0.202	0.039	0.223	0.047
50:16:46	25.1	0.241	0.175	0.156	0.453	0.197	0.226	0.127	0.038	0.411	0.295	0.288	0.696	0.321	0.496	0.299	0.038	0.597	0.327	0.326	0.780	0.309	0.464	0.299	0.038	0.623	0.315	0.279	0.801	0.302	0.506	0.368	0.048	0.416	0.464	0.209	0.755	0.267	0.040	0.378	0.048	0.316	0.168	0.227	0.573	0.202	0.039	0.221	0.047
50:32:29	25.1	0.239	0.174	0.156	0.451	0.196	0.225	0.126	0.038	0.409	0.293	0.256	0.696	0.321	0.490	0.296	0.038	0.596	0.326	0.484	0.780	0.309	0.463	0.300	0.038	0.622	0.314	0.281	0.800	0.301	0.506	0.365	0.048	0.415	0.352	0.209	0.754	0.266	0.040	0.377	0.048	0.316	0.167	0.235	0.570	0.200	0.039	0.219	0.047
