Time	Temp_C	L0F1-200_1	L0F2-200_1	L0F3-200_1	L0F4-200_1	L0F5-200_1	L1F1-200_1	L1F2-200_1	L1F3-200_1	L1F4-200_1	L1F5-200_1	L0F1-200_2	L0F2-200_2	L0F3-200_2	L0F4-200_2	L0F5-200_2	L1F1-200_2	L1F2-200_2	L1F3-200_2	L1F4-200_2	L1F5-200_2	L0F1-200_3	L0F2-200_3	L0F3-200_3	L0F4-200_3	L0F5-200_3	L1F1-200_3	L1F2-200_3	L1F3-200_3	L1F4-200_3	L1F5-200_3
0:00:00	25.0	0.04	0.045	0.039	0.04	0.04	0.04	0.042	0.039	0.04	0.040999999999999995	0.04	0.045	0.04	0.04	0.04	0.04	0.049	0.039	0.039	0.043	0.039	0.048	0.04	0.040999999999999995	0.039	0.04	0.05	0.039	0.04	0.04
0:15:43	25.0	0.04	0.051	0.039	0.04	0.039	0.04	0.049	0.039	0.04	0.052000000000000005	0.04	0.052000000000000005	0.04	0.04	0.04	0.04	0.049	0.039	0.039	0.054000000000000006	0.039	0.05	0.04	0.04	0.039	0.04	0.05	0.04	0.04	0.053
0:31:26	25.1	0.039	0.051	0.039	0.04	0.039	0.04	0.049	0.039	0.04	0.054000000000000006	0.04	0.052000000000000005	0.04	0.04	0.04	0.04	0.05	0.039	0.039	0.054000000000000006	0.039	0.05	0.04	0.04	0.039	0.04	0.05	0.04	0.04	0.054000000000000006
0:47:09	25.0	0.039	0.051	0.039	0.04	0.039	0.04	0.049	0.039	0.04	0.053	0.04	0.053	0.04	0.04	0.04	0.04	0.05	0.039	0.039	0.055	0.039	0.051	0.04	0.04	0.039	0.04	0.051	0.04	0.04	0.054000000000000006
1:02:51	25.0	0.039	0.053	0.039	0.04	0.039	0.04	0.05	0.039	0.04	0.054000000000000006	0.04	0.054000000000000006	0.04	0.04	0.04	0.04	0.051	0.039	0.039	0.055	0.039	0.052000000000000005	0.04	0.04	0.039	0.04	0.051	0.039	0.04	0.054000000000000006
1:18:34	25.0	0.039	0.054000000000000006	0.039	0.04	0.039	0.04	0.051	0.039	0.04	0.057	0.04	0.055	0.04	0.04	0.04	0.04	0.052000000000000005	0.039	0.039	0.057	0.039	0.053	0.04	0.04	0.039	0.04	0.052000000000000005	0.039	0.039	0.055
1:34:17	25.0	0.039	0.055	0.039	0.04	0.039	0.04	0.052000000000000005	0.039	0.04	0.055999999999999994	0.04	0.055999999999999994	0.04	0.04	0.04	0.04	0.053	0.039	0.039	0.057999999999999996	0.039	0.054000000000000006	0.04	0.04	0.039	0.04	0.053	0.04	0.04	0.055999999999999994
1:50:00	25.0	0.039	0.055999999999999994	0.039	0.04	0.039	0.04	0.052000000000000005	0.039	0.04	0.057999999999999996	0.04	0.057999999999999996	0.04	0.04	0.04	0.04	0.054000000000000006	0.039	0.039	0.059000000000000004	0.039	0.055	0.04	0.04	0.039	0.04	0.054000000000000006	0.039	0.04	0.057
2:05:43	25.0	0.039	0.057	0.039	0.04	0.039	0.04	0.053	0.039	0.04	0.059000000000000004	0.04	0.059000000000000004	0.04	0.04	0.04	0.04	0.055	0.039	0.039	0.061	0.039	0.057	0.04	0.04	0.039	0.04	0.055	0.039	0.04	0.059000000000000004
2:21:25	25.0	0.039	0.059000000000000004	0.039	0.04	0.039	0.04	0.054000000000000006	0.039	0.04	0.061	0.04	0.061	0.04	0.04	0.04	0.04	0.055999999999999994	0.039	0.039	0.063	0.039	0.057999999999999996	0.04	0.04	0.039	0.04	0.057	0.039	0.04	0.06
2:37:08	25.1	0.039	0.06	0.039	0.04	0.039	0.04	0.055999999999999994	0.039	0.04	0.062	0.04	0.063	0.04	0.04	0.04	0.04	0.057	0.039	0.039	0.064	0.039	0.06	0.04	0.04	0.039	0.04	0.057999999999999996	0.039	0.039	0.062
2:52:51	25.1	0.039	0.062	0.039	0.04	0.039	0.04	0.057	0.039	0.04	0.064	0.04	0.064	0.04	0.04	0.04	0.04	0.059000000000000004	0.039	0.039	0.066	0.039	0.061	0.04	0.04	0.039	0.04	0.059000000000000004	0.039	0.039	0.064
3:08:34	25.1	0.039	0.064	0.039	0.04	0.039	0.04	0.057999999999999996	0.039	0.04	0.066	0.04	0.067	0.04	0.04	0.04	0.04	0.06	0.039	0.039	0.069	0.039	0.063	0.04	0.04	0.039	0.04	0.061	0.04	0.04	0.065
3:24:17	25.1	0.039	0.066	0.039	0.04	0.039	0.04	0.059000000000000004	0.039	0.04	0.068	0.04	0.069	0.04	0.04	0.04	0.04	0.062	0.039	0.039	0.071	0.039	0.065	0.04	0.04	0.039	0.04	0.062	0.039	0.039	0.066
3:39:59	25.1	0.039	0.068	0.039	0.04	0.039	0.04	0.061	0.039	0.04	0.07	0.04	0.071	0.04	0.04	0.04	0.04	0.063	0.039	0.039	0.073	0.039	0.067	0.04	0.04	0.039	0.04	0.064	0.039	0.039	0.067
3:55:42	25.1	0.039	0.07	0.039	0.04	0.039	0.04	0.062	0.039	0.04	0.07200000000000001	0.04	0.073	0.04	0.04	0.04	0.04	0.065	0.039	0.039	0.075	0.039	0.069	0.04	0.04	0.039	0.04	0.066	0.039	0.039	0.069
4:11:25	25.1	0.039	0.07200000000000001	0.039	0.04	0.039	0.04	0.064	0.039	0.04	0.07400000000000001	0.04	0.076	0.04	0.04	0.04	0.04	0.067	0.039	0.039	0.078	0.039	0.077	0.04	0.04	0.039	0.04	0.067	0.039	0.039	0.071
4:27:07	25.1	0.039	0.075	0.039	0.04	0.039	0.04	0.066	0.039	0.04	0.077	0.04	0.079	0.04	0.04	0.039	0.04	0.069	0.039	0.039	0.08199999999999999	0.039	0.07400000000000001	0.04	0.04	0.039	0.04	0.07	0.039	0.039	0.073
4:42:50	25.1	0.039	0.078	0.039	0.04	0.039	0.04	0.068	0.039	0.04	0.08	0.04	0.08199999999999999	0.04	0.04	0.039	0.04	0.07200000000000001	0.039	0.039	0.085	0.039	0.077	0.04	0.04	0.039	0.04	0.07200000000000001	0.039	0.039	0.075
4:58:32	25.0	0.039	0.081	0.039	0.04	0.039	0.04	0.07	0.039	0.04	0.083	0.04	0.086	0.04	0.04	0.04	0.04	0.07400000000000001	0.039	0.039	0.08900000000000001	0.039	0.08	0.04	0.04	0.039	0.04	0.075	0.039	0.04	0.077
5:14:15	25.1	0.039	0.084	0.039	0.04	0.039	0.04	0.073	0.039	0.04	0.087	0.04	0.08900000000000001	0.04	0.04	0.04	0.04	0.077	0.039	0.039	0.09300000000000001	0.039	0.084	0.04	0.04	0.039	0.04	0.077	0.039	0.039	0.08
5:29:58	25.1	0.039	0.08800000000000001	0.039	0.04	0.039	0.04	0.075	0.039	0.04	0.091	0.04	0.094	0.04	0.04	0.04	0.04	0.08	0.039	0.039	0.098	0.039	0.091	0.04	0.04	0.039	0.04	0.08	0.039	0.039	0.083
5:45:41	25.1	0.039	0.092	0.039	0.04	0.039	0.04	0.078	0.039	0.04	0.096	0.04	0.099	0.04	0.04	0.04	0.04	0.084	0.039	0.039	0.10300000000000001	0.039	0.092	0.04	0.04	0.039	0.04	0.083	0.039	0.039	0.086
6:01:23	25.1	0.039	0.095	0.039	0.04	0.039	0.04	0.08199999999999999	0.039	0.04	0.10099999999999999	0.04	0.10300000000000001	0.04	0.04	0.039	0.04	0.087	0.039	0.039	0.11	0.039	0.096	0.04	0.04	0.039	0.04	0.087	0.039	0.039	0.09
6:17:06	25.0	0.039	0.1	0.039	0.04	0.039	0.04	0.085	0.039	0.04	0.107	0.04	0.109	0.04	0.04	0.04	0.04	0.092	0.039	0.039	0.11699999999999999	0.039	0.10099999999999999	0.04	0.04	0.039	0.04	0.091	0.039	0.04	0.094
6:32:49	25.1	0.039	0.10400000000000001	0.039	0.04	0.039	0.04	0.08900000000000001	0.039	0.04	0.113	0.04	0.114	0.04	0.04	0.04	0.04	0.096	0.039	0.039	0.124	0.039	0.107	0.04	0.04	0.039	0.04	0.096	0.039	0.039	0.099
6:48:32	25.1	0.039	0.11	0.039	0.04	0.039	0.04	0.09300000000000001	0.039	0.04	0.11900000000000001	0.04	0.122	0.04	0.04	0.04	0.04	0.10099999999999999	0.039	0.039	0.131	0.039	0.11199999999999999	0.04	0.04	0.039	0.04	0.10099999999999999	0.039	0.039	0.10300000000000001
7:04:14	25.1	0.039	0.115	0.039	0.04	0.039	0.04	0.098	0.039	0.04	0.128	0.04	0.126	0.04	0.04	0.04	0.04	0.106	0.039	0.039	0.141	0.039	0.11900000000000001	0.04	0.04	0.039	0.04	0.106	0.039	0.039	0.109
7:19:57	25.1	0.039	0.12	0.039	0.04	0.039	0.04	0.10300000000000001	0.039	0.040999999999999995	0.13699999999999998	0.04	0.134	0.04	0.04	0.04	0.04	0.113	0.039	0.039	0.15	0.039	0.126	0.04	0.04	0.039	0.04	0.111	0.039	0.039	0.115
7:35:40	25.1	0.039	0.127	0.039	0.04	0.039	0.04	0.10800000000000001	0.039	0.040999999999999995	0.146	0.04	0.14300000000000002	0.04	0.04	0.039	0.04	0.11800000000000001	0.039	0.039	0.162	0.039	0.131	0.04	0.04	0.039	0.04	0.11699999999999999	0.039	0.039	0.122
7:51:23	25.1	0.039	0.134	0.039	0.04	0.039	0.04	0.114	0.039	0.040999999999999995	0.157	0.04	0.152	0.04	0.04	0.039	0.04	0.125	0.039	0.039	0.175	0.039	0.141	0.04	0.04	0.039	0.04	0.124	0.039	0.039	0.129
8:07:05	25.1	0.039	0.142	0.039	0.04	0.039	0.04	0.121	0.039	0.040999999999999995	0.168	0.04	0.162	0.04	0.04	0.04	0.04	0.133	0.039	0.039	0.18899999999999997	0.039	0.152	0.04	0.04	0.039	0.04	0.131	0.039	0.039	0.138
8:22:48	25.0	0.039	0.151	0.039	0.04	0.039	0.04	0.128	0.039	0.040999999999999995	0.182	0.04	0.17300000000000001	0.04	0.04	0.04	0.04	0.141	0.039	0.039	0.20600000000000002	0.039	0.158	0.04	0.04	0.039	0.04	0.139	0.039	0.039	0.14800000000000002
8:38:31	25.0	0.039	0.159	0.039	0.04	0.039	0.04	0.135	0.039	0.040999999999999995	0.196	0.04	0.183	0.04	0.04	0.04	0.04	0.149	0.039	0.039	0.223	0.039	0.16699999999999998	0.04	0.04	0.039	0.04	0.147	0.039	0.039	0.157
8:54:14	25.1	0.039	0.16899999999999998	0.039	0.039	0.039	0.04	0.142	0.039	0.040999999999999995	0.212	0.04	0.19699999999999998	0.04	0.04	0.04	0.04	0.158	0.039	0.039	0.24	0.039	0.17800000000000002	0.04	0.04	0.039	0.04	0.155	0.039	0.039	0.16899999999999998
9:09:56	25.1	0.039	0.179	0.039	0.04	0.039	0.04	0.15	0.039	0.040999999999999995	0.22899999999999998	0.04	0.209	0.04	0.04	0.04	0.04	0.16699999999999998	0.039	0.039	0.261	0.039	0.215	0.04	0.04	0.039	0.04	0.16399999999999998	0.039	0.039	0.18100000000000002
9:25:39	25.1	0.039	0.19	0.039	0.039	0.039	0.04	0.159	0.039	0.040999999999999995	0.249	0.04	0.22399999999999998	0.04	0.04	0.039	0.04	0.177	0.039	0.039	0.282	0.039	0.2	0.04	0.04	0.039	0.04	0.174	0.039	0.039	0.19699999999999998
9:41:22	25.1	0.039	0.2	0.039	0.04	0.039	0.04	0.16899999999999998	0.039	0.042	0.26899999999999996	0.04	0.24100000000000002	0.04	0.04	0.039	0.04	0.188	0.039	0.039	0.307	0.039	0.21100000000000002	0.04	0.04	0.039	0.04	0.183	0.039	0.039	0.214
9:57:05	25.1	0.039	0.21	0.039	0.04	0.039	0.04	0.179	0.039	0.042	0.292	0.04	0.256	0.04	0.04	0.04	0.04	0.201	0.039	0.039	0.336	0.039	0.226	0.04	0.04	0.039	0.04	0.195	0.039	0.039	0.231
10:12:48	25.1	0.039	0.21600000000000003	0.039	0.04	0.039	0.04	0.19	0.039	0.042	0.316	0.04	0.27399999999999997	0.04	0.04	0.04	0.04	0.21	0.039	0.039	0.359	0.039	0.244	0.04	0.04	0.039	0.04	0.205	0.039	0.039	0.252
10:28:30	25.1	0.039	0.22899999999999998	0.039	0.04	0.039	0.04	0.2	0.039	0.042	0.34	0.04	0.293	0.04	0.04	0.039	0.04	0.222	0.039	0.039	0.385	0.039	0.255	0.04	0.04	0.039	0.04	0.218	0.039	0.039	0.27
10:44:13	25.1	0.039	0.242	0.039	0.039	0.039	0.04	0.21100000000000002	0.039	0.042	0.366	0.04	0.312	0.04	0.04	0.04	0.04	0.23399999999999999	0.039	0.039	0.41200000000000003	0.039	0.273	0.04	0.04	0.039	0.04	0.23	0.039	0.039	0.289
10:59:56	25.1	0.039	0.256	0.039	0.039	0.039	0.04	0.22399999999999998	0.039	0.043	0.395	0.04	0.335	0.04	0.04	0.04	0.04	0.249	0.039	0.039	0.439	0.039	0.318	0.04	0.04	0.039	0.04	0.242	0.039	0.039	0.312
11:15:38	25.1	0.039	0.271	0.039	0.039	0.039	0.04	0.23600000000000002	0.039	0.043	0.419	0.04	0.355	0.04	0.04	0.039	0.04	0.262	0.039	0.039	0.462	0.039	0.312	0.04	0.04	0.039	0.04	0.254	0.039	0.039	0.33399999999999996
11:31:21	25.1	0.039	0.28800000000000003	0.039	0.039	0.039	0.04	0.248	0.039	0.043	0.439	0.04	0.37799999999999995	0.04	0.04	0.04	0.04	0.273	0.039	0.039	0.478	0.039	0.335	0.04	0.04	0.039	0.04	0.267	0.039	0.039	0.35200000000000004
11:47:04	25.1	0.039	0.304	0.039	0.039	0.039	0.04	0.26	0.039	0.043	0.46	0.04	0.401	0.04	0.04	0.039	0.04	0.28600000000000003	0.039	0.039	0.496	0.039	0.353	0.04	0.04	0.039	0.04	0.27899999999999997	0.039	0.039	0.37
12:02:47	25.1	0.039	0.32	0.039	0.039	0.039	0.04	0.273	0.039	0.044000000000000004	0.48200000000000004	0.04	0.423	0.04	0.04	0.039	0.04	0.3	0.039	0.039	0.518	0.039	0.37799999999999995	0.04	0.04	0.039	0.04	0.292	0.039	0.039	0.389
12:18:29	25.1	0.039	0.33899999999999997	0.039	0.039	0.039	0.04	0.285	0.039	0.044000000000000004	0.499	0.04	0.44799999999999995	0.04	0.04	0.039	0.04	0.313	0.039	0.039	0.537	0.039	0.4	0.04	0.04	0.039	0.04	0.305	0.039	0.039	0.40399999999999997
12:34:12	25.1	0.039	0.358	0.039	0.039	0.039	0.04	0.298	0.039	0.044000000000000004	0.513	0.04	0.47	0.04	0.04	0.039	0.04	0.32299999999999995	0.039	0.039	0.546	0.039	0.423	0.04	0.04	0.039	0.04	0.316	0.039	0.039	0.41700000000000004
12:49:55	25.1	0.039	0.37799999999999995	0.039	0.039	0.039	0.04	0.311	0.039	0.045	0.528	0.04	0.49200000000000005	0.04	0.04	0.039	0.04	0.335	0.039	0.039	0.5589999999999999	0.039	0.43799999999999994	0.04	0.04	0.039	0.04	0.32899999999999996	0.039	0.039	0.429
13:05:37	25.1	0.039	0.396	0.039	0.04	0.039	0.04	0.32299999999999995	0.039	0.045	0.541	0.04	0.516	0.04	0.04	0.04	0.04	0.348	0.039	0.039	0.5720000000000001	0.039	0.46	0.04	0.04	0.039	0.04	0.341	0.039	0.039	0.44299999999999995
13:21:20	25.1	0.039	0.414	0.039	0.039	0.039	0.04	0.336	0.039	0.046	0.5529999999999999	0.04	0.539	0.04	0.04	0.039	0.04	0.358	0.039	0.039	0.583	0.039	0.484	0.04	0.04	0.039	0.04	0.35200000000000004	0.039	0.039	0.456
13:37:03	25.1	0.039	0.433	0.039	0.039	0.039	0.04	0.34600000000000003	0.039	0.046	0.562	0.04	0.563	0.04	0.04	0.04	0.04	0.368	0.039	0.039	0.595	0.039	0.506	0.04	0.04	0.039	0.04	0.363	0.039	0.039	0.465
13:52:45	25.0	0.039	0.45	0.039	0.039	0.039	0.04	0.35700000000000004	0.039	0.046	0.5760000000000001	0.04	0.59	0.04	0.04	0.039	0.04	0.379	0.039	0.039	0.605	0.039	0.524	0.04	0.04	0.039	0.04	0.374	0.039	0.039	0.475
14:08:28	25.1	0.039	0.469	0.039	0.039	0.039	0.04	0.364	0.039	0.047	0.586	0.04	0.61	0.04	0.04	0.039	0.04	0.392	0.039	0.039	0.62	0.039	0.5489999999999999	0.04	0.04	0.039	0.04	0.386	0.039	0.039	0.486
14:24:11	25.1	0.039	0.488	0.039	0.039	0.039	0.04	0.373	0.039	0.048	0.598	0.04	0.633	0.04	0.04	0.04	0.04	0.402	0.039	0.039	0.629	0.039	0.5720000000000001	0.04	0.04	0.039	0.04	0.395	0.039	0.039	0.495
14:39:54	25.1	0.039	0.508	0.039	0.039	0.039	0.04	0.38299999999999995	0.039	0.048	0.605	0.04	0.6509999999999999	0.04	0.04	0.039	0.04	0.41	0.039	0.039	0.634	0.039	0.588	0.04	0.04	0.039	0.04	0.40299999999999997	0.039	0.039	0.5
14:55:37	25.1	0.039	0.525	0.039	0.039	0.039	0.04	0.39	0.039	0.049	0.614	0.04	0.672	0.04	0.04	0.039	0.04	0.42	0.039	0.039	0.643	0.039	0.631	0.04	0.04	0.039	0.04	0.41200000000000003	0.039	0.039	0.509
15:11:19	25.1	0.039	0.5429999999999999	0.039	0.039	0.039	0.04	0.39799999999999996	0.039	0.05	0.621	0.04	0.691	0.04	0.04	0.039	0.04	0.429	0.039	0.039	0.652	0.039	0.628	0.04	0.04	0.039	0.04	0.42200000000000004	0.039	0.039	0.519
15:27:02	25.1	0.039	0.5589999999999999	0.039	0.039	0.039	0.04	0.40299999999999997	0.039	0.05	0.632	0.04	0.711	0.04	0.04	0.04	0.04	0.44	0.039	0.039	0.665	0.039	0.65	0.04	0.04	0.039	0.04	0.431	0.039	0.039	0.528
15:42:45	25.0	0.039	0.579	0.039	0.039	0.039	0.04	0.409	0.039	0.051	0.639	0.04	0.726	0.04	0.04	0.04	0.04	0.446	0.039	0.039	0.6679999999999999	0.039	0.6709999999999999	0.04	0.04	0.039	0.04	0.43700000000000006	0.039	0.039	0.5329999999999999
15:58:27	25.1	0.039	0.5920000000000001	0.039	0.039	0.039	0.04	0.41600000000000004	0.039	0.052000000000000005	0.645	0.04	0.743	0.04	0.04	0.039	0.04	0.45299999999999996	0.039	0.039	0.6759999999999999	0.039	0.6809999999999999	0.04	0.04	0.039	0.04	0.444	0.039	0.039	0.54
16:14:10	25.1	0.039	0.61	0.039	0.039	0.039	0.04	0.42100000000000004	0.039	0.053	0.655	0.04	0.76	0.04	0.04	0.039	0.04	0.461	0.039	0.039	0.6859999999999999	0.039	0.6990000000000001	0.04	0.04	0.039	0.04	0.451	0.039	0.039	0.547
16:29:53	25.1	0.039	0.624	0.039	0.039	0.039	0.04	0.42700000000000005	0.039	0.054000000000000006	0.662	0.04	0.774	0.04	0.04	0.039	0.04	0.467	0.039	0.039	0.696	0.039	0.715	0.04	0.04	0.039	0.04	0.45799999999999996	0.039	0.039	0.5529999999999999
16:45:35	25.1	0.039	0.639	0.039	0.039	0.039	0.04	0.431	0.039	0.055	0.672	0.04	0.79	0.04	0.04	0.039	0.04	0.475	0.039	0.039	0.703	0.039	0.731	0.04	0.04	0.039	0.04	0.46399999999999997	0.039	0.039	0.5589999999999999
17:01:18	25.1	0.039	0.652	0.039	0.039	0.039	0.039	0.436	0.039	0.055999999999999994	0.679	0.04	0.804	0.04	0.04	0.039	0.04	0.483	0.039	0.039	0.71	0.038	0.7440000000000001	0.04	0.04	0.039	0.04	0.47	0.039	0.039	0.5670000000000001
17:17:01	25.1	0.039	0.6659999999999999	0.039	0.039	0.039	0.04	0.441	0.039	0.057	0.685	0.04	0.818	0.04	0.04	0.039	0.04	0.488	0.039	0.039	0.721	0.039	0.7609999999999999	0.04	0.04	0.039	0.04	0.47600000000000003	0.039	0.039	0.573
17:32:43	25.1	0.039	0.6779999999999999	0.039	0.039	0.039	0.04	0.445	0.039	0.059000000000000004	0.696	0.04	0.8340000000000001	0.04	0.04	0.039	0.04	0.496	0.039	0.039	0.728	0.039	0.78	0.04	0.04	0.039	0.04	0.48200000000000004	0.039	0.039	0.58
17:48:26	25.1	0.039	0.69	0.039	0.039	0.039	0.04	0.449	0.039	0.06	0.7020000000000001	0.04	0.846	0.04	0.04	0.039	0.04	0.502	0.039	0.039	0.7390000000000001	0.039	0.7879999999999999	0.04	0.04	0.039	0.04	0.488	0.039	0.039	0.585
18:04:09	25.1	0.039	0.7020000000000001	0.039	0.039	0.039	0.039	0.452	0.039	0.061	0.71	0.04	0.861	0.04	0.04	0.039	0.04	0.51	0.039	0.039	0.745	0.039	0.8009999999999999	0.04	0.04	0.039	0.04	0.493	0.039	0.039	0.5920000000000001
18:19:51	25.0	0.039	0.711	0.039	0.039	0.039	0.04	0.455	0.039	0.063	0.7190000000000001	0.04	0.873	0.04	0.04	0.039	0.04	0.515	0.039	0.039	0.753	0.039	0.813	0.04	0.04	0.039	0.04	0.498	0.039	0.039	0.598
18:35:34	25.1	0.039	0.722	0.039	0.039	0.039	0.039	0.45899999999999996	0.039	0.064	0.726	0.04	0.8859999999999999	0.04	0.04	0.039	0.04	0.521	0.039	0.039	0.7609999999999999	0.038	0.825	0.04	0.04	0.039	0.04	0.504	0.039	0.039	0.605
18:51:17	25.1	0.039	0.732	0.039	0.039	0.039	0.04	0.46299999999999997	0.039	0.066	0.733	0.04	0.899	0.04	0.04	0.039	0.04	0.527	0.039	0.039	0.77	0.039	0.8390000000000001	0.04	0.04	0.039	0.04	0.509	0.039	0.039	0.61
19:07:00	25.1	0.039	0.741	0.039	0.039	0.039	0.039	0.466	0.039	0.068	0.741	0.04	0.9109999999999999	0.04	0.04	0.039	0.04	0.534	0.039	0.039	0.778	0.039	0.885	0.04	0.04	0.039	0.04	0.513	0.039	0.039	0.616
19:22:42	25.1	0.039	0.752	0.039	0.039	0.039	0.039	0.467	0.039	0.07	0.7490000000000001	0.04	0.9209999999999999	0.04	0.04	0.039	0.04	0.54	0.039	0.039	0.785	0.039	0.866	0.04	0.04	0.039	0.04	0.517	0.039	0.039	0.622
19:38:25	25.1	0.039	0.76	0.039	0.039	0.039	0.039	0.47100000000000003	0.039	0.07200000000000001	0.754	0.04	0.93	0.04	0.04	0.039	0.04	0.545	0.039	0.039	0.795	0.039	0.8740000000000001	0.04	0.04	0.039	0.04	0.522	0.039	0.039	0.626
19:54:08	25.1	0.039	0.768	0.039	0.039	0.039	0.039	0.473	0.039	0.075	0.762	0.04	0.94	0.04	0.04	0.039	0.04	0.551	0.039	0.039	0.8009999999999999	0.039	0.892	0.04	0.04	0.039	0.04	0.526	0.039	0.039	0.633
20:09:51	25.1	0.039	0.777	0.039	0.039	0.039	0.039	0.475	0.039	0.077	0.769	0.04	0.9490000000000001	0.04	0.04	0.039	0.04	0.557	0.039	0.039	0.809	0.039	0.89	0.04	0.04	0.039	0.04	0.53	0.039	0.039	0.638
20:25:33	25.1	0.039	0.7879999999999999	0.039	0.039	0.039	0.04	0.47600000000000003	0.039	0.08	0.7759999999999999	0.04	0.958	0.04	0.04	0.039	0.04	0.564	0.039	0.039	0.818	0.039	0.917	0.04	0.04	0.039	0.04	0.534	0.039	0.039	0.6409999999999999
20:41:16	25.1	0.039	0.7979999999999999	0.039	0.039	0.039	0.039	0.479	0.039	0.083	0.7829999999999999	0.04	0.966	0.04	0.04	0.039	0.04	0.569	0.039	0.039	0.8240000000000001	0.038	0.9059999999999999	0.04	0.04	0.039	0.04	0.539	0.039	0.039	0.647
20:56:59	25.1	0.039	0.8079999999999999	0.039	0.039	0.039	0.039	0.48100000000000004	0.039	0.086	0.79	0.04	0.976	0.04	0.04	0.039	0.039	0.574	0.039	0.039	0.833	0.039	0.922	0.04	0.04	0.039	0.039	0.544	0.039	0.039	0.6509999999999999
21:12:42	25.1	0.039	0.8170000000000001	0.039	0.039	0.039	0.04	0.483	0.039	0.08900000000000001	0.7959999999999999	0.04	0.9840000000000001	0.04	0.04	0.039	0.04	0.58	0.039	0.039	0.8390000000000001	0.039	0.924	0.04	0.04	0.039	0.04	0.547	0.039	0.039	0.654
21:28:25	25.1	0.039	0.8240000000000001	0.039	0.039	0.039	0.039	0.484	0.039	0.092	0.805	0.04	0.995	0.04	0.04	0.039	0.04	0.586	0.039	0.039	0.846	0.039	0.932	0.04	0.04	0.039	0.04	0.552	0.039	0.039	0.66
21:44:07	25.0	0.039	0.8320000000000001	0.039	0.039	0.039	0.039	0.486	0.039	0.096	0.81	0.04	1.004	0.04	0.04	0.039	0.04	0.5920000000000001	0.039	0.039	0.855	0.039	0.941	0.04	0.04	0.039	0.04	0.555	0.039	0.039	0.662
21:59:50	25.1	0.039	0.835	0.039	0.039	0.039	0.039	0.489	0.039	0.099	0.816	0.04	1.013	0.04	0.04	0.039	0.04	0.597	0.039	0.039	0.862	0.039	0.951	0.04	0.04	0.039	0.04	0.56	0.039	0.039	0.665
22:15:33	25.1	0.039	0.8420000000000001	0.039	0.039	0.039	0.039	0.489	0.039	0.10300000000000001	0.8240000000000001	0.04	1.023	0.04	0.04	0.039	0.04	0.603	0.039	0.039	0.868	0.039	0.958	0.04	0.04	0.039	0.04	0.564	0.039	0.039	0.6679999999999999
22:31:15	25.1	0.039	0.847	0.039	0.039	0.039	0.039	0.49200000000000005	0.039	0.10800000000000001	0.8290000000000001	0.04	1.035	0.04	0.04	0.039	0.039	0.607	0.039	0.039	0.8759999999999999	0.039	0.985	0.04	0.04	0.039	0.04	0.569	0.039	0.039	0.67
22:46:58	25.1	0.039	0.851	0.039	0.039	0.039	0.039	0.493	0.039	0.11199999999999999	0.838	0.04	1.042	0.04	0.04	0.039	0.039	0.613	0.039	0.039	0.8809999999999999	0.038	0.9740000000000001	0.04	0.04	0.039	0.039	0.5710000000000001	0.039	0.039	0.6729999999999999
23:02:41	25.1	0.039	0.851	0.039	0.039	0.039	0.039	0.494	0.039	0.11599999999999999	0.843	0.04	1.0490000000000002	0.04	0.04	0.039	0.039	0.619	0.039	0.039	0.889	0.038	0.983	0.04	0.04	0.039	0.039	0.574	0.039	0.039	0.675
23:18:24	25.1	0.039	0.85	0.039	0.039	0.039	0.039	0.498	0.039	0.121	0.85	0.04	1.0590000000000002	0.04	0.04	0.039	0.04	0.622	0.039	0.039	0.897	0.039	0.993	0.04	0.04	0.039	0.04	0.579	0.039	0.039	0.677
23:34:06	25.0	0.039	0.852	0.039	0.039	0.039	0.039	0.49700000000000005	0.039	0.126	0.855	0.04	1.067	0.04	0.04	0.039	0.039	0.628	0.039	0.039	0.904	0.039	1.0	0.04	0.04	0.039	0.039	0.581	0.039	0.039	0.6779999999999999
23:49:49	25.1	0.039	0.851	0.039	0.039	0.039	0.039	0.5	0.039	0.131	0.861	0.04	1.0759999999999998	0.04	0.04	0.039	0.04	0.632	0.039	0.039	0.9109999999999999	0.039	1.012	0.04	0.04	0.039	0.04	0.5870000000000001	0.039	0.039	0.679
24:05:32	25.1	0.039	0.852	0.039	0.039	0.039	0.039	0.502	0.039	0.136	0.868	0.04	1.085	0.04	0.04	0.039	0.04	0.636	0.039	0.039	0.9179999999999999	0.038	1.0270000000000001	0.04	0.04	0.039	0.039	0.59	0.039	0.039	0.6809999999999999
24:21:15	25.1	0.039	0.853	0.039	0.039	0.039	0.039	0.504	0.038	0.141	0.873	0.04	1.094	0.04	0.04	0.039	0.039	0.64	0.039	0.039	0.924	0.039	1.028	0.04	0.04	0.039	0.039	0.593	0.039	0.039	0.682
24:36:58	25.1	0.039	0.852	0.039	0.039	0.039	0.039	0.505	0.038	0.146	0.8809999999999999	0.04	1.102	0.04	0.04	0.039	0.039	0.643	0.039	0.039	0.93	0.038	1.032	0.04	0.04	0.039	0.039	0.596	0.039	0.039	0.682
24:52:40	25.1	0.039	0.907	0.039	0.039	0.039	0.039	0.506	0.038	0.152	0.885	0.04	1.109	0.04	0.04	0.039	0.039	0.648	0.039	0.039	0.937	0.038	1.0390000000000001	0.04	0.04	0.039	0.039	0.599	0.039	0.039	0.6829999999999999
25:08:23	25.1	0.039	0.853	0.039	0.039	0.039	0.039	0.506	0.039	0.157	0.895	0.04	1.119	0.04	0.04	0.039	0.04	0.653	0.039	0.039	0.9420000000000001	0.039	1.045	0.04	0.04	0.039	0.039	0.6	0.039	0.039	0.6829999999999999
25:24:06	25.1	0.039	0.883	0.039	0.039	0.039	0.039	0.507	0.039	0.163	0.9	0.04	1.127	0.04	0.04	0.039	0.039	0.657	0.039	0.039	0.9490000000000001	0.039	1.052	0.04	0.04	0.039	0.039	0.603	0.039	0.039	0.6829999999999999
25:39:48	25.1	0.039	1.065	0.039	0.039	0.039	0.039	0.509	0.038	0.16899999999999998	0.905	0.04	1.1340000000000001	0.04	0.04	0.039	0.04	0.659	0.039	0.039	0.956	0.039	1.058	0.04	0.04	0.039	0.04	0.607	0.039	0.039	0.6829999999999999
25:55:31	25.1	0.039	0.88	0.039	0.039	0.039	0.039	0.509	0.038	0.174	0.9109999999999999	0.04	1.1420000000000001	0.04	0.04	0.039	0.04	0.665	0.039	0.039	0.9620000000000001	0.039	1.075	0.04	0.04	0.039	0.039	0.607	0.039	0.039	0.682
26:11:14	25.1	0.039	0.998	0.039	0.039	0.039	0.039	0.509	0.038	0.18	0.917	0.04	1.148	0.04	0.04	0.039	0.039	0.6679999999999999	0.039	0.039	0.968	0.039	1.073	0.04	0.04	0.039	0.039	0.61	0.039	0.039	0.682
26:26:56	25.1	0.039	0.862	0.039	0.039	0.039	0.039	0.51	0.039	0.18600000000000003	0.922	0.04	1.157	0.04	0.04	0.039	0.04	0.6709999999999999	0.039	0.039	0.9740000000000001	0.039	1.078	0.04	0.04	0.039	0.04	0.613	0.039	0.039	0.682
26:42:39	25.1	0.039	1.0759999999999998	0.039	0.039	0.039	0.039	0.511	0.038	0.193	0.927	0.04	1.162	0.04	0.04	0.039	0.039	0.674	0.039	0.039	0.98	0.038	1.087	0.04	0.04	0.039	0.039	0.616	0.039	0.039	0.682
26:58:22	25.1	0.039	1.1	0.039	0.039	0.039	0.039	0.51	0.039	0.198	0.9329999999999999	0.04	1.17	0.04	0.04	0.039	0.04	0.679	0.039	0.039	0.986	0.039	1.092	0.04	0.04	0.039	0.039	0.617	0.039	0.039	0.682
27:14:05	25.1	0.039	0.847	0.039	0.039	0.039	0.039	0.512	0.038	0.205	0.937	0.04	1.183	0.04	0.04	0.039	0.039	0.68	0.039	0.039	0.992	0.038	1.099	0.04	0.04	0.039	0.039	0.62	0.039	0.039	0.682
27:29:47	25.0	0.039	1.109	0.039	0.039	0.039	0.039	0.511	0.038	0.21100000000000002	0.9440000000000001	0.04	1.1840000000000002	0.04	0.04	0.039	0.04	0.684	0.039	0.039	0.998	0.039	1.1059999999999999	0.04	0.04	0.039	0.04	0.621	0.039	0.039	0.6829999999999999
27:45:30	25.0	0.039	0.867	0.039	0.039	0.039	0.039	0.51	0.038	0.217	0.951	0.04	1.192	0.04	0.04	0.039	0.039	0.688	0.039	0.039	1.002	0.038	1.133	0.04	0.04	0.039	0.039	0.623	0.039	0.039	0.6829999999999999
28:01:13	25.1	0.039	0.865	0.039	0.039	0.039	0.039	0.511	0.038	0.223	0.9540000000000001	0.04	1.196	0.04	0.04	0.039	0.039	0.69	0.039	0.039	1.0090000000000001	0.038	1.125	0.04	0.04	0.039	0.039	0.624	0.039	0.039	0.6829999999999999
28:16:55	25.1	0.039	0.8540000000000001	0.039	0.039	0.039	0.039	0.509	0.038	0.22899999999999998	0.96	0.04	1.205	0.04	0.04	0.039	0.04	0.6940000000000001	0.039	0.039	1.015	0.038	1.127	0.04	0.04	0.039	0.039	0.626	0.039	0.039	0.6829999999999999
28:32:38	25.1	0.039	0.846	0.039	0.039	0.039	0.039	0.509	0.038	0.23399999999999999	0.963	0.04	1.228	0.04	0.04	0.039	0.039	0.6970000000000001	0.039	0.039	1.022	0.038	1.139	0.04	0.04	0.039	0.039	0.626	0.039	0.039	0.6829999999999999
28:48:21	25.0	0.039	0.904	0.039	0.039	0.039	0.039	0.507	0.038	0.239	0.972	0.04	1.339	0.04	0.04	0.039	0.039	0.7020000000000001	0.039	0.039	1.025	0.038	1.1320000000000001	0.04	0.04	0.039	0.039	0.627	0.039	0.039	0.684
29:04:04	25.1	0.039	1.036	0.039	0.039	0.039	0.039	0.505	0.038	0.243	0.976	0.04	1.2670000000000001	0.04	0.04	0.039	0.04	0.706	0.039	0.039	1.031	0.038	1.137	0.04	0.04	0.039	0.039	0.626	0.039	0.039	0.685
29:19:46	25.1	0.039	0.865	0.039	0.039	0.039	0.039	0.506	0.038	0.249	0.98	0.04	1.278	0.04	0.04	0.039	0.039	0.7070000000000001	0.039	0.039	1.036	0.038	1.1420000000000001	0.04	0.04	0.039	0.039	0.629	0.039	0.039	0.684
29:35:29	25.1	0.039	0.846	0.039	0.039	0.039	0.039	0.502	0.038	0.253	0.985	0.04	1.307	0.04	0.04	0.039	0.039	0.711	0.039	0.039	1.041	0.038	1.218	0.04	0.04	0.039	0.039	0.628	0.039	0.039	0.6859999999999999
29:51:12	25.1	0.039	0.897	0.039	0.039	0.039	0.039	0.504	0.038	0.257	0.988	0.04	1.2919999999999998	0.04	0.04	0.039	0.039	0.715	0.039	0.039	1.048	0.039	1.1520000000000001	0.04	0.04	0.039	0.039	0.63	0.039	0.039	0.6859999999999999
30:06:54	25.1	0.039	0.847	0.039	0.039	0.039	0.039	0.5	0.038	0.261	0.9940000000000001	0.04	1.369	0.04	0.04	0.039	0.039	0.7170000000000001	0.039	0.039	1.052	0.038	1.175	0.04	0.04	0.039	0.039	0.629	0.039	0.039	0.687
30:22:37	25.1	0.039	0.845	0.039	0.039	0.039	0.039	0.5	0.038	0.265	0.998	0.04	1.3969999999999998	0.04	0.04	0.039	0.039	0.718	0.039	0.039	1.0590000000000002	0.039	1.177	0.04	0.04	0.039	0.039	0.63	0.039	0.039	0.687
30:38:20	25.1	0.039	0.846	0.039	0.039	0.039	0.039	0.501	0.038	0.268	1.002	0.04	1.4069999999999998	0.04	0.04	0.039	0.039	0.722	0.039	0.039	1.063	0.038	1.175	0.04	0.04	0.039	0.039	0.631	0.039	0.039	0.687
30:54:02	25.1	0.039	0.846	0.039	0.039	0.039	0.039	0.499	0.038	0.271	1.006	0.04	1.411	0.04	0.04	0.039	0.039	0.723	0.039	0.039	1.068	0.038	1.195	0.04	0.04	0.039	0.039	0.631	0.039	0.039	0.687
31:09:45	25.1	0.039	0.846	0.039	0.039	0.039	0.039	0.49700000000000005	0.038	0.27399999999999997	1.0090000000000001	0.04	1.3419999999999999	0.04	0.04	0.039	0.039	0.726	0.038	0.039	1.073	0.038	1.188	0.04	0.04	0.039	0.039	0.632	0.039	0.039	0.688
31:25:28	25.1	0.039	0.846	0.039	0.039	0.039	0.039	0.49200000000000005	0.038	0.27699999999999997	1.016	0.04	1.3319999999999999	0.04	0.04	0.039	0.039	0.7290000000000001	0.038	0.039	1.0759999999999998	0.038	1.185	0.04	0.04	0.039	0.039	0.631	0.039	0.039	0.6890000000000001
31:41:11	25.0	0.039	0.845	0.039	0.039	0.039	0.039	0.49200000000000005	0.038	0.27899999999999997	1.018	0.04	1.367	0.04	0.04	0.039	0.039	0.73	0.039	0.039	1.083	0.039	1.183	0.04	0.04	0.039	0.039	0.632	0.039	0.039	0.6890000000000001
31:56:53	25.0	0.039	0.847	0.039	0.039	0.039	0.039	0.488	0.038	0.282	1.023	0.04	1.2990000000000002	0.04	0.04	0.039	0.039	0.733	0.039	0.039	1.087	0.038	1.189	0.04	0.04	0.039	0.039	0.631	0.039	0.039	0.69
32:12:36	25.1	0.039	0.847	0.039	0.039	0.039	0.039	0.486	0.038	0.284	1.026	0.04	1.306	0.04	0.04	0.039	0.039	0.735	0.039	0.039	1.091	0.038	1.19	0.04	0.04	0.039	0.039	0.629	0.039	0.039	0.69
32:28:19	25.1	0.039	0.845	0.039	0.039	0.039	0.039	0.48100000000000004	0.038	0.287	1.0290000000000001	0.04	1.349	0.04	0.04	0.039	0.04	0.736	0.039	0.039	1.0959999999999999	0.039	1.212	0.04	0.04	0.039	0.039	0.631	0.039	0.039	0.69
32:44:01	25.0	0.039	0.845	0.039	0.039	0.039	0.039	0.479	0.038	0.289	1.034	0.04	1.317	0.04	0.04	0.039	0.039	0.738	0.038	0.039	1.1	0.038	1.222	0.04	0.04	0.039	0.039	0.631	0.039	0.039	0.69
32:59:44	25.1	0.039	0.847	0.039	0.039	0.039	0.039	0.47200000000000003	0.038	0.29100000000000004	1.0390000000000001	0.04	1.337	0.04	0.04	0.039	0.039	0.7390000000000001	0.038	0.039	1.105	0.038	1.206	0.04	0.04	0.039	0.039	0.63	0.039	0.039	0.691
33:15:27	25.1	0.039	0.848	0.039	0.039	0.039	0.039	0.466	0.038	0.292	1.041	0.04	1.3090000000000002	0.04	0.04	0.039	0.039	0.741	0.038	0.039	1.109	0.038	1.206	0.04	0.04	0.039	0.039	0.63	0.039	0.039	0.691
33:31:10	25.1	0.039	0.846	0.039	0.039	0.039	0.039	0.461	0.038	0.294	1.045	0.04	1.3630000000000002	0.04	0.04	0.039	0.039	0.741	0.039	0.039	1.112	0.038	1.199	0.04	0.04	0.039	0.039	0.628	0.039	0.039	0.691
33:46:52	25.1	0.039	0.8440000000000001	0.039	0.039	0.039	0.039	0.455	0.038	0.295	1.047	0.04	1.334	0.04	0.04	0.039	0.039	0.742	0.038	0.039	1.117	0.038	1.186	0.04	0.04	0.039	0.039	0.627	0.039	0.039	0.69
34:02:35	25.1	0.038	0.845	0.039	0.039	0.039	0.039	0.445	0.038	0.297	1.051	0.04	1.3259999999999998	0.04	0.04	0.039	0.039	0.745	0.038	0.039	1.1179999999999999	0.038	1.182	0.04	0.04	0.039	0.039	0.624	0.039	0.039	0.6920000000000001
34:18:18	25.1	0.039	0.8440000000000001	0.039	0.039	0.039	0.039	0.441	0.037000000000000005	0.299	1.052	0.04	1.357	0.04	0.04	0.039	0.039	0.7440000000000001	0.038	0.039	1.125	0.038	1.18	0.04	0.04	0.039	0.039	0.625	0.039	0.039	0.6920000000000001
34:34:00	25.1	0.039	0.8490000000000001	0.039	0.039	0.039	0.039	0.434	0.037000000000000005	0.3	1.055	0.04	1.2930000000000001	0.04	0.04	0.039	0.039	0.745	0.038	0.039	1.128	0.038	1.173	0.04	0.04	0.039	0.039	0.624	0.039	0.039	0.691
34:49:43	25.1	0.038	0.848	0.038	0.039	0.039	0.039	0.42700000000000005	0.037000000000000005	0.301	1.057	0.04	1.315	0.04	0.04	0.039	0.039	0.745	0.038	0.039	1.1320000000000001	0.038	1.19	0.04	0.04	0.039	0.039	0.622	0.039	0.039	0.691
35:05:26	25.0	0.038	0.852	0.038	0.039	0.039	0.039	0.419	0.037000000000000005	0.303	1.06	0.039	1.321	0.04	0.04	0.039	0.039	0.746	0.038	0.039	1.1340000000000001	0.038	1.171	0.04	0.04	0.039	0.039	0.617	0.039	0.039	0.6920000000000001
35:21:09	25.1	0.038	0.853	0.038	0.039	0.039	0.039	0.414	0.037000000000000005	0.304	1.061	0.04	1.2429999999999999	0.04	0.04	0.039	0.039	0.745	0.038	0.039	1.139	0.038	1.181	0.04	0.04	0.039	0.039	0.618	0.039	0.039	0.6920000000000001
35:36:52	25.1	0.038	0.851	0.039	0.039	0.039	0.039	0.405	0.037000000000000005	0.305	1.063	0.039	1.298	0.04	0.04	0.039	0.039	0.745	0.038	0.039	1.143	0.038	1.148	0.04	0.04	0.039	0.039	0.616	0.039	0.039	0.691
35:52:34	25.1	0.038	0.845	0.039	0.039	0.039	0.039	0.397	0.037000000000000005	0.306	1.063	0.039	1.258	0.04	0.04	0.039	0.039	0.747	0.038	0.039	1.1440000000000001	0.038	1.163	0.04	0.04	0.039	0.039	0.612	0.039	0.039	0.691
36:08:17	25.0	0.038	0.855	0.039	0.039	0.039	0.039	0.391	0.037000000000000005	0.308	1.065	0.04	1.2590000000000001	0.04	0.04	0.039	0.039	0.745	0.038	0.039	1.149	0.038	1.1520000000000001	0.04	0.04	0.039	0.039	0.612	0.039	0.039	0.6920000000000001
36:24:00	25.1	0.038	0.84	0.038	0.039	0.039	0.039	0.385	0.037000000000000005	0.308	1.063	0.04	1.325	0.04	0.04	0.039	0.039	0.746	0.038	0.039	1.1520000000000001	0.038	1.158	0.04	0.04	0.039	0.039	0.607	0.039	0.039	0.6920000000000001
36:39:43	25.0	0.038	0.84	0.038	0.039	0.039	0.039	0.377	0.037000000000000005	0.31	1.0659999999999998	0.039	1.23	0.04	0.04	0.039	0.039	0.745	0.038	0.039	1.1540000000000001	0.038	1.1340000000000001	0.04	0.04	0.039	0.039	0.607	0.039	0.039	0.6920000000000001
36:55:25	25.1	0.038	0.838	0.038	0.039	0.039	0.039	0.37	0.037000000000000005	0.311	1.064	0.04	1.245	0.04	0.04	0.039	0.039	0.745	0.038	0.039	1.157	0.038	1.112	0.04	0.04	0.039	0.039	0.604	0.039	0.039	0.6920000000000001
37:11:08	25.1	0.038	0.833	0.038	0.039	0.039	0.039	0.36200000000000004	0.037000000000000005	0.311	1.064	0.039	1.25	0.04	0.04	0.039	0.039	0.745	0.038	0.039	1.16	0.038	1.137	0.04	0.04	0.039	0.039	0.602	0.039	0.039	0.69
37:26:51	25.1	0.038	0.831	0.038	0.039	0.039	0.039	0.355	0.037000000000000005	0.312	1.064	0.039	1.249	0.04	0.04	0.039	0.039	0.743	0.038	0.039	1.1640000000000001	0.038	1.114	0.04	0.04	0.039	0.039	0.602	0.039	0.039	0.691
37:42:34	25.0	0.038	0.8290000000000001	0.038	0.039	0.039	0.039	0.348	0.037000000000000005	0.313	1.062	0.039	1.202	0.04	0.04	0.039	0.039	0.742	0.038	0.039	1.167	0.038	1.1179999999999999	0.04	0.04	0.039	0.039	0.602	0.039	0.039	0.6890000000000001
37:58:17	25.0	0.038	0.8240000000000001	0.038	0.039	0.039	0.039	0.341	0.037000000000000005	0.313	1.06	0.039	1.2590000000000001	0.04	0.04	0.039	0.039	0.743	0.038	0.039	1.169	0.038	1.085	0.04	0.04	0.039	0.039	0.598	0.039	0.039	0.687
38:13:59	25.1	0.038	0.823	0.038	0.039	0.039	0.039	0.33399999999999996	0.037000000000000005	0.313	1.057	0.039	1.245	0.04	0.04	0.039	0.039	0.741	0.038	0.039	1.172	0.038	1.1059999999999999	0.04	0.04	0.039	0.039	0.597	0.039	0.039	0.685
38:29:42	25.1	0.038	0.816	0.038	0.039	0.039	0.039	0.325	0.038	0.314	1.056	0.039	1.224	0.04	0.04	0.039	0.039	0.741	0.038	0.039	1.175	0.038	1.092	0.04	0.04	0.039	0.039	0.595	0.039	0.039	0.684
38:45:24	25.1	0.038	0.812	0.038	0.039	0.039	0.039	0.319	0.037000000000000005	0.314	1.054	0.039	1.2690000000000001	0.04	0.04	0.039	0.039	0.74	0.038	0.039	1.178	0.038	1.085	0.04	0.04	0.039	0.039	0.588	0.039	0.038	0.6829999999999999
39:01:07	25.1	0.038	0.81	0.038	0.039	0.039	0.039	0.31	0.038	0.314	1.05	0.04	1.182	0.04	0.04	0.039	0.039	0.7390000000000001	0.038	0.039	1.181	0.038	1.081	0.04	0.04	0.039	0.039	0.588	0.038	0.039	0.6809999999999999
39:16:50	25.1	0.038	0.797	0.038	0.039	0.038	0.039	0.302	0.040999999999999995	0.314	1.047	0.039	1.194	0.04	0.04	0.039	0.039	0.74	0.038	0.039	1.183	0.038	1.074	0.04	0.04	0.039	0.039	0.584	0.038	0.039	0.679
39:32:33	25.1	0.038	0.795	0.038	0.039	0.039	0.039	0.294	0.043	0.314	1.045	0.039	1.185	0.04	0.04	0.039	0.039	0.7390000000000001	0.038	0.039	1.186	0.038	1.069	0.04	0.04	0.039	0.039	0.578	0.038	0.038	0.6759999999999999
39:48:16	25.1	0.038	0.7829999999999999	0.038	0.039	0.038	0.039	0.285	0.043	0.314	1.042	0.039	1.199	0.04	0.04	0.039	0.039	0.736	0.038	0.039	1.189	0.038	1.0590000000000002	0.04	0.04	0.039	0.039	0.5820000000000001	0.038	0.038	0.6729999999999999
40:03:58	25.1	0.038	0.779	0.038	0.039	0.039	0.039	0.27699999999999997	0.042	0.314	1.037	0.039	1.244	0.04	0.04	0.039	0.039	0.736	0.038	0.039	1.1909999999999998	0.038	1.065	0.04	0.04	0.039	0.039	0.57	0.038	0.038	0.672
40:19:41	25.1	0.038	0.77	0.038	0.039	0.038	0.039	0.267	0.042	0.314	1.035	0.039	1.187	0.04	0.04	0.039	0.039	0.735	0.038	0.039	1.194	0.038	1.068	0.04	0.04	0.039	0.039	0.5710000000000001	0.038	0.038	0.669
40:35:24	25.1	0.038	0.759	0.038	0.039	0.038	0.039	0.258	0.042	0.313	1.031	0.039	1.237	0.04	0.04	0.039	0.039	0.7340000000000001	0.038	0.039	1.197	0.038	1.057	0.04	0.04	0.039	0.039	0.5660000000000001	0.038	0.038	0.664
40:51:07	25.1	0.038	0.7509999999999999	0.038	0.039	0.038	0.039	0.249	0.043	0.312	1.0270000000000001	0.039	1.209	0.04	0.04	0.039	0.039	0.733	0.038	0.039	1.198	0.038	1.048	0.04	0.04	0.039	0.039	0.56	0.038	0.038	0.659
41:06:49	25.1	0.038	0.737	0.038	0.039	0.038	0.039	0.239	0.043	0.312	1.024	0.039	1.212	0.04	0.04	0.039	0.039	0.73	0.038	0.039	1.202	0.038	1.032	0.04	0.04	0.039	0.039	0.552	0.038	0.038	0.653
41:22:32	25.1	0.038	0.726	0.038	0.039	0.038	0.039	0.228	0.043	0.31	1.02	0.039	1.235	0.04	0.04	0.039	0.039	0.728	0.038	0.039	1.204	0.038	1.008	0.039	0.04	0.039	0.039	0.546	0.038	0.038	0.648
41:38:15	25.1	0.038	0.715	0.038	0.039	0.038	0.039	0.217	0.043	0.309	1.016	0.039	1.212	0.04	0.04	0.039	0.039	0.726	0.038	0.039	1.206	0.038	1.021	0.04	0.04	0.039	0.039	0.5379999999999999	0.038	0.038	0.64
41:53:58	25.1	0.038	0.705	0.038	0.039	0.038	0.039	0.205	0.044000000000000004	0.306	1.013	0.039	1.198	0.04	0.04	0.039	0.039	0.727	0.038	0.039	1.207	0.038	1.03	0.04	0.04	0.039	0.039	0.53	0.038	0.038	0.635
42:09:40	25.1	0.038	0.691	0.038	0.039	0.038	0.039	0.193	0.044000000000000004	0.305	1.01	0.039	1.153	0.04	0.04	0.039	0.039	0.7240000000000001	0.038	0.039	1.21	0.038	1.0170000000000001	0.04	0.04	0.039	0.039	0.523	0.038	0.038	0.63
42:25:23	25.1	0.038	0.682	0.038	0.039	0.038	0.039	0.18	0.044000000000000004	0.303	1.006	0.039	1.213	0.04	0.04	0.039	0.039	0.721	0.038	0.039	1.213	0.038	1.0170000000000001	0.04	0.04	0.039	0.039	0.514	0.038	0.038	0.624
42:41:05	25.1	0.038	0.669	0.038	0.039	0.038	0.039	0.16699999999999998	0.044000000000000004	0.301	1.004	0.039	1.202	0.04	0.039	0.039	0.039	0.721	0.038	0.039	1.214	0.038	1.0170000000000001	0.04	0.04	0.039	0.039	0.505	0.038	0.038	0.616
42:56:48	25.1	0.038	0.6559999999999999	0.038	0.039	0.038	0.039	0.153	0.045	0.298	0.9990000000000001	0.039	1.136	0.04	0.04	0.039	0.039	0.716	0.038	0.039	1.215	0.038	1.006	0.04	0.04	0.039	0.039	0.498	0.038	0.038	0.611
43:12:31	25.1	0.039	0.6409999999999999	0.038	0.039	0.038	0.039	0.139	0.045	0.29600000000000004	0.997	0.039	1.225	0.04	0.04	0.039	0.039	0.7140000000000001	0.038	0.039	1.217	0.038	0.996	0.04	0.04	0.039	0.039	0.49	0.038	0.038	0.603
43:28:14	25.1	0.043	0.627	0.038	0.039	0.038	0.039	0.124	0.045	0.293	0.9940000000000001	0.039	1.14	0.04	0.04	0.039	0.039	0.713	0.038	0.039	1.217	0.038	1.002	0.04	0.04	0.039	0.039	0.478	0.038	0.038	0.596
43:43:57	25.1	0.044000000000000004	0.611	0.038	0.039	0.038	0.039	0.111	0.046	0.29	0.99	0.039	1.109	0.04	0.04	0.039	0.039	0.7120000000000001	0.038	0.039	1.217	0.038	0.9840000000000001	0.04	0.04	0.039	0.039	0.469	0.038	0.038	0.59
43:59:40	25.1	0.043	0.596	0.038	0.039	0.038	0.038	0.099	0.046	0.28800000000000003	0.988	0.039	1.179	0.04	0.04	0.039	0.039	0.7070000000000001	0.038	0.039	1.216	0.038	0.963	0.04	0.04	0.039	0.039	0.46399999999999997	0.037000000000000005	0.038	0.584
44:15:22	25.1	0.043	0.581	0.038	0.039	0.038	0.038	0.08800000000000001	0.047	0.285	0.986	0.039	1.147	0.04	0.04	0.039	0.039	0.701	0.038	0.039	1.216	0.038	0.982	0.04	0.04	0.039	0.039	0.45299999999999996	0.037000000000000005	0.038	0.5770000000000001
44:31:05	25.0	0.043	0.565	0.038	0.039	0.038	0.038	0.078	0.047	0.282	0.983	0.039	1.115	0.04	0.04	0.039	0.039	0.698	0.038	0.039	1.216	0.038	0.956	0.04	0.04	0.039	0.039	0.447	0.038	0.037000000000000005	0.5710000000000001
44:46:48	25.0	0.043	0.55	0.038	0.039	0.038	0.038	0.07	0.047	0.27899999999999997	0.981	0.039	1.203	0.04	0.04	0.039	0.039	0.695	0.038	0.039	1.214	0.038	0.965	0.039	0.04	0.039	0.039	0.43799999999999994	0.037000000000000005	0.037000000000000005	0.565
45:02:31	25.1	0.043	0.536	0.038	0.039	0.038	0.038	0.065	0.047	0.27699999999999997	0.9790000000000001	0.039	1.1179999999999999	0.04	0.04	0.039	0.039	0.696	0.038	0.039	1.21	0.038	0.978	0.04	0.04	0.039	0.039	0.43	0.037000000000000005	0.038	0.5579999999999999
45:18:14	25.1	0.044000000000000004	0.522	0.038	0.039	0.038	0.038	0.062	0.047	0.27399999999999997	0.977	0.039	1.091	0.04	0.039	0.039	0.039	0.691	0.038	0.039	1.206	0.038	0.9570000000000001	0.04	0.04	0.039	0.039	0.42100000000000004	0.037000000000000005	0.038	0.552
45:33:56	25.1	0.044000000000000004	0.509	0.038	0.039	0.038	0.038	0.059000000000000004	0.047	0.271	0.9740000000000001	0.039	1.081	0.04	0.04	0.039	0.039	0.687	0.038	0.039	1.203	0.038	0.961	0.039	0.04	0.039	0.039	0.413	0.038	0.038	0.546
45:49:39	25.1	0.044000000000000004	0.496	0.038	0.039	0.038	0.038	0.055999999999999994	0.047	0.268	0.972	0.039	1.145	0.04	0.04	0.039	0.039	0.684	0.038	0.039	1.204	0.038	0.938	0.04	0.04	0.039	0.039	0.40399999999999997	0.037000000000000005	0.037000000000000005	0.541
46:05:22	25.1	0.045	0.484	0.038	0.039	0.038	0.038	0.054000000000000006	0.047	0.265	0.9690000000000001	0.039	1.1059999999999999	0.04	0.04	0.039	0.039	0.679	0.038	0.039	1.195	0.038	0.965	0.04	0.04	0.039	0.039	0.395	0.037000000000000005	0.037000000000000005	0.534
46:21:04	25.1	0.045	0.47200000000000003	0.038	0.039	0.038	0.038	0.053	0.047	0.263	0.9670000000000001	0.039	1.15	0.04	0.039	0.039	0.039	0.6759999999999999	0.038	0.039	1.19	0.038	0.956	0.04	0.04	0.038	0.039	0.387	0.038	0.038	0.529
46:36:47	25.1	0.045	0.45899999999999996	0.038	0.039	0.038	0.038	0.053	0.047	0.26	0.9640000000000001	0.039	1.0659999999999998	0.04	0.04	0.039	0.039	0.674	0.038	0.039	1.186	0.038	0.941	0.04	0.04	0.039	0.039	0.377	0.037000000000000005	0.037000000000000005	0.523
46:52:30	25.1	0.045	0.452	0.038	0.039	0.038	0.038	0.055	0.047	0.256	0.9620000000000001	0.039	1.062	0.04	0.039	0.039	0.039	0.669	0.038	0.039	1.18	0.038	0.9420000000000001	0.039	0.04	0.039	0.039	0.369	0.037000000000000005	0.038	0.516
47:08:13	25.1	0.045	0.44	0.038	0.039	0.038	0.038	0.06	0.047	0.254	0.96	0.039	1.094	0.04	0.039	0.039	0.039	0.664	0.038	0.039	1.1740000000000002	0.038	0.9359999999999999	0.039	0.04	0.038	0.039	0.36	0.038	0.037000000000000005	0.51
47:23:56	25.0	0.045	0.428	0.038	0.039	0.038	0.038	0.049	0.047	0.251	0.956	0.039	1.085	0.04	0.04	0.039	0.039	0.665	0.038	0.04	1.168	0.038	0.935	0.04	0.04	0.039	0.039	0.35	0.038	0.038	0.504
47:39:38	25.1	0.046	0.41200000000000003	0.038	0.039	0.038	0.038	0.043	0.047	0.248	0.9520000000000001	0.039	1.219	0.04	0.039	0.039	0.039	0.659	0.038	0.04	1.161	0.038	0.917	0.04	0.04	0.038	0.039	0.342	0.038	0.038	0.49700000000000005
47:55:21	25.1	0.046	0.4	0.038	0.039	0.038	0.038	0.043	0.047	0.24600000000000002	0.9490000000000001	0.039	1.224	0.04	0.039	0.039	0.039	0.6559999999999999	0.038	0.04	1.155	0.038	0.927	0.04	0.04	0.038	0.039	0.33299999999999996	0.038	0.039	0.49
48:11:04	25.1	0.046	0.387	0.038	0.039	0.038	0.038	0.042	0.047	0.242	0.9440000000000001	0.039	1.046	0.04	0.039	0.039	0.039	0.645	0.038	0.04	1.148	0.038	0.907	0.04	0.04	0.038	0.039	0.32299999999999995	0.038	0.043	0.483
48:26:47	25.1	0.046	0.374	0.038	0.039	0.038	0.038	0.042	0.047	0.23800000000000002	0.94	0.039	1.044	0.04	0.039	0.039	0.039	0.6459999999999999	0.037000000000000005	0.04	1.141	0.038	0.9179999999999999	0.04	0.04	0.038	0.039	0.313	0.038	0.047	0.478
48:42:30	25.0	0.047	0.36200000000000004	0.038	0.038	0.037000000000000005	0.038	0.04	0.047	0.23399999999999999	0.935	0.039	1.037	0.04	0.039	0.039	0.039	0.639	0.037000000000000005	0.04	1.1340000000000001	0.038	0.9109999999999999	0.04	0.04	0.038	0.039	0.303	0.038	0.047	0.473
48:58:12	25.1	0.047	0.349	0.038	0.038	0.037000000000000005	0.038	0.04	0.047	0.23	0.93	0.039	1.035	0.04	0.039	0.039	0.039	0.632	0.037000000000000005	0.04	1.126	0.038	0.905	0.04	0.04	0.038	0.039	0.292	0.039	0.047	0.466
49:13:55	25.1	0.048	0.337	0.038	0.038	0.037000000000000005	0.038	0.040999999999999995	0.047	0.226	0.925	0.039	1.035	0.04	0.039	0.039	0.039	0.625	0.037000000000000005	0.04	1.1179999999999999	0.038	0.9079999999999999	0.04	0.04	0.038	0.039	0.282	0.040999999999999995	0.047	0.461
49:29:38	25.1	0.048	0.324	0.038	0.038	0.037000000000000005	0.038	0.040999999999999995	0.047	0.221	0.919	0.039	1.0270000000000001	0.04	0.039	0.039	0.039	0.619	0.037000000000000005	0.04	1.11	0.038	0.885	0.04	0.04	0.038	0.039	0.272	0.042	0.048	0.45399999999999996
49:45:20	25.1	0.048	0.313	0.038	0.038	0.037000000000000005	0.038	0.040999999999999995	0.047	0.217	0.914	0.039	1.04	0.04	0.039	0.039	0.039	0.61	0.037000000000000005	0.04	1.103	0.038	0.895	0.04	0.04	0.038	0.039	0.261	0.043	0.048	0.447
50:01:03	25.1	0.048	0.299	0.038	0.038	0.037000000000000005	0.038	0.040999999999999995	0.047	0.212	0.91	0.039	1.0190000000000001	0.04	0.039	0.039	0.039	0.603	0.037000000000000005	0.04	1.095	0.038	0.898	0.04	0.04	0.038	0.039	0.249	0.040999999999999995	0.048	0.439
50:16:46	25.1	0.048	0.28600000000000003	0.038	0.038	0.037000000000000005	0.038	0.042	0.047	0.207	0.903	0.039	1.015	0.04	0.039	0.039	0.039	0.596	0.037000000000000005	0.04	1.0859999999999999	0.038	0.888	0.04	0.04	0.038	0.039	0.237	0.04	0.048	0.43
50:32:29	25.1	0.048	0.272	0.038	0.038	0.037000000000000005	0.038	0.042	0.047	0.203	0.897	0.039	1.011	0.04	0.039	0.039	0.039	0.585	0.037000000000000005	0.04	1.079	0.038	0.882	0.04	0.04	0.038	0.039	0.22399999999999998	0.04	0.048	0.42100000000000004
