Time	L0P1-100_2	L0P1-100_3	L0J1-100_1	L0J1-100_2	L0J1-100_3	L1B1-100_1	L1B1-100_2	L0P2-100_1	L0P2-100_2	L0P2-100_3	L0J2-100_1	L0J2-100_2	L0J2-100_3	L1B2-100_1	L1B2-100_2	L0P3-100_1	L0P3-100_2	L0P3-100_3	L0J3-100_1	L0J3-100_2	L0J3-100_3	L1B3-100_1	L1B3-100_2	L0P4-100_1	L0P4-100_2	L0P4-100_3	L0J4-100_1	L0J4-100_2	L0J4-100_3	L1B4-100_1	L1B4-100_2	L0P5-100_1	L0P5-100_2	L0P5-100_3	L0J5-100_1	L0J5-100_2	L0J5-100_3	L1B5-100_1	L1B5-100_2	L1B1-100_3	L1B2-100_3	L1B3-100_3	L1B4-100_3	L1B5-100_3
0.0	0.039	0.048	0.039	0.043	0.039	0.039	0.039	0.042	0.047	0.048	0.042	0.044000000000000004	0.040999999999999995	0.04	0.04	0.043	0.040999999999999995	0.04	0.04	0.04	0.038	0.066	0.040999999999999995	0.038	0.04	0.043	0.042	0.040999999999999995	0.040999999999999995	0.040999999999999995	0.040999999999999995	0.039	0.042	0.039	0.042	0.046	0.040999999999999995	0.044000000000000004	0.043	0.049	0.044000000000000004	0.040999999999999995	0.045	0.044000000000000004
0.25	0.045	0.046	0.045	0.05	0.046	0.042	0.040999999999999995	0.042	0.045	0.045	0.046	0.05	0.046	0.040999999999999995	0.040999999999999995	0.045	0.044000000000000004	0.044000000000000004	0.045	0.044000000000000004	0.042	0.043	0.043	0.043	0.044000000000000004	0.045	0.044000000000000004	0.044000000000000004	0.044000000000000004	0.042	0.042	0.044000000000000004	0.044000000000000004	0.044000000000000004	0.046	0.049	0.045	0.045	0.045	0.065	0.043	0.042	0.042	0.045
0.52	0.045	0.047	0.045	0.05	0.047	0.040999999999999995	0.040999999999999995	0.040999999999999995	0.045	0.045	0.046	0.049	0.047	0.040999999999999995	0.040999999999999995	0.046	0.045	0.044000000000000004	0.046	0.045	0.046	0.046	0.043	0.044000000000000004	0.045	0.045	0.045	0.045	0.045	0.043	0.042	0.045	0.046	0.045	0.047	0.05	0.046	0.045	0.045	0.042	0.043	0.042	0.043	0.045
0.78	0.046	0.047	0.046	0.051	0.048	0.040999999999999995	0.042	0.040999999999999995	0.045	0.045	0.047	0.05	0.048	0.042	0.040999999999999995	0.047	0.045	0.045	0.047	0.046	0.044000000000000004	0.043	0.043	0.045	0.046	0.046	0.046	0.046	0.045	0.042	0.042	0.045	0.047	0.049	0.048	0.052000000000000005	0.047	0.045	0.045	0.042	0.044000000000000004	0.043	0.042	0.045
1.03	0.047	0.049	0.047	0.052000000000000005	0.049	0.042	0.040999999999999995	0.040999999999999995	0.045	0.045	0.048	0.051	0.051	0.040999999999999995	0.040999999999999995	0.048	0.046	0.046	0.048	0.048	0.044000000000000004	0.043	0.043	0.045	0.047	0.047	0.047	0.047	0.047	0.042	0.043	0.047	0.048	0.047	0.049	0.053	0.049	0.045	0.045	0.042	0.043	0.042	0.042	0.045
1.3	0.049	0.05	0.049	0.054000000000000006	0.05	0.042	0.042	0.040999999999999995	0.046	0.046	0.049	0.053	0.051	0.040999999999999995	0.040999999999999995	0.049	0.048	0.047	0.049	0.049	0.046	0.043	0.043	0.047	0.048	0.049	0.049	0.048	0.048	0.043	0.042	0.048	0.05	0.048	0.05	0.054000000000000006	0.05	0.045	0.045	0.042	0.044000000000000004	0.042	0.043	0.045
1.57	0.052000000000000005	0.051	0.05	0.055	0.051	0.042	0.042	0.04	0.046	0.047	0.051	0.055	0.053	0.042	0.040999999999999995	0.05	0.049	0.048	0.05	0.05	0.046	0.043	0.043	0.048	0.05	0.051	0.05	0.049	0.049	0.042	0.043	0.049	0.052000000000000005	0.05	0.051	0.055	0.052000000000000005	0.045	0.045	0.042	0.044000000000000004	0.042	0.042	0.045
1.82	0.054000000000000006	0.054000000000000006	0.051	0.055999999999999994	0.053	0.042	0.042	0.040999999999999995	0.047	0.047	0.052000000000000005	0.057	0.055	0.040999999999999995	0.040999999999999995	0.052000000000000005	0.051	0.054000000000000006	0.051	0.052000000000000005	0.048	0.043	0.043	0.05	0.052000000000000005	0.054000000000000006	0.051	0.05	0.05	0.042	0.043	0.052000000000000005	0.054000000000000006	0.052000000000000005	0.053	0.057	0.054000000000000006	0.045	0.045	0.067	0.043	0.042	0.042	0.045
2.08	0.057999999999999996	0.057	0.053	0.057999999999999996	0.055	0.042	0.042	0.042	0.049	0.049	0.054000000000000006	0.059000000000000004	0.057	0.040999999999999995	0.040999999999999995	0.054000000000000006	0.053	0.053	0.053	0.053	0.049	0.044000000000000004	0.043	0.053	0.055	0.057	0.052000000000000005	0.052000000000000005	0.051	0.042	0.044000000000000004	0.054000000000000006	0.057	0.055	0.057	0.059000000000000004	0.055999999999999994	0.045	0.045	0.042	0.043	0.042	0.042	0.045
2.35	0.062	0.061	0.055	0.06	0.057	0.042	0.042	0.044000000000000004	0.052000000000000005	0.052000000000000005	0.055999999999999994	0.06	0.059000000000000004	0.066	0.04	0.057	0.057	0.055999999999999994	0.054000000000000006	0.055999999999999994	0.05	0.044000000000000004	0.045	0.061	0.059000000000000004	0.062	0.054000000000000006	0.053	0.053	0.043	0.042	0.057999999999999996	0.061	0.059000000000000004	0.057	0.061	0.057999999999999996	0.045	0.045	0.042	0.044000000000000004	0.043	0.047	0.045
2.62	0.068	0.066	0.057	0.063	0.06	0.042	0.042	0.047	0.057	0.057	0.057999999999999996	0.063	0.062	0.040999999999999995	0.04	0.061	0.061	0.061	0.057	0.057999999999999996	0.052000000000000005	0.044000000000000004	0.044000000000000004	0.064	0.064	0.069	0.055999999999999994	0.055	0.055	0.042	0.043	0.063	0.066	0.065	0.059000000000000004	0.064	0.06	0.045	0.045	0.045	0.044000000000000004	0.042	0.043	0.045
2.87	0.076	0.07200000000000001	0.06	0.066	0.063	0.042	0.042	0.051	0.063	0.062	0.06	0.066	0.065	0.040999999999999995	0.042	0.067	0.067	0.066	0.059000000000000004	0.061	0.06	0.071	0.044000000000000004	0.066	0.071	0.076	0.057999999999999996	0.057	0.057	0.043	0.043	0.069	0.07200000000000001	0.071	0.062	0.067	0.063	0.045	0.045	0.043	0.045	0.043	0.043	0.045
3.13	0.085	0.08	0.063	0.069	0.066	0.042	0.043	0.057	0.071	0.07	0.064	0.069	0.068	0.040999999999999995	0.043	0.073	0.073	0.07200000000000001	0.062	0.064	0.057	0.059000000000000004	0.044000000000000004	0.07400000000000001	0.078	0.086	0.061	0.061	0.059000000000000004	0.044000000000000004	0.044000000000000004	0.076	0.081	0.079	0.065	0.069	0.067	0.045	0.046	0.043	0.044000000000000004	0.043	0.044000000000000004	0.045
3.4	0.095	0.08900000000000001	0.066	0.07200000000000001	0.07	0.043	0.042	0.064	0.08199999999999999	0.08	0.066	0.07200000000000001	0.073	0.042	0.040999999999999995	0.08	0.081	0.079	0.066	0.068	0.06	0.046	0.044000000000000004	0.083	0.08800000000000001	0.09699999999999999	0.065	0.063	0.062	0.043	0.043	0.085	0.08900000000000001	0.08800000000000001	0.069	0.073	0.07	0.046	0.046	0.043	0.044000000000000004	0.043	0.043	0.046
3.65	0.109	0.10099999999999999	0.071	0.077	0.07400000000000001	0.043	0.043	0.075	0.095	0.094	0.07	0.078	0.077	0.078	0.040999999999999995	0.08900000000000001	0.091	0.08900000000000001	0.07	0.07200000000000001	0.063	0.047	0.046	0.092	0.1	0.111	0.067	0.066	0.065	0.044000000000000004	0.043	0.096	0.102	0.10099999999999999	0.073	0.08199999999999999	0.077	0.046	0.046	0.044000000000000004	0.043	0.043	0.044000000000000004	0.046
3.92	0.124	0.114	0.076	0.083	0.08	0.043	0.043	0.08900000000000001	0.113	0.113	0.075	0.08199999999999999	0.083	0.040999999999999995	0.040999999999999995	0.10099999999999999	0.10300000000000001	0.1	0.07400000000000001	0.077	0.067	0.047	0.045	0.105	0.115	0.129	0.071	0.07	0.069	0.044000000000000004	0.044000000000000004	0.109	0.11599999999999999	0.113	0.077	0.083	0.08	0.046	0.046	0.043	0.045	0.043	0.045	0.046
4.18	0.14300000000000002	0.13	0.081	0.08900000000000001	0.086	0.043	0.043	0.09699999999999999	0.133	0.133	0.08	0.08900000000000001	0.08900000000000001	0.042	0.040999999999999995	0.113	0.11699999999999999	0.115	0.08	0.084	0.071	0.048	0.045	0.121	0.132	0.149	0.077	0.075	0.07400000000000001	0.045	0.044000000000000004	0.124	0.132	0.13	0.083	0.08800000000000001	0.085	0.047	0.047	0.066	0.045	0.044000000000000004	0.047	0.047
4.45	0.163	0.147	0.08800000000000001	0.094	0.091	0.043	0.044000000000000004	0.111	0.157	0.156	0.086	0.096	0.09699999999999999	0.042	0.040999999999999995	0.129	0.135	0.131	0.086	0.091	0.076	0.049	0.047	0.138	0.151	0.174	0.08199999999999999	0.08	0.078	0.045	0.046	0.141	0.152	0.15	0.08900000000000001	0.095	0.091	0.047	0.047	0.045	0.044000000000000004	0.044000000000000004	0.047	0.047
4.7	0.18899999999999997	0.16699999999999998	0.094	0.102	0.1	0.044000000000000004	0.044000000000000004	0.129	0.183	0.182	0.09300000000000001	0.102	0.10400000000000001	0.042	0.043	0.151	0.157	0.15	0.092	0.09699999999999999	0.08199999999999999	0.05	0.047	0.161	0.179	0.203	0.08800000000000001	0.086	0.084	0.047	0.046	0.165	0.177	0.17300000000000001	0.096	0.102	0.099	0.048	0.05	0.057999999999999996	0.046	0.045	0.049	0.048
4.97	0.225	0.198	0.10300000000000001	0.111	0.109	0.043	0.044000000000000004	0.152	0.218	0.21600000000000003	0.10099999999999999	0.113	0.115	0.043	0.040999999999999995	0.17600000000000002	0.18600000000000003	0.179	0.10099999999999999	0.10800000000000001	0.08900000000000001	0.051	0.048	0.188	0.212	0.244	0.094	0.092	0.09	0.049	0.048	0.193	0.21100000000000002	0.207	0.10300000000000001	0.11	0.10800000000000001	0.048	0.048	0.045	0.046	0.045	0.049	0.049
5.23	0.26	0.228	0.113	0.12300000000000001	0.121	0.045	0.045	0.175	0.257	0.257	0.11	0.12300000000000001	0.125	0.128	0.042	0.21600000000000003	0.21899999999999997	0.21	0.111	0.11900000000000001	0.09699999999999999	0.054000000000000006	0.048	0.223	0.249	0.287	0.102	0.10099999999999999	0.098	0.048	0.049	0.226	0.245	0.24100000000000002	0.113	0.11800000000000001	0.11800000000000001	0.049	0.048	0.052000000000000005	0.046	0.047	0.052000000000000005	0.05
5.48	0.3	0.263	0.126	0.13699999999999998	0.135	0.045	0.045	0.20600000000000002	0.3	0.3	0.121	0.139	0.142	0.049	0.042	0.239	0.254	0.245	0.12300000000000001	0.134	0.107	0.055999999999999994	0.05	0.262	0.29	0.335	0.113	0.109	0.107	0.051	0.05	0.262	0.284	0.27899999999999997	0.125	0.131	0.131	0.05	0.05	0.052000000000000005	0.045	0.047	0.052000000000000005	0.051
5.75	0.348	0.303	0.141	0.152	0.151	0.046	0.048	0.23600000000000002	0.34700000000000003	0.34700000000000003	0.134	0.153	0.159	0.043	0.043	0.27899999999999997	0.29600000000000004	0.285	0.139	0.152	0.11900000000000001	0.073	0.051	0.302	0.337	0.389	0.124	0.122	0.11699999999999999	0.053	0.052000000000000005	0.304	0.33299999999999996	0.327	0.139	0.146	0.146	0.052000000000000005	0.05	0.083	0.046	0.048	0.055	0.051
6.02	0.405	0.35200000000000004	0.16	0.174	0.177	0.047	0.047	0.284	0.40299999999999997	0.40299999999999997	0.151	0.174	0.18100000000000002	0.062	0.042	0.32799999999999996	0.348	0.335	0.159	0.17300000000000001	0.134	0.07	0.057999999999999996	0.354	0.397	0.456	0.13699999999999998	0.136	0.131	0.059000000000000004	0.055	0.355	0.39	0.382	0.156	0.165	0.16399999999999998	0.052000000000000005	0.052000000000000005	0.049	0.048	0.05	0.059000000000000004	0.054000000000000006
6.28	0.465	0.406	0.19899999999999998	0.20199999999999999	0.19699999999999998	0.047	0.049	0.316	0.46799999999999997	0.46799999999999997	0.17	0.201	0.205	0.054000000000000006	0.044000000000000004	0.382	0.406	0.392	0.18	0.19899999999999998	0.152	0.069	0.059000000000000004	0.414	0.462	0.528	0.154	0.153	0.146	0.062	0.059000000000000004	0.415	0.452	0.444	0.177	0.187	0.187	0.055	0.053	0.069	0.047	0.051	0.063	0.055
6.53	0.525	0.45899999999999996	0.207	0.22399999999999998	0.225	0.048	0.051	0.368	0.534	0.535	0.195	0.22399999999999998	0.23399999999999999	0.05	0.043	0.44	0.46799999999999997	0.44799999999999995	0.207	0.22899999999999998	0.17300000000000001	0.078	0.057999999999999996	0.478	0.524	0.5870000000000001	0.174	0.174	0.166	0.065	0.064	0.47100000000000003	0.515	0.503	0.203	0.213	0.213	0.055999999999999994	0.055	0.052000000000000005	0.049	0.053	0.069	0.057999999999999996
6.8	0.5760000000000001	0.516	0.23800000000000002	0.256	0.257	0.049	0.051	0.42200000000000004	0.591	0.591	0.22	0.256	0.27	0.07200000000000001	0.05	0.499	0.529	0.512	0.237	0.264	0.2	0.081	0.061	0.54	0.579	0.638	0.198	0.19699999999999998	0.18899999999999997	0.07200000000000001	0.068	0.531	0.5720000000000001	0.56	0.23199999999999998	0.244	0.247	0.059000000000000004	0.055999999999999994	0.055	0.05	0.055	0.076	0.06
7.07	0.637	0.5710000000000001	0.271	0.294	0.295	0.05	0.051	0.486	0.642	0.642	0.252	0.295	0.31	0.085	0.044000000000000004	0.555	0.586	0.5710000000000001	0.27399999999999997	0.303	0.228	0.09	0.064	0.589	0.639	0.68	0.22699999999999998	0.228	0.21600000000000003	0.08	0.073	0.581	0.628	0.618	0.268	0.27899999999999997	0.28300000000000003	0.061	0.059000000000000004	0.057999999999999996	0.051	0.057	0.086	0.062
7.32	0.674	0.629	0.312	0.33799999999999997	0.33799999999999997	0.052000000000000005	0.053	0.547	0.7	0.6990000000000001	0.29	0.33899999999999997	0.35700000000000004	0.05	0.045	0.612	0.648	0.632	0.315	0.349	0.261	0.1	0.067	0.652	0.68	0.6859999999999999	0.261	0.263	0.251	0.087	0.08199999999999999	0.64	0.672	0.657	0.307	0.32299999999999995	0.326	0.063	0.061	0.059000000000000004	0.052000000000000005	0.06	0.096	0.066
7.58	0.679	0.643	0.358	0.38299999999999995	0.387	0.055	0.055999999999999994	0.596	0.705	0.7040000000000001	0.33399999999999996	0.386	0.40700000000000003	0.052000000000000005	0.045	0.645	0.6659999999999999	0.66	0.36200000000000004	0.39799999999999996	0.302	0.11	0.073	0.6709999999999999	0.677	0.6859999999999999	0.301	0.303	0.28800000000000003	0.098	0.08800000000000001	0.6509999999999999	0.6709999999999999	0.659	0.355	0.368	0.37200000000000005	0.065	0.064	0.065	0.055	0.063	0.109	0.071
7.85	0.685	0.653	0.41100000000000003	0.43700000000000006	0.441	0.069	0.057999999999999996	0.648	0.7040000000000001	0.703	0.384	0.43799999999999994	0.46	0.054000000000000006	0.046	0.649	0.665	0.66	0.41100000000000003	0.45299999999999996	0.345	0.12	0.078	0.6679999999999999	0.6779999999999999	0.69	0.34700000000000003	0.35	0.33299999999999996	0.109	0.099	0.652	0.6729999999999999	0.6629999999999999	0.401	0.419	0.424	0.07	0.068	0.063	0.055999999999999994	0.068	0.121	0.075
8.12	0.696	0.6659999999999999	0.46399999999999997	0.496	0.49700000000000005	0.057	0.061	0.6579999999999999	0.7090000000000001	0.7090000000000001	0.436	0.5	0.515	0.057999999999999996	0.047	0.657	0.672	0.669	0.466	0.509	0.397	0.13	0.086	0.674	0.687	0.6920000000000001	0.397	0.4	0.382	0.121	0.109	0.6609999999999999	0.6829999999999999	0.6729999999999999	0.455	0.473	0.479	0.075	0.07200000000000001	0.077	0.06	0.073	0.133	0.08199999999999999
8.37	0.7	0.6759999999999999	0.521	0.5539999999999999	0.5579999999999999	0.059000000000000004	0.063	0.6659999999999999	0.713	0.7120000000000001	0.491	0.552	0.5820000000000001	0.063	0.049	0.6679999999999999	0.679	0.6779999999999999	0.522	0.575	0.44799999999999995	0.145	0.094	0.6829999999999999	0.691	0.6940000000000001	0.45	0.45399999999999996	0.436	0.131	0.12300000000000001	0.6679999999999999	0.687	0.677	0.512	0.527	0.5429999999999999	0.081	0.079	0.07	0.065	0.08	0.15	0.08900000000000001
8.63	0.7	0.68	0.589	0.614	0.613	0.061	0.066	0.68	0.718	0.718	0.5489999999999999	0.611	0.63	0.066	0.05	0.669	0.68	0.677	0.585	0.627	0.505	0.159	0.10300000000000001	0.687	0.695	0.695	0.505	0.509	0.5	0.14400000000000002	0.132	0.6729999999999999	0.6890000000000001	0.679	0.58	0.593	0.6	0.087	0.083	0.075	0.067	0.08800000000000001	0.16699999999999998	0.096
8.9	0.696	0.679	0.636	0.662	0.6609999999999999	0.065	0.069	0.68	0.721	0.72	0.611	0.659	0.68	0.073	0.052000000000000005	0.672	0.679	0.6759999999999999	0.632	0.6779999999999999	0.5660000000000001	0.174	0.114	0.6890000000000001	0.6940000000000001	0.696	0.5720000000000001	0.578	0.552	0.161	0.14400000000000002	0.6729999999999999	0.688	0.679	0.626	0.636	0.642	0.096	0.09	0.084	0.071	0.099	0.191	0.10800000000000001
9.15	0.693	0.6809999999999999	0.687	0.715	0.7140000000000001	0.078	0.075	0.685	0.722	0.7190000000000001	0.657	0.7140000000000001	0.736	0.076	0.055999999999999994	0.672	0.679	0.6779999999999999	0.687	0.732	0.612	0.18899999999999997	0.122	0.688	0.695	0.698	0.62	0.626	0.612	0.17800000000000002	0.158	0.674	0.688	0.68	0.6729999999999999	0.687	0.691	0.107	0.099	0.085	0.076	0.111	0.212	0.121
9.42	0.693	0.684	0.742	0.769	0.768	0.073	0.08	0.69	0.7240000000000001	0.722	0.7120000000000001	0.768	0.792	0.084	0.057	0.677	0.6829999999999999	0.6809999999999999	0.738	0.785	0.664	0.209	0.135	0.691	0.6990000000000001	0.703	0.6679999999999999	0.677	0.6629999999999999	0.192	0.174	0.679	0.693	0.6859999999999999	0.725	0.7440000000000001	0.755	0.115	0.107	0.092	0.08199999999999999	0.125	0.23199999999999998	0.132
9.68	0.6990000000000001	0.688	0.785	0.813	0.8109999999999999	0.079	0.084	0.6940000000000001	0.728	0.727	0.768	0.82	0.838	0.09	0.06	0.6859999999999999	0.6890000000000001	0.688	0.7879999999999999	0.8290000000000001	0.715	0.223	0.146	0.696	0.705	0.7120000000000001	0.722	0.7340000000000001	0.72	0.205	0.185	0.687	0.7	0.693	0.785	0.8009999999999999	0.812	0.124	0.113	0.10300000000000001	0.08800000000000001	0.138	0.25	0.14300000000000002
9.93	0.706	0.696	0.828	0.856	0.852	0.084	0.091	0.7	0.737	0.736	0.8190000000000001	0.866	0.8859999999999999	0.09699999999999999	0.064	0.6920000000000001	0.6970000000000001	0.6940000000000001	0.83	0.871	0.763	0.24	0.16	0.7040000000000001	0.7140000000000001	0.722	0.7759999999999999	0.7879999999999999	0.7759999999999999	0.22	0.198	0.6940000000000001	0.7090000000000001	0.7040000000000001	0.828	0.846	0.855	0.136	0.12300000000000001	0.11	0.094	0.157	0.264	0.16
10.2	0.7140000000000001	0.7040000000000001	0.871	0.898	0.895	0.09	0.099	0.7020000000000001	0.745	0.7440000000000001	0.865	0.9129999999999999	0.932	0.107	0.068	0.701	0.7070000000000001	0.7040000000000001	0.873	0.915	0.805	0.264	0.17300000000000001	0.713	0.7240000000000001	0.7340000000000001	0.8240000000000001	0.8370000000000001	0.8270000000000001	0.233	0.21100000000000002	0.703	0.718	0.7120000000000001	0.875	0.894	0.905	0.151	0.136	0.121	0.102	0.179	0.28300000000000003	0.179
10.47	0.723	0.7140000000000001	0.912	0.941	0.9390000000000001	0.09699999999999999	0.107	0.71	0.7559999999999999	0.755	0.9129999999999999	0.9590000000000001	0.98	0.11800000000000001	0.071	0.7090000000000001	0.716	0.713	0.917	0.96	0.847	0.284	0.19	0.7240000000000001	0.736	0.7509999999999999	0.872	0.878	0.872	0.248	0.221	0.715	0.731	0.726	0.92	0.941	0.955	0.165	0.15	0.129	0.109	0.207	0.298	0.2
10.73	0.738	0.728	0.9540000000000001	0.988	0.985	0.11199999999999999	0.115	0.718	0.769	0.77	0.958	1.0070000000000001	1.025	0.655	0.076	0.722	0.7290000000000001	0.727	0.961	1.006	0.8909999999999999	0.305	0.20600000000000002	0.7390000000000001	0.753	0.777	0.919	0.924	0.922	0.267	0.23600000000000002	0.73	0.748	0.743	0.975	0.991	1.002	0.18100000000000002	0.162	0.139	0.12	0.22899999999999998	0.324	0.222
10.98	0.762	0.75	0.9990000000000001	1.0290000000000001	1.0290000000000001	0.115	0.122	0.723	0.7879999999999999	0.79	1.004	1.054	1.073	0.139	0.081	0.7390000000000001	0.748	0.746	1.006	1.051	0.9359999999999999	0.32799999999999996	0.223	0.7559999999999999	0.777	0.812	0.966	0.971	0.968	0.292	0.253	0.752	0.773	0.769	1.015	1.038	1.05	0.19899999999999998	0.17800000000000002	0.155	0.13	0.257	0.34600000000000003	0.248
11.25	0.7959999999999999	0.78	1.046	1.079	1.077	0.122	0.132	0.733	0.812	0.816	1.051	1.1	1.121	0.153	0.08800000000000001	0.763	0.775	0.772	1.053	1.0979999999999999	0.981	0.353	0.24600000000000002	0.785	0.8109999999999999	0.8490000000000001	1.016	1.018	1.018	0.312	0.276	0.784	0.809	0.8059999999999999	1.063	1.089	1.101	0.217	0.19399999999999998	0.174	0.13699999999999998	0.28600000000000003	0.35	0.271
11.52	0.8320000000000001	0.8170000000000001	1.093	1.12	1.121	0.131	0.145	0.752	0.843	0.85	1.101	1.148	1.17	0.496	0.094	0.7979999999999999	0.81	0.8079999999999999	1.1	1.145	1.0270000000000001	0.37200000000000005	0.262	0.823	0.8490000000000001	0.87	1.064	1.071	1.067	0.32799999999999996	0.29	0.823	0.845	0.841	1.113	1.135	1.149	0.23199999999999998	0.20800000000000002	0.19899999999999998	0.151	0.31	0.361	0.29100000000000004
11.77	0.855	0.846	1.136	1.167	1.168	0.14400000000000002	0.162	0.778	0.878	0.884	1.149	1.198	1.216	0.19	0.102	0.835	0.847	0.8440000000000001	1.145	1.1909999999999998	1.074	0.395	0.282	0.855	0.872	0.888	1.119	1.119	1.117	0.34	0.304	0.85	0.872	0.866	1.162	1.183	1.197	0.254	0.22899999999999998	0.21899999999999997	0.165	0.33799999999999997	0.371	0.316
12.03	0.87	0.8640000000000001	1.18	1.212	1.208	0.16	0.179	0.8109999999999999	0.9079999999999999	0.9129999999999999	1.192	1.242	1.261	0.209	0.11199999999999999	0.86	0.87	0.868	1.19	1.236	1.119	0.418	0.305	0.872	0.887	0.905	1.161	1.165	1.165	0.35200000000000004	0.32	0.8690000000000001	0.887	0.8809999999999999	1.204	1.228	1.245	0.27399999999999997	0.247	0.23399999999999999	0.18100000000000002	0.35600000000000004	0.384	0.34
12.3	0.8859999999999999	0.879	1.226	1.2570000000000001	1.253	0.17600000000000002	0.19699999999999998	0.846	0.9309999999999999	0.934	1.236	1.2890000000000001	1.3	0.233	0.12	0.879	0.889	0.8859999999999999	1.235	1.2819999999999998	1.1640000000000001	0.442	0.324	0.888	0.907	0.9209999999999999	1.204	1.219	1.214	0.36200000000000004	0.331	0.882	0.904	0.8959999999999999	1.251	1.3030000000000002	1.296	0.293	0.263	0.259	0.201	0.374	0.402	0.366
12.57	0.899	0.893	1.263	1.3019999999999998	1.29	0.196	0.218	0.878	0.946	0.948	1.2830000000000001	1.3130000000000002	1.3230000000000002	0.255	0.128	0.895	0.904	0.903	1.275	1.318	1.21	0.47100000000000003	0.342	0.9059999999999999	0.9229999999999999	0.9359999999999999	1.252	1.264	1.2590000000000001	0.382	0.34	0.899	0.9179999999999999	0.912	1.2890000000000001	1.318	1.3259999999999998	0.32	0.287	0.292	0.226	0.397	0.42700000000000005	0.396
12.82	0.9109999999999999	0.9059999999999999	1.287	1.3130000000000002	1.307	0.21899999999999997	0.243	0.9009999999999999	0.96	0.961	1.3130000000000002	1.329	1.339	0.29100000000000004	0.14400000000000002	0.917	0.9229999999999999	0.917	1.3019999999999998	1.331	1.254	0.5	0.361	0.92	0.9359999999999999	0.95	1.295	1.3019999999999998	1.305	0.40399999999999997	0.35100000000000003	0.9129999999999999	0.935	0.927	1.3119999999999998	1.335	1.35	0.345	0.309	0.324	0.243	0.418	0.44799999999999995	0.424
13.08	0.922	0.9179999999999999	1.296	1.32	1.3130000000000002	0.244	0.272	0.919	0.972	0.973	1.331	1.345	1.345	0.309	0.159	0.935	0.9390000000000001	0.934	1.3119999999999998	1.338	1.284	0.532	0.38	0.934	0.95	0.963	1.321	1.335	1.3430000000000002	0.431	0.369	0.925	0.946	0.9390000000000001	1.33	1.338	1.3530000000000002	0.376	0.33399999999999996	0.36200000000000004	0.26899999999999996	0.442	0.473	0.45799999999999996
13.35	0.934	0.93	1.298	1.317	1.305	0.26899999999999996	0.297	0.932	0.9840000000000001	0.985	1.347	1.329	1.334	0.33299999999999996	0.177	0.95	0.956	0.95	1.317	1.3319999999999999	1.295	0.555	0.39799999999999996	0.9470000000000001	0.963	0.9740000000000001	1.338	1.34	1.361	0.456	0.395	0.938	0.9570000000000001	0.95	1.3259999999999998	1.335	1.341	0.405	0.36200000000000004	0.396	0.295	0.46399999999999997	0.495	0.494
13.6	0.9470000000000001	0.943	1.286	1.307	1.296	0.305	0.331	0.945	0.9940000000000001	0.995	1.3430000000000002	1.33	1.328	0.37200000000000005	0.19399999999999998	0.966	0.9690000000000001	0.9640000000000001	1.308	1.327	1.301	0.569	0.419	0.9590000000000001	0.9740000000000001	0.973	1.338	1.338	1.367	0.479	0.42100000000000004	0.948	0.9690000000000001	0.961	1.317	1.327	1.334	0.43799999999999994	0.391	0.425	0.327	0.48700000000000004	0.51	0.53
13.87	0.9570000000000001	0.955	1.2830000000000001	1.298	1.288	0.332	0.36	0.9570000000000001	1.004	1.005	1.328	1.3130000000000002	1.3230000000000002	0.396	0.218	0.9790000000000001	0.983	0.977	1.3019999999999998	1.319	1.294	0.586	0.446	0.968	0.9740000000000001	0.97	1.335	1.3419999999999999	1.365	0.493	0.442	0.96	0.976	0.968	1.315	1.324	1.328	0.473	0.423	0.451	0.35600000000000004	0.513	0.523	0.5710000000000001
14.13	0.9570000000000001	0.963	1.271	1.291	1.2819999999999998	0.36700000000000005	0.379	0.9690000000000001	1.014	1.014	1.327	1.3130000000000002	1.314	0.473	0.244	0.991	0.995	0.99	1.2919999999999998	1.3130000000000002	1.288	0.604	0.475	0.9640000000000001	0.971	0.966	1.3259999999999998	1.3319999999999999	1.358	0.512	0.46799999999999997	0.96	0.975	0.966	1.308	1.3130000000000002	1.325	0.51	0.457	0.48	0.387	0.541	0.544	0.61
14.4	0.9520000000000001	0.96	1.264	1.288	1.272	0.38799999999999996	0.401	0.98	1.023	1.023	1.3119999999999998	1.3130000000000002	1.3119999999999998	0.444	0.27	0.9940000000000001	0.995	0.992	1.285	1.3030000000000002	1.278	0.622	0.503	0.96	0.968	0.9620000000000001	1.328	1.361	1.354	0.537	0.478	0.9570000000000001	0.968	0.961	1.2990000000000002	1.3090000000000002	1.319	0.544	0.49	0.518	0.41200000000000003	0.5710000000000001	0.563	0.64
14.65	0.9470000000000001	0.956	1.254	1.2790000000000001	1.263	0.414	0.426	0.99	1.031	1.031	1.3130000000000002	1.3030000000000002	1.305	0.457	0.299	0.99	0.992	0.9890000000000001	1.273	1.295	1.274	0.633	0.523	0.956	0.9640000000000001	0.9570000000000001	1.321	1.32	1.348	0.547	0.498	0.9520000000000001	0.963	0.956	1.294	1.304	1.311	0.5660000000000001	0.519	0.5579999999999999	0.439	0.602	0.569	0.65
14.92	0.941	0.95	1.247	1.268	1.2590000000000001	0.434	0.456	1.0	1.0390000000000001	1.038	1.311	1.301	1.31	0.485	0.326	0.9840000000000001	0.987	0.985	1.272	1.29	1.265	0.645	0.535	0.951	0.9590000000000001	0.9540000000000001	1.319	1.319	1.349	0.563	0.52	0.9470000000000001	0.96	0.9520000000000001	1.2930000000000001	1.304	1.3130000000000002	0.5760000000000001	0.531	0.5920000000000001	0.466	0.628	0.578	0.652
15.18	0.935	0.9440000000000001	1.2409999999999999	1.265	1.252	0.475	0.491	1.0090000000000001	1.045	1.044	1.305	1.295	1.305	0.508	0.355	0.9790000000000001	0.982	0.98	1.266	1.287	1.2590000000000001	0.66	0.5539999999999999	0.9470000000000001	0.955	0.9490000000000001	1.3119999999999998	1.311	1.34	0.57	0.535	0.9420000000000001	0.955	0.9470000000000001	1.284	1.2919999999999998	1.298	0.588	0.54	0.62	0.49200000000000005	0.637	0.579	0.66
15.43	0.929	0.9390000000000001	1.236	1.258	1.242	0.508	0.521	1.018	1.048	1.047	1.295	1.286	1.29	0.524	0.386	0.972	0.977	0.976	1.261	1.2770000000000001	1.255	0.6809999999999999	0.5720000000000001	0.943	0.951	0.945	1.307	1.304	1.3359999999999999	0.573	0.545	0.938	0.951	0.9440000000000001	1.2830000000000001	1.291	1.296	0.593	0.5489999999999999	0.644	0.517	0.654	0.591	0.667
15.7	0.924	0.9329999999999999	1.229	1.253	1.245	0.536	0.546	1.024	1.044	1.043	1.298	1.295	1.2919999999999998	0.56	0.415	0.966	0.973	0.972	1.2590000000000001	1.273	1.25	0.706	0.589	0.938	0.9470000000000001	0.9420000000000001	1.31	1.311	1.339	0.584	0.551	0.934	0.9470000000000001	0.94	1.2790000000000001	1.287	1.294	0.598	0.555	0.6659999999999999	0.532	0.67	0.607	0.672
15.97	0.9179999999999999	0.927	1.2229999999999999	1.242	1.229	0.5720000000000001	0.564	1.0290000000000001	1.038	1.037	1.2930000000000001	1.2790000000000001	1.2890000000000001	0.638	0.43700000000000006	0.96	0.968	0.968	1.246	1.273	1.245	0.736	0.601	0.934	0.9440000000000001	0.938	1.298	1.297	1.327	0.596	0.5539999999999999	0.929	0.943	0.9359999999999999	1.271	1.284	1.286	0.61	0.563	0.687	0.5539999999999999	0.687	0.622	0.688
16.23	0.9129999999999999	0.9229999999999999	1.2209999999999999	1.242	1.229	0.591	0.5820000000000001	1.0270000000000001	1.032	1.031	1.288	1.2790000000000001	1.2919999999999998	0.586	0.457	0.955	0.9640000000000001	0.963	1.246	1.262	1.238	0.7509999999999999	0.611	0.93	0.94	0.935	1.3	1.301	1.329	0.608	0.5660000000000001	0.925	0.94	0.9329999999999999	1.2690000000000001	1.281	1.2830000000000001	0.618	0.5710000000000001	0.71	0.579	0.696	0.631	0.7040000000000001
16.48	0.909	0.917	1.212	1.23	1.219	0.623	0.609	1.022	1.026	1.024	1.284	1.2819999999999998	1.2919999999999998	0.604	0.48	0.9490000000000001	0.958	0.956	1.237	1.255	1.228	0.775	0.629	0.927	0.9359999999999999	0.9309999999999999	1.294	1.2919999999999998	1.327	0.621	0.578	0.9209999999999999	0.9359999999999999	0.929	1.262	1.273	1.28	0.633	0.585	0.721	0.589	0.71	0.6409999999999999	0.725
16.75	0.904	0.9129999999999999	1.205	1.232	1.216	0.635	0.628	1.016	1.02	1.018	1.285	1.27	1.28	0.637	0.49700000000000005	0.945	0.953	0.9520000000000001	1.23	1.248	1.227	0.785	0.639	0.9229999999999999	0.9329999999999999	0.9279999999999999	1.297	1.296	1.321	0.628	0.591	0.917	0.934	0.9259999999999999	1.261	1.2670000000000001	1.274	0.6459999999999999	0.594	0.7390000000000001	0.617	0.726	0.645	0.747
17.02	0.899	0.909	1.2009999999999998	1.219	1.2109999999999999	0.662	0.644	1.0090000000000001	1.013	1.011	1.281	1.27	1.2819999999999998	0.626	0.517	0.94	0.95	0.948	1.222	1.245	1.222	0.8009999999999999	0.662	0.919	0.93	0.925	1.288	1.2890000000000001	1.317	0.623	0.602	0.9129999999999999	0.9309999999999999	0.9229999999999999	1.261	1.263	1.272	0.6659999999999999	0.611	0.75	0.622	0.7490000000000001	0.645	0.767
17.27	0.894	0.904	1.192	1.216	1.2009999999999998	0.6829999999999999	0.657	1.002	1.008	1.005	1.2790000000000001	1.27	1.274	0.634	0.532	0.935	0.946	0.9440000000000001	1.219	1.235	1.216	0.816	0.69	0.917	0.927	0.922	1.286	1.291	1.3159999999999998	0.631	0.608	0.91	0.927	0.92	1.254	1.258	1.266	0.6809999999999999	0.623	0.76	0.644	0.7809999999999999	0.644	0.7879999999999999
17.53	0.89	0.899	1.186	1.206	1.196	0.705	0.6709999999999999	0.995	1.002	1.0	1.2690000000000001	1.26	1.273	0.634	0.552	0.93	0.943	0.94	1.21	1.23	1.204	0.831	0.721	0.9129999999999999	0.924	0.9179999999999999	1.28	1.281	1.31	0.634	0.611	0.907	0.924	0.917	1.246	1.251	1.2570000000000001	0.7020000000000001	0.642	0.769	0.6509999999999999	0.8	0.6559999999999999	0.809
17.8	0.8859999999999999	0.8959999999999999	1.179	1.204	1.19	0.715	0.679	0.9890000000000001	0.997	0.995	1.27	1.265	1.27	0.665	0.588	0.927	0.9390000000000001	0.937	1.2109999999999999	1.226	1.206	0.833	0.731	0.91	0.9209999999999999	0.9159999999999999	1.2819999999999998	1.2790000000000001	1.3119999999999998	0.638	0.601	0.903	0.9209999999999999	0.914	1.246	1.249	1.256	0.713	0.655	0.774	0.6509999999999999	0.83	0.65	0.826
18.07	0.883	0.8909999999999999	1.175	1.196	1.181	0.731	0.6890000000000001	0.983	0.992	0.9890000000000001	1.2690000000000001	1.252	1.2690000000000001	0.877	0.598	0.922	0.9359999999999999	0.934	1.198	1.219	1.196	0.85	0.738	0.907	0.9179999999999999	0.9129999999999999	1.2790000000000001	1.273	1.306	0.628	0.605	0.9	0.9179999999999999	0.9109999999999999	1.234	1.239	1.245	0.73	0.665	0.784	0.6659999999999999	0.852	0.644	0.831
18.32	0.879	0.888	1.167	1.188	1.177	0.74	0.695	0.977	0.987	0.9840000000000001	1.264	1.245	1.2690000000000001	0.698	0.601	0.919	0.9329999999999999	0.9309999999999999	1.199	1.216	1.1909999999999998	0.86	0.7490000000000001	0.904	0.915	0.91	1.272	1.2690000000000001	1.2990000000000002	0.63	0.61	0.897	0.915	0.909	1.229	1.237	1.24	0.746	0.679	0.7929999999999999	0.667	0.866	0.653	0.861
18.58	0.875	0.884	1.165	1.181	1.171	0.753	0.7	0.972	0.982	0.98	1.264	1.246	1.261	0.652	0.615	0.917	0.93	0.9279999999999999	1.188	1.206	1.183	0.867	0.765	0.9009999999999999	0.9129999999999999	0.9079999999999999	1.2690000000000001	1.2670000000000001	1.297	0.63	0.607	0.894	0.9129999999999999	0.907	1.227	1.237	1.2429999999999999	0.7559999999999999	0.6859999999999999	0.804	0.667	0.878	0.659	0.87
18.85	0.871	0.88	1.158	1.177	1.165	0.762	0.705	0.9670000000000001	0.978	0.975	1.25	1.24	1.253	0.7090000000000001	0.629	0.914	0.927	0.925	1.185	1.2	1.178	0.884	0.78	0.899	0.91	0.9059999999999999	1.263	1.262	1.295	0.63	0.608	0.8909999999999999	0.9109999999999999	0.904	1.225	1.228	1.232	0.7659999999999999	0.693	0.8109999999999999	0.667	0.89	0.6579999999999999	0.889
19.1	0.868	0.877	1.1540000000000001	1.172	1.161	0.764	0.711	0.961	0.9740000000000001	0.971	1.253	1.24	1.255	0.669	0.648	0.91	0.925	0.9229999999999999	1.183	1.197	1.177	0.888	0.792	0.897	0.9079999999999999	0.904	1.263	1.261	1.298	0.63	0.599	0.888	0.9079999999999999	0.902	1.222	1.236	1.2329999999999999	0.782	0.7	0.82	0.6609999999999999	0.903	0.6659999999999999	0.889
19.37	0.865	0.8740000000000001	1.145	1.165	1.1520000000000001	0.78	0.7190000000000001	0.9570000000000001	0.9690000000000001	0.9670000000000001	1.25	1.235	1.2429999999999999	0.659	0.635	0.9059999999999999	0.922	0.92	1.1740000000000002	1.193	1.169	0.899	0.7909999999999999	0.895	0.9059999999999999	0.9009999999999999	1.262	1.2690000000000001	1.291	0.637	0.602	0.8859999999999999	0.905	0.9	1.216	1.2209999999999999	1.228	0.7909999999999999	0.726	0.8190000000000001	0.6559999999999999	0.902	0.669	0.9
19.63	0.862	0.871	1.141	1.158	1.149	0.79	0.732	0.9520000000000001	0.966	0.9620000000000001	1.242	1.23	1.244	0.6559999999999999	0.654	0.904	0.92	0.9179999999999999	1.173	1.186	1.167	0.919	0.816	0.892	0.904	0.898	1.255	1.253	1.288	0.64	0.603	0.884	0.905	0.898	1.214	1.22	1.238	0.8029999999999999	0.728	0.8390000000000001	0.648	0.914	0.677	0.915
19.9	0.858	0.867	1.133	1.1520000000000001	1.141	0.804	0.7340000000000001	0.9470000000000001	0.9620000000000001	0.9590000000000001	1.242	1.23	1.24	0.7440000000000001	0.66	0.9	0.9159999999999999	0.915	1.169	1.183	1.163	0.9309999999999999	0.8240000000000001	0.889	0.902	0.8959999999999999	1.254	1.252	1.2830000000000001	0.636	0.6	0.8809999999999999	0.902	0.8959999999999999	1.208	1.214	1.2229999999999999	0.81	0.73	0.8370000000000001	0.655	0.9209999999999999	0.6859999999999999	0.922
20.15	0.8540000000000001	0.8640000000000001	1.1320000000000001	1.149	1.14	0.8109999999999999	0.737	0.943	0.9590000000000001	0.955	1.2429999999999999	1.227	1.246	0.693	0.6679999999999999	0.898	0.914	0.9129999999999999	1.1640000000000001	1.179	1.162	0.9329999999999999	0.833	0.887	0.9009999999999999	0.894	1.255	1.251	1.286	0.639	0.605	0.879	0.9	0.894	1.208	1.2109999999999999	1.22	0.82	0.7390000000000001	0.8340000000000001	0.68	0.937	0.6809999999999999	0.935
20.42	0.851	0.86	1.126	1.1420000000000001	1.133	0.8240000000000001	0.745	0.9390000000000001	0.955	0.9520000000000001	1.2329999999999999	1.216	1.234	0.6759999999999999	0.665	0.894	0.912	0.9109999999999999	1.16	1.175	1.155	0.9420000000000001	0.833	0.885	0.898	0.893	1.25	1.245	1.2819999999999998	0.645	0.603	0.8759999999999999	0.899	0.892	1.205	1.204	1.216	0.8320000000000001	0.7659999999999999	0.855	0.64	0.9420000000000001	0.688	0.948
20.68	0.847	0.856	1.121	1.137	1.125	0.8370000000000001	0.753	0.935	0.9520000000000001	0.948	1.227	1.212	1.23	0.682	0.6579999999999999	0.8909999999999999	0.91	0.909	1.156	1.17	1.153	0.955	0.848	0.882	0.8959999999999999	0.89	1.24	1.236	1.276	0.649	0.602	0.873	0.8959999999999999	0.89	1.195	1.195	1.208	0.841	0.763	0.86	0.63	0.9540000000000001	0.695	0.95
20.93	0.843	0.852	1.115	1.129	1.119	0.846	0.754	0.9309999999999999	0.9490000000000001	0.945	1.23	1.213	1.225	0.65	0.6629999999999999	0.89	0.9079999999999999	0.9079999999999999	1.153	1.168	1.149	0.9640000000000001	0.852	0.879	0.893	0.888	1.238	1.2329999999999999	1.273	0.647	0.606	0.87	0.894	0.887	1.19	1.194	1.2009999999999998	0.8490000000000001	0.767	0.8590000000000001	0.642	0.9640000000000001	0.696	0.948
21.2	0.84	0.8490000000000001	1.105	1.123	1.112	0.855	0.765	0.9279999999999999	0.946	0.9420000000000001	1.22	1.199	1.22	0.6579999999999999	0.6509999999999999	0.8859999999999999	0.9059999999999999	0.905	1.151	1.163	1.143	0.973	0.85	0.8759999999999999	0.892	0.885	1.2329999999999999	1.23	1.268	0.653	0.613	0.868	0.8909999999999999	0.885	1.186	1.185	1.196	0.857	0.7859999999999999	0.858	0.634	0.968	0.7	0.9570000000000001
21.47	0.836	0.845	1.099	1.1159999999999999	1.104	0.865	0.755	0.925	0.943	0.9390000000000001	1.215	1.195	1.218	0.698	0.698	0.883	0.903	0.902	1.1440000000000001	1.158	1.139	0.99	0.866	0.8740000000000001	0.89	0.882	1.226	1.224	1.26	0.657	0.61	0.8640000000000001	0.888	0.882	1.181	1.182	1.1909999999999998	0.858	0.782	0.855	0.644	0.9790000000000001	0.6970000000000001	0.9640000000000001
21.73	0.8320000000000001	0.8420000000000001	1.091	1.107	1.097	0.871	0.757	0.9209999999999999	0.9390000000000001	0.935	1.209	1.192	1.2109999999999999	0.8109999999999999	0.647	0.878	0.9009999999999999	0.9	1.139	1.1520000000000001	1.133	0.9890000000000001	0.887	0.871	0.887	0.879	1.225	1.22	1.258	0.652	0.61	0.862	0.885	0.88	1.179	1.179	1.186	0.868	0.7959999999999999	0.862	0.629	0.998	0.7070000000000001	0.971
21.98	0.828	0.8370000000000001	1.083	1.101	1.088	0.8809999999999999	0.767	0.917	0.9359999999999999	0.932	1.203	1.183	1.202	0.638	0.648	0.875	0.899	0.897	1.1340000000000001	1.146	1.125	0.991	0.88	0.868	0.885	0.877	1.216	1.21	1.249	0.6579999999999999	0.605	0.8590000000000001	0.883	0.877	1.171	1.17	1.178	0.877	0.809	0.8640000000000001	0.623	0.998	0.71	0.981
22.25	0.8240000000000001	0.833	1.077	1.094	1.084	0.887	0.7609999999999999	0.9129999999999999	0.9329999999999999	0.929	1.197	1.182	1.202	0.882	0.648	0.871	0.8959999999999999	0.895	1.129	1.143	1.119	1.014	0.889	0.865	0.882	0.8740000000000001	1.2109999999999999	1.21	1.244	0.654	0.602	0.856	0.8809999999999999	0.875	1.168	1.162	1.175	0.892	0.816	0.848	0.733	1.002	0.718	0.998
22.52	0.82	0.8290000000000001	1.07	1.0859999999999999	1.075	0.898	0.7609999999999999	0.91	0.93	0.9259999999999999	1.194	1.177	1.196	0.815	0.638	0.868	0.893	0.892	1.126	1.136	1.114	1.0170000000000001	0.9079999999999999	0.863	0.88	0.871	1.209	1.2	1.24	0.657	0.609	0.853	0.878	0.872	1.161	1.157	1.172	0.898	0.816	0.8640000000000001	0.606	1.016	0.713	0.993
22.77	0.8170000000000001	0.826	1.064	1.079	1.069	0.9	0.76	0.9059999999999999	0.927	0.9229999999999999	1.198	1.169	1.1909999999999998	0.843	0.638	0.8640000000000001	0.8909999999999999	0.889	1.1179999999999999	1.1320000000000001	1.1079999999999999	1.015	0.9279999999999999	0.86	0.878	0.8690000000000001	1.203	1.198	1.237	0.6579999999999999	0.612	0.85	0.875	0.8690000000000001	1.1540000000000001	1.156	1.1640000000000001	0.9009999999999999	0.831	0.8590000000000001	0.616	1.018	0.7120000000000001	1.003
23.03	0.813	0.8220000000000001	1.056	1.074	1.063	0.9079999999999999	0.758	0.903	0.925	0.92	1.1840000000000002	1.167	1.186	0.6890000000000001	0.657	0.861	0.888	0.887	1.114	1.13	1.104	1.024	0.922	0.857	0.875	0.866	1.2	1.1909999999999998	1.2309999999999999	0.659	0.604	0.847	0.8740000000000001	0.867	1.15	1.149	1.159	0.905	0.8290000000000001	0.8590000000000001	0.738	1.0190000000000001	0.7090000000000001	1.002
23.3	0.809	0.818	1.051	1.067	1.057	0.9129999999999999	0.7559999999999999	0.9009999999999999	0.922	0.917	1.18	1.163	1.178	0.723	0.703	0.857	0.8859999999999999	0.884	1.111	1.124	1.1	1.043	0.925	0.855	0.873	0.8640000000000001	1.196	1.189	1.226	0.662	0.605	0.8440000000000001	0.871	0.865	1.146	1.145	1.155	0.905	0.83	0.856	0.716	1.021	0.728	1.011
23.55	0.805	0.815	1.046	1.061	1.051	0.915	0.758	0.898	0.919	0.915	1.177	1.157	1.18	0.9890000000000001	0.627	0.853	0.883	0.882	1.107	1.121	1.094	1.038	0.934	0.853	0.871	0.861	1.1909999999999998	1.183	1.222	0.66	0.604	0.8420000000000001	0.8690000000000001	0.863	1.1440000000000001	1.139	1.148	0.912	0.85	0.857	0.6779999999999999	1.033	0.7240000000000001	1.01
23.82	0.802	0.812	1.041	1.056	1.044	0.92	0.755	0.894	0.917	0.912	1.173	1.1540000000000001	1.177	0.653	0.633	0.85	0.882	0.88	1.103	1.117	1.093	1.05	0.943	0.851	0.8690000000000001	0.8590000000000001	1.188	1.18	1.222	0.657	0.608	0.8390000000000001	0.867	0.86	1.137	1.135	1.145	0.919	0.86	0.858	0.652	1.0270000000000001	0.7240000000000001	1.02
24.08	0.7979999999999999	0.8079999999999999	1.034	1.05	1.038	0.9259999999999999	0.754	0.892	0.914	0.91	1.166	1.149	1.169	0.684	0.629	0.846	0.879	0.877	1.101	1.115	1.087	1.0490000000000002	0.9490000000000001	0.848	0.867	0.857	1.185	1.18	1.213	0.664	0.595	0.836	0.865	0.8590000000000001	1.133	1.13	1.143	0.927	0.8490000000000001	0.857	0.616	1.037	0.72	1.013
24.35	0.795	0.805	1.0290000000000001	1.044	1.032	0.9259999999999999	0.748	0.889	0.9129999999999999	0.9079999999999999	1.1640000000000001	1.147	1.169	0.6629999999999999	0.629	0.8440000000000001	0.877	0.875	1.099	1.111	1.084	1.047	0.948	0.846	0.865	0.856	1.1840000000000002	1.175	1.212	0.664	0.6	0.8340000000000001	0.863	0.857	1.1320000000000001	1.129	1.141	0.9279999999999999	0.873	0.852	0.636	1.05	0.727	1.022
24.6	0.792	0.802	1.023	1.0390000000000001	1.026	0.93	0.748	0.887	0.91	0.9059999999999999	1.16	1.1420000000000001	1.1640000000000001	0.6809999999999999	0.625	0.8420000000000001	0.875	0.873	1.095	1.109	1.081	1.05	0.958	0.8440000000000001	0.8640000000000001	0.8540000000000001	1.181	1.173	1.209	0.66	0.607	0.8320000000000001	0.861	0.8540000000000001	1.129	1.128	1.137	0.9309999999999999	0.861	0.853	0.691	1.054	0.725	1.011
25.1	0.825	0.8320000000000001	1.139	1.104	1.151	1.01	0.879	0.9440000000000001	0.943	0.929	1.218	1.226	1.23	0.877	1.105	0.9059999999999999	0.9079999999999999	0.892	1.155	1.1440000000000001	1.121	1.073	0.981	0.894	0.882	0.856	1.3019999999999998	1.268	1.2919999999999998	0.758	0.7070000000000001	0.9	0.898	0.873	1.334	1.255	1.306	0.956	0.905	1.001	1.073	1.1640000000000001	1.151	1.082
25.53	0.7859999999999999	0.795	1.054	1.065	1.067	1.004	0.85	0.915	0.919	0.914	1.214	1.177	1.217	0.82	1.099	0.877	0.889	0.88	1.129	1.129	1.109	1.0759999999999998	1.002	0.862	0.861	0.845	1.2409999999999999	1.222	1.263	0.7609999999999999	0.726	0.865	0.8740000000000001	0.858	1.2209999999999999	1.19	1.207	0.946	0.89	0.968	0.8170000000000001	1.136	1.036	1.068
26.0	0.8029999999999999	0.8109999999999999	1.054	1.061	1.069	1.01	0.899	0.919	0.925	0.9159999999999999	1.225	1.182	1.24	0.753	0.914	0.884	0.892	0.88	1.123	1.12	1.0959999999999999	1.035	0.958	0.8690000000000001	0.863	0.8440000000000001	1.256	1.225	1.2830000000000001	0.7340000000000001	0.6859999999999999	0.875	0.875	0.858	1.306	1.242	1.254	0.948	0.9059999999999999	0.996	0.836	1.151	1.141	1.09
26.27	0.7759999999999999	0.7859999999999999	1.001	1.018	1.002	0.948	0.752	0.8740000000000001	0.9	0.895	1.148	1.127	1.151	0.721	0.619	0.838	0.866	0.862	1.081	1.095	1.064	1.051	0.9940000000000001	0.8320000000000001	0.855	0.843	1.168	1.157	1.197	0.6579999999999999	0.5820000000000001	0.8190000000000001	0.85	0.843	1.1159999999999999	1.109	1.122	0.955	0.892	0.853	0.65	1.044	0.71	1.036
26.53	0.772	0.7829999999999999	0.997	1.014	0.998	0.9470000000000001	0.747	0.872	0.899	0.893	1.1440000000000001	1.123	1.147	0.653	0.688	0.8340000000000001	0.863	0.861	1.083	1.095	1.061	1.043	0.992	0.83	0.853	0.8420000000000001	1.165	1.1540000000000001	1.202	0.654	0.581	0.816	0.848	0.8420000000000001	1.114	1.1059999999999999	1.119	0.9620000000000001	0.889	0.8490000000000001	0.594	1.051	0.7040000000000001	1.04
27.03	0.795	0.805	1.042	1.045	1.055	1.0490000000000002	0.903	0.9279999999999999	0.9309999999999999	0.917	1.203	1.173	1.21	0.797	1.176	0.892	0.892	0.879	1.1179999999999999	1.113	1.091	1.0270000000000001	0.975	0.88	0.867	0.8440000000000001	1.235	1.2009999999999998	1.266	0.773	0.763	0.882	0.882	0.86	1.238	1.2	1.2309999999999999	0.98	0.914	1.01	0.924	1.162	1.084	1.1079999999999999
27.28	0.764	0.775	0.986	1.006	0.986	0.945	0.74	0.867	0.895	0.888	1.137	1.113	1.138	0.643	0.622	0.828	0.858	0.856	1.0759999999999998	1.09	1.055	1.031	0.9990000000000001	0.8240000000000001	0.848	0.8370000000000001	1.162	1.157	1.186	0.644	0.5760000000000001	0.809	0.843	0.836	1.105	1.1059999999999999	1.109	0.9790000000000001	0.917	0.845	0.599	1.057	0.7120000000000001	1.046
27.55	0.7609999999999999	0.7709999999999999	0.983	1.004	0.985	0.943	0.7440000000000001	0.8640000000000001	0.893	0.887	1.1340000000000001	1.111	1.136	0.7040000000000001	0.617	0.8220000000000001	0.8540000000000001	0.853	1.074	1.089	1.054	1.024	0.983	0.8220000000000001	0.846	0.835	1.156	1.148	1.185	0.647	0.575	0.8059999999999999	0.84	0.8340000000000001	1.102	1.104	1.1059999999999999	0.9790000000000001	0.907	0.843	0.607	1.054	0.703	1.051
27.82	0.757	0.768	0.98	1.0	0.981	0.943	0.741	0.862	0.892	0.885	1.131	1.109	1.133	0.642	0.664	0.8170000000000001	0.85	0.851	1.073	1.087	1.053	1.018	1.0	0.82	0.8440000000000001	0.8340000000000001	1.156	1.1440000000000001	1.181	0.637	0.574	0.804	0.838	0.8320000000000001	1.101	1.102	1.104	0.98	0.903	0.8420000000000001	0.629	1.05	0.7090000000000001	1.0490000000000002
28.07	0.753	0.765	0.976	0.996	0.977	0.941	0.7390000000000001	0.86	0.8909999999999999	0.884	1.129	1.107	1.13	0.7040000000000001	0.619	0.813	0.848	0.8490000000000001	1.071	1.087	1.05	1.0090000000000001	0.996	0.8170000000000001	0.843	0.8320000000000001	1.151	1.143	1.177	0.6459999999999999	0.5770000000000001	0.8009999999999999	0.8370000000000001	0.831	1.0979999999999999	1.1	1.1	0.9890000000000001	0.907	0.836	0.607	1.038	0.7090000000000001	1.051
28.33	0.75	0.762	0.973	0.993	0.973	0.938	0.735	0.858	0.889	0.8809999999999999	1.126	1.105	1.126	0.747	0.603	0.809	0.8440000000000001	0.847	1.069	1.085	1.048	1.004	1.005	0.815	0.841	0.83	1.148	1.139	1.1740000000000002	0.653	0.5820000000000001	0.799	0.8340000000000001	0.8290000000000001	1.095	1.095	1.097	0.987	0.9209999999999999	0.8370000000000001	0.622	1.036	0.706	1.0490000000000002
28.6	0.746	0.758	0.9690000000000001	0.9890000000000001	0.968	0.937	0.733	0.855	0.888	0.88	1.122	1.1	1.123	0.684	0.62	0.804	0.843	0.845	1.068	1.083	1.046	1.003	0.983	0.813	0.84	0.8290000000000001	1.146	1.136	1.172	0.64	0.5660000000000001	0.7959999999999999	0.833	0.8270000000000001	1.092	1.095	1.094	0.996	0.925	0.836	0.607	1.023	0.705	1.055
28.87	0.743	0.755	0.9670000000000001	0.985	0.9640000000000001	0.94	0.728	0.853	0.8859999999999999	0.878	1.12	1.097	1.12	0.639	0.607	0.8009999999999999	0.84	0.843	1.067	1.081	1.043	0.991	0.981	0.8109999999999999	0.838	0.8270000000000001	1.1440000000000001	1.1340000000000001	1.169	0.647	0.561	0.794	0.83	0.825	1.09	1.091	1.09	0.9990000000000001	0.925	0.835	0.614	1.0170000000000001	0.701	1.057
29.12	0.74	0.752	0.963	0.982	0.96	0.9440000000000001	0.7240000000000001	0.851	0.885	0.877	1.117	1.094	1.1159999999999999	0.894	0.614	0.7979999999999999	0.838	0.841	1.067	1.08	1.042	0.986	0.9790000000000001	0.809	0.836	0.826	1.141	1.1320000000000001	1.166	0.644	0.561	0.7909999999999999	0.828	0.823	1.088	1.088	1.0859999999999999	1.004	0.924	0.8340000000000001	0.645	1.012	0.708	1.054
29.38	0.736	0.748	0.96	0.978	0.955	0.932	0.72	0.8490000000000001	0.883	0.875	1.115	1.091	1.113	0.669	0.652	0.7929999999999999	0.836	0.84	1.063	1.079	1.04	0.983	0.965	0.807	0.8340000000000001	0.8240000000000001	1.139	1.129	1.163	0.649	0.557	0.789	0.8270000000000001	0.821	1.084	1.085	1.084	1.006	0.9259999999999999	0.838	0.645	0.998	0.695	1.052
29.65	0.733	0.745	0.955	0.9740000000000001	0.951	0.935	0.7170000000000001	0.847	0.8809999999999999	0.873	1.113	1.089	1.11	0.6920000000000001	0.609	0.79	0.835	0.838	1.062	1.077	1.0390000000000001	0.976	0.9570000000000001	0.804	0.833	0.8220000000000001	1.137	1.127	1.159	0.6459999999999999	0.5589999999999999	0.7859999999999999	0.825	0.82	1.082	1.083	1.079	1.014	0.9259999999999999	0.836	0.595	0.9940000000000001	0.701	1.052
29.9	0.7290000000000001	0.743	0.9520000000000001	0.972	0.948	0.927	0.713	0.845	0.88	0.872	1.11	1.087	1.107	0.812	0.623	0.7879999999999999	0.833	0.836	1.064	1.0759999999999998	1.0390000000000001	0.973	0.9590000000000001	0.8029999999999999	0.8320000000000001	0.821	1.136	1.124	1.158	0.643	0.555	0.785	0.8240000000000001	0.8190000000000001	1.08	1.081	1.078	1.0070000000000001	0.925	0.83	0.623	0.988	0.691	1.051
30.17	0.726	0.7390000000000001	0.951	0.968	0.943	0.924	0.708	0.843	0.879	0.87	1.107	1.084	1.104	0.794	0.6	0.784	0.831	0.8340000000000001	1.061	1.074	1.036	0.9690000000000001	0.9620000000000001	0.8009999999999999	0.83	0.82	1.133	1.123	1.156	0.644	0.562	0.782	0.821	0.8170000000000001	1.077	1.078	1.075	1.0070000000000001	0.925	0.833	0.61	0.972	0.698	1.047
30.43	0.723	0.736	0.948	0.965	0.94	0.9229999999999999	0.7070000000000001	0.841	0.877	0.8690000000000001	1.105	1.081	1.102	0.7929999999999999	0.652	0.7809999999999999	0.8290000000000001	0.831	1.058	1.074	1.034	0.9570000000000001	0.9570000000000001	0.799	0.8290000000000001	0.818	1.131	1.12	1.1540000000000001	0.65	0.556	0.78	0.82	0.815	1.075	1.075	1.072	1.008	0.924	0.831	0.614	0.977	0.7070000000000001	1.048
30.68	0.72	0.733	0.9440000000000001	0.961	0.9359999999999999	0.919	0.703	0.8390000000000001	0.8759999999999999	0.867	1.103	1.08	1.1	0.659	0.61	0.779	0.8270000000000001	0.83	1.06	1.072	1.034	0.951	0.9540000000000001	0.7959999999999999	0.828	0.8170000000000001	1.129	1.123	1.151	0.649	0.5539999999999999	0.778	0.818	0.8140000000000001	1.072	1.074	1.069	1.015	0.9279999999999999	0.8270000000000001	0.622	0.9590000000000001	0.705	1.048
30.95	0.716	0.731	0.941	0.958	0.932	0.92	0.701	0.8370000000000001	0.875	0.866	1.101	1.077	1.0979999999999999	0.665	0.615	0.7759999999999999	0.825	0.8290000000000001	1.056	1.07	1.031	0.951	0.946	0.795	0.826	0.816	1.127	1.117	1.148	0.6459999999999999	0.55	0.775	0.8170000000000001	0.813	1.075	1.072	1.067	1.013	0.927	0.826	0.612	0.9440000000000001	0.682	1.042
31.22	0.713	0.727	0.937	0.955	0.9279999999999999	0.9159999999999999	0.7	0.835	0.873	0.865	1.099	1.075	1.095	0.705	0.612	0.773	0.8220000000000001	0.828	1.055	1.068	1.0290000000000001	0.941	0.9359999999999999	0.7929999999999999	0.826	0.815	1.125	1.114	1.147	0.65	0.5529999999999999	0.773	0.815	0.8109999999999999	1.068	1.07	1.064	1.01	0.929	0.83	0.626	0.946	0.693	1.042
31.48	0.7090000000000001	0.7240000000000001	0.934	0.951	0.924	0.9109999999999999	0.6940000000000001	0.833	0.872	0.863	1.097	1.073	1.093	1.043	0.655	0.77	0.821	0.826	1.053	1.069	1.03	0.9359999999999999	0.935	0.7909999999999999	0.823	0.812	1.123	1.113	1.1440000000000001	0.6459999999999999	0.556	0.7709999999999999	0.8140000000000001	0.809	1.0659999999999998	1.0659999999999998	1.06	1.016	0.9079999999999999	0.825	0.62	0.934	0.69	1.045
31.73	0.706	0.721	0.9309999999999999	0.948	0.9209999999999999	0.909	0.693	0.831	0.87	0.862	1.0959999999999999	1.072	1.09	0.685	0.588	0.768	0.818	0.823	1.053	1.067	1.0270000000000001	0.9259999999999999	0.9259999999999999	0.7879999999999999	0.823	0.812	1.121	1.109	1.1420000000000001	0.643	0.545	0.769	0.813	0.8079999999999999	1.063	1.065	1.0590000000000002	1.013	0.917	0.821	0.613	0.91	0.7020000000000001	1.044
32.0	0.7040000000000001	0.718	0.9279999999999999	0.945	0.9179999999999999	0.902	0.6920000000000001	0.8290000000000001	0.8690000000000001	0.86	1.093	1.069	1.088	0.7879999999999999	0.607	0.765	0.8170000000000001	0.8220000000000001	1.051	1.065	1.025	0.922	0.924	0.787	0.821	0.8109999999999999	1.12	1.109	1.14	0.65	0.5429999999999999	0.7659999999999999	0.81	0.807	1.062	1.062	1.057	1.012	0.912	0.8170000000000001	0.603	0.9259999999999999	0.679	1.033
32.27	0.7	0.715	0.924	0.9420000000000001	0.915	0.9009999999999999	0.6859999999999999	0.8270000000000001	0.867	0.8590000000000001	1.091	1.068	1.087	0.637	0.608	0.762	0.815	0.821	1.051	1.065	1.025	0.909	0.915	0.785	0.82	0.81	1.12	1.1079999999999999	1.139	0.6509999999999999	0.546	0.764	0.809	0.805	1.0590000000000002	1.061	1.054	1.008	0.917	0.816	0.615	0.9059999999999999	0.679	1.0390000000000001
32.52	0.6970000000000001	0.713	0.9209999999999999	0.9390000000000001	0.9109999999999999	0.8959999999999999	0.685	0.8240000000000001	0.866	0.857	1.089	1.065	1.085	0.7879999999999999	0.585	0.76	0.813	0.82	1.051	1.063	1.023	0.902	0.909	0.7829999999999999	0.8190000000000001	0.809	1.117	1.107	1.136	0.645	0.544	0.762	0.8079999999999999	0.804	1.058	1.06	1.052	1.015	0.9079999999999999	0.813	0.638	0.9	0.684	1.028
32.78	0.6940000000000001	0.71	0.919	0.9359999999999999	0.907	0.893	0.6809999999999999	0.8220000000000001	0.865	0.856	1.087	1.064	1.083	0.919	0.581	0.758	0.8109999999999999	0.818	1.051	1.063	1.024	0.893	0.888	0.7809999999999999	0.8170000000000001	0.807	1.1159999999999999	1.104	1.135	0.642	0.5329999999999999	0.76	0.8059999999999999	0.8029999999999999	1.056	1.057	1.0490000000000002	1.015	0.904	0.813	0.612	0.8909999999999999	0.672	1.031
33.05	0.691	0.7070000000000001	0.915	0.9329999999999999	0.904	0.887	0.68	0.82	0.8640000000000001	0.855	1.085	1.063	1.083	0.653	0.604	0.755	0.809	0.8170000000000001	1.0490000000000002	1.061	1.021	0.887	0.893	0.78	0.816	0.8059999999999999	1.114	1.103	1.133	0.653	0.527	0.758	0.805	0.8009999999999999	1.054	1.056	1.047	1.014	0.9	0.81	0.61	0.8740000000000001	0.6759999999999999	1.033
33.32	0.687	0.7040000000000001	0.912	0.93	0.9	0.884	0.677	0.818	0.862	0.8540000000000001	1.083	1.061	1.08	0.6659999999999999	0.595	0.753	0.8079999999999999	0.815	1.048	1.06	1.0190000000000001	0.877	0.888	0.778	0.815	0.805	1.113	1.1	1.131	0.6459999999999999	0.532	0.7559999999999999	0.8029999999999999	0.8	1.054	1.054	1.046	1.021	0.893	0.8079999999999999	0.61	0.87	0.674	1.0290000000000001
33.57	0.684	0.701	0.9079999999999999	0.927	0.897	0.88	0.674	0.816	0.861	0.852	1.081	1.0590000000000002	1.079	0.978	0.59	0.7509999999999999	0.8059999999999999	0.8140000000000001	1.048	1.06	1.018	0.868	0.87	0.7759999999999999	0.813	0.804	1.114	1.0979999999999999	1.13	0.643	0.529	0.754	0.8009999999999999	0.799	1.051	1.052	1.043	1.023	0.8909999999999999	0.805	0.602	0.862	0.672	1.0190000000000001
33.83	0.6809999999999999	0.698	0.905	0.924	0.894	0.877	0.672	0.8140000000000001	0.8590000000000001	0.851	1.08	1.057	1.078	0.725	0.562	0.7490000000000001	0.804	0.813	1.046	1.0590000000000002	1.018	0.8540000000000001	0.877	0.774	0.812	0.802	1.125	1.0979999999999999	1.128	0.654	0.528	0.7509999999999999	0.8	0.797	1.05	1.05	1.04	1.023	0.893	0.8059999999999999	0.616	0.852	0.6729999999999999	1.026
34.1	0.6779999999999999	0.695	0.903	0.92	0.89	0.8740000000000001	0.669	0.812	0.858	0.8490000000000001	1.079	1.056	1.074	0.642	0.605	0.747	0.8029999999999999	0.8109999999999999	1.045	1.058	1.016	0.853	0.872	0.772	0.8109999999999999	0.802	1.1079999999999999	1.0959999999999999	1.126	0.64	0.527	0.75	0.799	0.7959999999999999	1.048	1.0490000000000002	1.038	1.021	0.8909999999999999	0.802	0.616	0.8490000000000001	0.67	1.0290000000000001
34.35	0.675	0.6920000000000001	0.9	0.9179999999999999	0.887	0.87	0.667	0.81	0.857	0.848	1.077	1.055	1.073	0.638	0.59	0.7440000000000001	0.8	0.81	1.044	1.057	1.015	0.8340000000000001	0.862	0.77	0.81	0.8	1.107	1.095	1.125	0.644	0.52	0.747	0.797	0.795	1.046	1.054	1.036	1.022	0.889	0.8	0.596	0.833	0.667	1.018
34.62	0.672	0.6890000000000001	0.897	0.915	0.884	0.865	0.6659999999999999	0.8079999999999999	0.855	0.847	1.0759999999999998	1.061	1.072	0.6729999999999999	0.591	0.741	0.7979999999999999	0.8079999999999999	1.044	1.057	1.013	0.8290000000000001	0.856	0.768	0.809	0.799	1.1059999999999999	1.094	1.125	0.643	0.519	0.745	0.7959999999999999	0.794	1.045	1.045	1.034	1.0270000000000001	0.885	0.807	0.616	0.8220000000000001	0.6659999999999999	1.0090000000000001
34.88	0.6679999999999999	0.6859999999999999	0.894	0.912	0.8809999999999999	0.86	0.66	0.8059999999999999	0.8540000000000001	0.846	1.074	1.052	1.07	0.73	0.602	0.74	0.797	0.807	1.041	1.055	1.014	0.813	0.851	0.7659999999999999	0.807	0.7979999999999999	1.105	1.092	1.121	0.6459999999999999	0.52	0.743	0.794	0.792	1.044	1.045	1.032	1.0190000000000001	0.879	0.7979999999999999	0.606	0.813	0.667	1.0170000000000001
35.15	0.665	0.6829999999999999	0.8909999999999999	0.91	0.877	0.856	0.66	0.804	0.852	0.845	1.073	1.05	1.067	0.7979999999999999	0.588	0.737	0.795	0.8059999999999999	1.042	1.054	1.014	0.807	0.843	0.765	0.8059999999999999	0.7979999999999999	1.104	1.092	1.12	0.648	0.52	0.741	0.7929999999999999	0.7909999999999999	1.042	1.043	1.03	1.025	0.875	0.7979999999999999	0.598	0.7959999999999999	0.6679999999999999	0.998
35.4	0.662	0.68	0.888	0.907	0.8740000000000001	0.853	0.653	0.802	0.851	0.843	1.074	1.048	1.0659999999999998	0.772	0.59	0.735	0.794	0.805	1.0390000000000001	1.053	1.011	0.797	0.8440000000000001	0.762	0.8059999999999999	0.7959999999999999	1.101	1.091	1.119	0.645	0.511	0.738	0.792	0.79	1.041	1.043	1.028	1.025	0.875	0.797	0.606	0.7879999999999999	0.667	1.0090000000000001
35.67	0.6579999999999999	0.677	0.885	0.904	0.871	0.8540000000000001	0.652	0.8	0.85	0.8420000000000001	1.07	1.047	1.063	0.728	0.603	0.7340000000000001	0.7929999999999999	0.8029999999999999	1.0390000000000001	1.053	1.0090000000000001	0.789	0.8290000000000001	0.7609999999999999	0.804	0.7959999999999999	1.102	1.089	1.1179999999999999	0.644	0.518	0.737	0.79	0.789	1.0390000000000001	1.04	1.0270000000000001	1.028	0.8690000000000001	0.794	0.608	0.7829999999999999	0.664	1.004
35.93	0.655	0.674	0.882	0.9009999999999999	0.868	0.847	0.652	0.7979999999999999	0.8490000000000001	0.841	1.069	1.051	1.062	0.84	0.574	0.732	0.7909999999999999	0.8	1.0390000000000001	1.052	1.01	0.78	0.8240000000000001	0.759	0.8029999999999999	0.795	1.1	1.088	1.115	0.647	0.51	0.7340000000000001	0.7879999999999999	0.787	1.038	1.038	1.024	1.028	0.868	0.7909999999999999	0.598	0.768	0.665	1.0
36.18	0.6509999999999999	0.6709999999999999	0.879	0.898	0.865	0.846	0.65	0.795	0.848	0.84	1.069	1.046	1.06	0.722	0.565	0.73	0.79	0.8	1.0390000000000001	1.052	1.0070000000000001	0.772	0.818	0.758	0.802	0.7929999999999999	1.099	1.087	1.115	0.643	0.521	0.732	0.787	0.7859999999999999	1.036	1.0390000000000001	1.023	1.028	0.863	0.7929999999999999	0.638	0.763	0.6629999999999999	1.003
36.45	0.648	0.6679999999999999	0.877	0.895	0.862	0.838	0.6459999999999999	0.7929999999999999	0.846	0.8390000000000001	1.0659999999999998	1.043	1.0590000000000002	0.8540000000000001	0.569	0.728	0.7879999999999999	0.797	1.037	1.05	1.008	0.762	0.809	0.755	0.8009999999999999	0.792	1.0979999999999999	1.0859999999999999	1.113	0.644	0.504	0.73	0.7859999999999999	0.785	1.036	1.035	1.021	1.025	0.862	0.789	0.605	0.7490000000000001	0.6609999999999999	0.991
36.72	0.644	0.665	0.873	0.892	0.8590000000000001	0.838	0.645	0.792	0.845	0.8370000000000001	1.065	1.042	1.056	0.654	0.5760000000000001	0.727	0.787	0.7959999999999999	1.036	1.0490000000000002	1.005	0.76	0.804	0.753	0.799	0.7909999999999999	1.097	1.0859999999999999	1.111	0.643	0.509	0.727	0.785	0.784	1.034	1.033	1.0190000000000001	1.026	0.8590000000000001	0.7879999999999999	0.596	0.7340000000000001	0.6679999999999999	0.976
36.98	0.6409999999999999	0.6609999999999999	0.871	0.89	0.855	0.8320000000000001	0.643	0.789	0.8440000000000001	0.836	1.063	1.041	1.055	0.9129999999999999	0.562	0.725	0.785	0.795	1.035	1.0490000000000002	1.004	0.754	0.794	0.752	0.7979999999999999	0.79	1.095	1.084	1.109	0.6409999999999999	0.503	0.725	0.7829999999999999	0.7829999999999999	1.032	1.032	1.0170000000000001	1.025	0.856	0.789	0.601	0.7290000000000001	0.662	0.98
37.23	0.637	0.6579999999999999	0.868	0.887	0.853	0.828	0.638	0.787	0.8420000000000001	0.835	1.062	1.042	1.053	0.629	0.574	0.723	0.7829999999999999	0.794	1.034	1.0490000000000002	1.006	0.738	0.7809999999999999	0.75	0.797	0.789	1.0959999999999999	1.083	1.1079999999999999	0.644	0.502	0.723	0.782	0.782	1.031	1.031	1.016	1.028	0.853	0.7859999999999999	0.603	0.722	0.672	0.99
37.5	0.634	0.655	0.866	0.884	0.8490000000000001	0.825	0.637	0.785	0.841	0.8340000000000001	1.06	1.0390000000000001	1.05	0.6829999999999999	0.5660000000000001	0.72	0.7809999999999999	0.792	1.034	1.047	1.002	0.732	0.775	0.748	0.7959999999999999	0.789	1.093	1.081	1.107	0.643	0.499	0.72	0.7809999999999999	0.78	1.03	1.03	1.013	1.0290000000000001	0.847	0.787	0.614	0.718	0.652	0.972
37.77	0.63	0.652	0.862	0.882	0.847	0.82	0.635	0.782	0.84	0.833	1.06	1.0390000000000001	1.048	0.64	0.568	0.718	0.78	0.7909999999999999	1.033	1.046	1.001	0.727	0.769	0.746	0.795	0.787	1.093	1.081	1.105	0.645	0.507	0.718	0.779	0.779	1.0270000000000001	1.028	1.012	1.031	0.846	0.785	0.591	0.6990000000000001	0.664	0.9790000000000001
38.02	0.627	0.648	0.86	0.878	0.843	0.8170000000000001	0.631	0.78	0.8390000000000001	0.8320000000000001	1.06	1.0390000000000001	1.047	1.133	0.569	0.716	0.778	0.7909999999999999	1.032	1.047	1.002	0.72	0.76	0.7440000000000001	0.794	0.7859999999999999	1.091	1.081	1.104	0.64	0.493	0.716	0.778	0.778	1.0270000000000001	1.0270000000000001	1.011	1.0290000000000001	0.841	0.7859999999999999	0.603	0.6940000000000001	0.66	0.975
38.28	0.623	0.645	0.857	0.8759999999999999	0.8390000000000001	0.815	0.63	0.778	0.8370000000000001	0.83	1.057	1.038	1.046	0.9009999999999999	0.562	0.7140000000000001	0.7759999999999999	0.789	1.032	1.046	0.9990000000000001	0.713	0.747	0.743	0.7929999999999999	0.785	1.091	1.078	1.102	0.645	0.49700000000000005	0.713	0.7759999999999999	0.777	1.026	1.025	1.0090000000000001	1.028	0.836	0.7829999999999999	0.612	0.6859999999999999	0.665	0.968
38.55	0.62	0.642	0.8540000000000001	0.873	0.836	0.81	0.628	0.7759999999999999	0.836	0.8290000000000001	1.054	1.034	1.045	0.9790000000000001	0.5579999999999999	0.713	0.775	0.789	1.031	1.046	0.998	0.706	0.743	0.741	0.792	0.785	1.089	1.077	1.101	0.639	0.489	0.711	0.775	0.7759999999999999	1.024	1.024	1.006	1.032	0.8370000000000001	0.782	0.59	0.6809999999999999	0.6559999999999999	0.981
38.82	0.616	0.638	0.851	0.87	0.833	0.807	0.628	0.774	0.835	0.828	1.055	1.032	1.044	0.642	0.5710000000000001	0.71	0.774	0.787	1.031	1.044	0.998	0.7020000000000001	0.737	0.7390000000000001	0.7909999999999999	0.784	1.089	1.079	1.1	0.642	0.499	0.7090000000000001	0.774	0.774	1.023	1.023	1.005	1.031	0.8320000000000001	0.78	0.588	0.67	0.6609999999999999	0.961
39.07	0.613	0.635	0.8490000000000001	0.867	0.831	0.805	0.627	0.7709999999999999	0.8340000000000001	0.8270000000000001	1.053	1.031	1.04	0.6759999999999999	0.556	0.7090000000000001	0.773	0.787	1.0290000000000001	1.044	0.997	0.6990000000000001	0.728	0.737	0.79	0.7829999999999999	1.087	1.0759999999999998	1.0979999999999999	0.635	0.495	0.706	0.773	0.773	1.021	1.022	1.003	1.036	0.8290000000000001	0.7809999999999999	0.5870000000000001	0.6679999999999999	0.653	0.9570000000000001
39.33	0.609	0.632	0.845	0.865	0.8270000000000001	0.8	0.623	0.769	0.8320000000000001	0.826	1.051	1.03	1.038	1.3559999999999999	0.556	0.706	0.7709999999999999	0.785	1.0270000000000001	1.043	0.995	0.691	0.72	0.735	0.7879999999999999	0.782	1.087	1.075	1.097	0.6409999999999999	0.479	0.7040000000000001	0.7709999999999999	0.772	1.02	1.02	1.002	1.03	0.826	0.778	0.598	0.659	0.662	0.9490000000000001
39.6	0.605	0.629	0.843	0.862	0.8240000000000001	0.7979999999999999	0.623	0.767	0.831	0.825	1.051	1.03	1.0390000000000001	0.634	0.546	0.703	0.77	0.784	1.028	1.043	0.995	0.684	0.71	0.733	0.787	0.7809999999999999	1.0859999999999999	1.075	1.0959999999999999	0.637	0.47600000000000003	0.7020000000000001	0.77	0.7709999999999999	1.0190000000000001	1.02	1.001	1.032	0.826	0.775	0.59	0.65	0.649	0.948
39.85	0.601	0.625	0.84	0.8590000000000001	0.82	0.795	0.621	0.765	0.83	0.823	1.05	1.028	1.037	0.7490000000000001	0.546	0.7020000000000001	0.769	0.784	1.0270000000000001	1.041	0.993	0.682	0.7020000000000001	0.731	0.787	0.7809999999999999	1.085	1.073	1.094	0.64	0.493	0.6990000000000001	0.769	0.77	1.0190000000000001	1.018	0.9990000000000001	1.035	0.8170000000000001	0.774	0.5820000000000001	0.648	0.6579999999999999	0.946
40.12	0.598	0.622	0.838	0.857	0.818	0.7929999999999999	0.62	0.763	0.828	0.8220000000000001	1.0490000000000002	1.026	1.036	0.622	0.544	0.701	0.767	0.7829999999999999	1.026	1.042	0.9940000000000001	0.674	0.6940000000000001	0.7290000000000001	0.785	0.78	1.085	1.072	1.093	0.644	0.479	0.698	0.767	0.769	1.0170000000000001	1.0170000000000001	0.996	1.031	0.815	0.777	0.5920000000000001	0.639	0.639	0.941
40.38	0.595	0.618	0.8340000000000001	0.853	0.8140000000000001	0.789	0.618	0.76	0.8270000000000001	0.821	1.048	1.025	1.034	1.3769999999999998	0.5479999999999999	0.6990000000000001	0.765	0.7809999999999999	1.026	1.04	0.992	0.67	0.688	0.728	0.785	0.779	1.084	1.078	1.093	0.639	0.474	0.695	0.7659999999999999	0.768	1.015	1.016	0.995	1.03	0.81	0.7709999999999999	0.593	0.632	0.645	0.938
40.65	0.591	0.616	0.8320000000000001	0.851	0.81	0.785	0.616	0.758	0.826	0.82	1.046	1.024	1.033	0.64	0.551	0.696	0.764	0.7809999999999999	1.026	1.0390000000000001	0.992	0.657	0.6779999999999999	0.726	0.7829999999999999	0.778	1.083	1.071	1.092	0.639	0.48	0.693	0.764	0.767	1.014	1.014	0.993	1.032	0.807	0.772	0.595	0.628	0.6409999999999999	0.937
40.9	0.5870000000000001	0.613	0.8290000000000001	0.848	0.807	0.784	0.613	0.7559999999999999	0.8240000000000001	0.8190000000000001	1.046	1.022	1.031	0.629	0.547	0.6940000000000001	0.762	0.7809999999999999	1.024	1.0390000000000001	0.993	0.66	0.672	0.7240000000000001	0.782	0.777	1.082	1.071	1.09	0.64	0.47700000000000004	0.69	0.763	0.765	1.013	1.013	0.992	1.028	0.805	0.768	0.584	0.619	0.648	0.937
41.17	0.583	0.609	0.8270000000000001	0.846	0.804	0.78	0.613	0.753	0.823	0.818	1.045	1.02	1.0290000000000001	0.855	0.539	0.6920000000000001	0.76	0.779	1.023	1.04	0.9890000000000001	0.654	0.662	0.722	0.7809999999999999	0.7759999999999999	1.081	1.07	1.089	0.642	0.46399999999999997	0.688	0.7609999999999999	0.764	1.012	1.013	0.991	1.026	0.802	0.769	0.583	0.615	0.644	0.932
41.43	0.58	0.606	0.8240000000000001	0.843	0.8009999999999999	0.778	0.61	0.7509999999999999	0.8220000000000001	0.8170000000000001	1.044	1.02	1.0270000000000001	0.63	0.5379999999999999	0.691	0.759	0.778	1.022	1.0390000000000001	0.99	0.65	0.6579999999999999	0.72	0.78	0.775	1.08	1.069	1.088	0.6459999999999999	0.467	0.6859999999999999	0.76	0.763	1.011	1.013	0.9890000000000001	1.024	0.799	0.767	0.5820000000000001	0.61	0.642	0.925
41.68	0.5760000000000001	0.603	0.821	0.84	0.797	0.7759999999999999	0.606	0.7490000000000001	0.821	0.816	1.044	1.021	1.025	0.722	0.545	0.6890000000000001	0.757	0.777	1.023	1.038	0.9890000000000001	0.645	0.648	0.718	0.78	0.775	1.079	1.069	1.087	0.637	0.45	0.684	0.759	0.762	1.011	1.01	0.988	1.028	0.794	0.7659999999999999	0.5920000000000001	0.604	0.637	0.922
41.95	0.573	0.6	0.818	0.8370000000000001	0.794	0.773	0.604	0.746	0.8190000000000001	0.8140000000000001	1.042	1.0190000000000001	1.025	0.7340000000000001	0.5329999999999999	0.687	0.7559999999999999	0.777	1.021	1.037	0.9890000000000001	0.6409999999999999	0.639	0.716	0.778	0.774	1.079	1.067	1.0859999999999999	0.635	0.475	0.6809999999999999	0.758	0.7609999999999999	1.0090000000000001	1.0090000000000001	0.986	1.033	0.7909999999999999	0.767	0.588	0.597	0.636	0.9209999999999999
42.22	0.569	0.596	0.8140000000000001	0.8340000000000001	0.789	0.7709999999999999	0.6	0.7440000000000001	0.818	0.8140000000000001	1.042	1.0190000000000001	1.023	0.623	0.5379999999999999	0.685	0.755	0.7759999999999999	1.021	1.037	0.988	0.633	0.636	0.7140000000000001	0.777	0.773	1.08	1.068	1.0859999999999999	0.6459999999999999	0.47100000000000003	0.679	0.757	0.76	1.0070000000000001	1.0090000000000001	0.985	1.026	0.7909999999999999	0.763	0.58	0.595	0.638	0.92
42.47	0.5660000000000001	0.593	0.81	0.83	0.785	0.769	0.597	0.742	0.8170000000000001	0.812	1.04	1.0170000000000001	1.022	0.635	0.535	0.6829999999999999	0.753	0.775	1.018	1.036	0.985	0.634	0.625	0.713	0.7759999999999999	0.773	1.079	1.067	1.085	0.639	0.462	0.677	0.7559999999999999	0.76	1.002	1.004	0.981	1.0270000000000001	0.7879999999999999	0.762	0.598	0.588	0.634	0.92
42.73	0.562	0.59	0.807	0.826	0.78	0.765	0.594	0.74	0.815	0.812	1.038	1.018	1.021	0.9209999999999999	0.54	0.682	0.752	0.775	1.014	1.032	0.98	0.629	0.622	0.71	0.775	0.772	1.077	1.067	1.085	0.638	0.466	0.675	0.754	0.758	0.996	0.9990000000000001	0.9790000000000001	1.026	0.782	0.762	0.575	0.5820000000000001	0.6409999999999999	0.915
43.0	0.5589999999999999	0.586	0.8029999999999999	0.823	0.775	0.763	0.59	0.737	0.8140000000000001	0.81	1.037	1.018	1.02	0.653	0.525	0.68	0.75	0.774	1.0090000000000001	1.03	0.977	0.624	0.613	0.7090000000000001	0.774	0.7709999999999999	1.077	1.0659999999999998	1.084	0.636	0.465	0.6729999999999999	0.753	0.757	0.9940000000000001	0.9990000000000001	0.9790000000000001	1.0290000000000001	0.78	0.7609999999999999	0.593	0.5770000000000001	0.635	0.909
43.27	0.5539999999999999	0.583	0.802	0.8220000000000001	0.774	0.763	0.584	0.735	0.813	0.809	1.038	1.0170000000000001	1.022	0.672	0.528	0.6779999999999999	0.7490000000000001	0.772	1.013	1.033	0.98	0.624	0.609	0.7070000000000001	0.773	0.7709999999999999	1.078	1.068	1.085	0.637	0.466	0.6709999999999999	0.752	0.7559999999999999	1.0	1.003	0.983	1.026	0.777	0.758	0.581	0.5720000000000001	0.628	0.904
43.52	0.551	0.58	0.8009999999999999	0.82	0.7709999999999999	0.758	0.581	0.733	0.812	0.8079999999999999	1.0390000000000001	1.0190000000000001	1.022	0.629	0.535	0.6759999999999999	0.747	0.7709999999999999	1.015	1.034	0.983	0.621	0.599	0.705	0.772	0.769	1.079	1.068	1.085	0.64	0.462	0.6679999999999999	0.75	0.755	1.005	1.0070000000000001	0.985	1.028	0.7759999999999999	0.758	0.581	0.569	0.626	0.8959999999999999
43.78	0.547	0.5760000000000001	0.8	0.82	0.769	0.7559999999999999	0.574	0.73	0.81	0.807	1.0390000000000001	1.02	1.023	0.631	0.524	0.674	0.746	0.77	1.018	1.037	0.987	0.611	0.596	0.703	0.7709999999999999	0.768	1.085	1.07	1.0859999999999999	0.632	0.465	0.665	0.7490000000000001	0.754	1.006	1.008	0.985	1.026	0.773	0.755	0.5870000000000001	0.563	0.621	0.89
44.05	0.5429999999999999	0.5720000000000001	0.7979999999999999	0.8170000000000001	0.7659999999999999	0.753	0.57	0.727	0.809	0.8059999999999999	1.038	1.02	1.022	0.614	0.531	0.6729999999999999	0.7440000000000001	0.77	1.02	1.038	0.987	0.615	0.5920000000000001	0.701	0.77	0.768	1.08	1.07	1.087	0.637	0.457	0.6629999999999999	0.748	0.753	1.006	1.008	0.986	1.023	0.769	0.754	0.583	0.562	0.62	0.888
44.3	0.539	0.568	0.795	0.815	0.763	0.752	0.564	0.726	0.8079999999999999	0.804	1.0390000000000001	1.018	1.021	0.691	0.529	0.6709999999999999	0.743	0.769	1.0170000000000001	1.035	0.9840000000000001	0.604	0.584	0.698	0.769	0.767	1.079	1.069	1.0859999999999999	0.643	0.467	0.66	0.746	0.752	1.0	1.003	0.982	1.028	0.768	0.753	0.568	0.555	0.612	0.883
44.57	0.535	0.565	0.7929999999999999	0.812	0.76	0.7509999999999999	0.5579999999999999	0.723	0.8059999999999999	0.8029999999999999	1.0390000000000001	1.0190000000000001	1.02	0.645	0.527	0.6679999999999999	0.741	0.767	1.016	1.036	0.9840000000000001	0.602	0.5760000000000001	0.696	0.768	0.7659999999999999	1.079	1.069	1.0859999999999999	0.635	0.462	0.6579999999999999	0.745	0.7509999999999999	1.002	1.004	0.982	1.021	0.765	0.752	0.565	0.552	0.61	0.885
44.83	0.531	0.561	0.7909999999999999	0.8109999999999999	0.7559999999999999	0.7490000000000001	0.5529999999999999	0.721	0.805	0.802	1.0390000000000001	1.018	1.02	0.7140000000000001	0.531	0.6659999999999999	0.74	0.767	1.016	1.036	0.983	0.6	0.5710000000000001	0.6940000000000001	0.767	0.765	1.079	1.069	1.084	0.632	0.465	0.655	0.7440000000000001	0.75	1.001	1.005	0.982	1.023	0.76	0.7509999999999999	0.579	0.546	0.594	0.882
45.1	0.527	0.557	0.789	0.807	0.753	0.747	0.5479999999999999	0.718	0.804	0.8009999999999999	1.038	1.018	1.0190000000000001	0.624	0.528	0.664	0.738	0.7659999999999999	1.0170000000000001	1.035	0.9840000000000001	0.5920000000000001	0.5660000000000001	0.6920000000000001	0.7659999999999999	0.765	1.079	1.069	1.084	0.635	0.46	0.653	0.742	0.7490000000000001	1.002	1.004	0.981	1.0190000000000001	0.76	0.746	0.581	0.542	0.595	0.8759999999999999
45.35	0.523	0.5539999999999999	0.787	0.805	0.75	0.746	0.54	0.715	0.802	0.8	1.038	1.0170000000000001	1.018	0.645	0.53	0.6609999999999999	0.737	0.764	1.018	1.036	0.988	0.593	0.562	0.69	0.7659999999999999	0.764	1.08	1.071	1.085	0.638	0.461	0.65	0.74	0.747	1.006	1.0070000000000001	0.9840000000000001	1.013	0.755	0.7440000000000001	0.575	0.54	0.586	0.871
45.62	0.519	0.55	0.785	0.8029999999999999	0.747	0.7440000000000001	0.534	0.713	0.8009999999999999	0.799	1.0390000000000001	1.018	1.018	0.657	0.526	0.659	0.735	0.764	1.02	1.037	0.987	0.591	0.555	0.688	0.765	0.763	1.079	1.07	1.084	0.632	0.45799999999999996	0.648	0.7390000000000001	0.747	1.005	1.008	0.9840000000000001	1.0090000000000001	0.748	0.742	0.575	0.537	0.589	0.863
45.88	0.516	0.546	0.782	0.8	0.742	0.74	0.526	0.71	0.799	0.797	1.041	1.018	1.0190000000000001	0.618	0.518	0.657	0.7340000000000001	0.762	1.02	1.037	0.986	0.589	0.5489999999999999	0.6859999999999999	0.764	0.7609999999999999	1.081	1.071	1.085	0.637	0.45899999999999996	0.645	0.738	0.745	1.006	1.0070000000000001	0.983	1.013	0.752	0.741	0.573	0.5329999999999999	0.589	0.858
46.13	0.511	0.5429999999999999	0.78	0.7979999999999999	0.738	0.7390000000000001	0.518	0.7070000000000001	0.7979999999999999	0.7959999999999999	1.042	1.021	1.018	0.613	0.525	0.655	0.732	0.7609999999999999	1.02	1.037	0.986	0.581	0.542	0.684	0.762	0.7609999999999999	1.088	1.072	1.085	0.635	0.45399999999999996	0.642	0.737	0.7440000000000001	1.0070000000000001	1.0070000000000001	0.983	1.0090000000000001	0.746	0.74	0.575	0.529	0.579	0.853
46.4	0.507	0.54	0.777	0.795	0.736	0.738	0.512	0.705	0.7959999999999999	0.7959999999999999	1.04	1.018	1.016	0.614	0.523	0.653	0.731	0.7609999999999999	1.018	1.035	0.985	0.578	0.5379999999999999	0.682	0.759	0.7609999999999999	1.079	1.07	1.084	0.628	0.45799999999999996	0.64	0.735	0.743	0.9990000000000001	1.002	0.9790000000000001	1.006	0.746	0.738	0.565	0.525	0.581	0.846
46.67	0.503	0.536	0.773	0.79	0.73	0.7340000000000001	0.504	0.7020000000000001	0.795	0.794	1.037	1.015	1.015	0.608	0.513	0.65	0.73	0.76	1.018	1.035	0.982	0.579	0.534	0.679	0.76	0.759	1.081	1.071	1.084	0.63	0.45399999999999996	0.637	0.735	0.742	1.003	1.005	0.981	1.008	0.745	0.736	0.568	0.521	0.5770000000000001	0.8420000000000001
46.93	0.499	0.5329999999999999	0.77	0.787	0.726	0.731	0.495	0.7	0.794	0.7929999999999999	1.04	1.018	1.016	0.602	0.507	0.648	0.728	0.758	1.0190000000000001	1.035	0.985	0.5760000000000001	0.528	0.677	0.758	0.758	1.082	1.071	1.083	0.635	0.465	0.635	0.733	0.74	1.004	1.004	0.981	1.0	0.74	0.735	0.5720000000000001	0.518	0.5770000000000001	0.833
47.18	0.495	0.529	0.769	0.787	0.7240000000000001	0.731	0.49200000000000005	0.698	0.7929999999999999	0.792	1.04	1.018	1.015	0.7120000000000001	0.509	0.6459999999999999	0.726	0.758	1.0190000000000001	1.036	0.987	0.5710000000000001	0.523	0.675	0.757	0.759	1.081	1.071	1.083	0.633	0.46	0.632	0.731	0.74	1.004	1.004	0.98	1.004	0.735	0.7290000000000001	0.5720000000000001	0.515	0.579	0.835
47.45	0.491	0.526	0.7659999999999999	0.784	0.72	0.728	0.48100000000000004	0.695	0.7909999999999999	0.7909999999999999	1.037	1.014	1.014	0.614	0.507	0.645	0.725	0.758	1.018	1.035	0.986	0.568	0.518	0.6729999999999999	0.7559999999999999	0.757	1.0859999999999999	1.07	1.083	0.629	0.455	0.63	0.73	0.7390000000000001	1.003	1.004	0.9790000000000001	0.998	0.7290000000000001	0.7290000000000001	0.569	0.51	0.5760000000000001	0.828
47.72	0.48700000000000004	0.521	0.762	0.779	0.7140000000000001	0.728	0.474	0.6920000000000001	0.79	0.789	1.0390000000000001	1.014	1.013	0.623	0.504	0.642	0.7240000000000001	0.7559999999999999	1.02	1.035	0.9840000000000001	0.573	0.515	0.6709999999999999	0.755	0.7559999999999999	1.082	1.071	1.083	0.632	0.45899999999999996	0.627	0.7290000000000001	0.738	1.004	1.003	0.98	0.991	0.727	0.722	0.57	0.508	0.568	0.825
47.97	0.483	0.518	0.76	0.778	0.7120000000000001	0.728	0.469	0.69	0.7879999999999999	0.789	1.036	1.012	1.012	0.602	0.507	0.64	0.722	0.7559999999999999	1.0190000000000001	1.035	0.985	0.5670000000000001	0.51	0.669	0.754	0.7559999999999999	1.08	1.069	1.083	0.63	0.45299999999999996	0.625	0.727	0.737	1.001	1.002	0.9790000000000001	0.985	0.726	0.7170000000000001	0.56	0.503	0.574	0.8190000000000001
48.23	0.479	0.515	0.757	0.774	0.7070000000000001	0.728	0.462	0.687	0.787	0.7879999999999999	1.036	1.011	1.011	0.659	0.498	0.638	0.721	0.755	1.016	1.032	0.983	0.556	0.506	0.667	0.754	0.7559999999999999	1.081	1.07	1.083	0.633	0.46	0.622	0.726	0.736	0.997	0.998	0.975	0.982	0.726	0.713	0.5660000000000001	0.5	0.573	0.813
48.5	0.474	0.511	0.752	0.769	0.703	0.721	0.45299999999999996	0.684	0.785	0.7859999999999999	1.034	1.01	1.0090000000000001	0.622	0.489	0.636	0.72	0.754	1.012	1.03	0.9790000000000001	0.5579999999999999	0.503	0.665	0.753	0.755	1.089	1.069	1.082	0.629	0.44799999999999995	0.62	0.7240000000000001	0.735	0.9940000000000001	0.996	0.975	0.977	0.7190000000000001	0.711	0.565	0.49700000000000005	0.5670000000000001	0.81
48.77	0.47	0.507	0.75	0.767	0.698	0.722	0.447	0.682	0.784	0.7859999999999999	1.034	1.01	1.01	0.619	0.48100000000000004	0.633	0.718	0.753	1.014	1.032	0.98	0.5589999999999999	0.498	0.6629999999999999	0.7509999999999999	0.754	1.08	1.07	1.083	0.631	0.44799999999999995	0.617	0.723	0.7340000000000001	0.9990000000000001	0.9990000000000001	0.977	0.971	0.7170000000000001	0.7040000000000001	0.57	0.496	0.563	0.804
49.02	0.466	0.503	0.747	0.763	0.6940000000000001	0.718	0.44	0.679	0.782	0.785	1.035	1.011	1.011	0.623	0.486	0.63	0.7170000000000001	0.752	1.015	1.033	0.982	0.5479999999999999	0.493	0.6609999999999999	0.75	0.754	1.081	1.071	1.085	0.629	0.449	0.614	0.721	0.733	0.9990000000000001	1.001	0.978	0.968	0.716	0.698	0.565	0.49	0.5579999999999999	0.7959999999999999
49.28	0.462	0.499	0.7440000000000001	0.76	0.69	0.72	0.431	0.677	0.7809999999999999	0.7829999999999999	1.034	1.01	1.01	0.624	0.473	0.628	0.7140000000000001	0.7509999999999999	1.016	1.034	0.9840000000000001	0.551	0.489	0.6579999999999999	0.7490000000000001	0.753	1.081	1.071	1.083	0.631	0.46399999999999997	0.612	0.72	0.732	1.001	1.001	0.978	0.96	0.7140000000000001	0.695	0.569	0.485	0.555	0.794
49.55	0.45799999999999996	0.495	0.741	0.758	0.685	0.7170000000000001	0.425	0.6759999999999999	0.78	0.782	1.035	1.01	1.01	0.639	0.478	0.626	0.713	0.75	1.0170000000000001	1.035	0.983	0.5529999999999999	0.485	0.6559999999999999	0.7490000000000001	0.752	1.08	1.072	1.083	0.627	0.46299999999999997	0.609	0.718	0.731	1.002	1.001	0.977	0.9570000000000001	0.7070000000000001	0.6890000000000001	0.5710000000000001	0.484	0.551	0.789
49.8	0.45299999999999996	0.49200000000000005	0.737	0.754	0.68	0.7140000000000001	0.41700000000000004	0.6729999999999999	0.778	0.7809999999999999	1.034	1.01	1.0090000000000001	0.633	0.46799999999999997	0.624	0.7120000000000001	0.7490000000000001	1.018	1.034	0.9840000000000001	0.5429999999999999	0.48	0.654	0.747	0.7509999999999999	1.081	1.072	1.083	0.618	0.46399999999999997	0.606	0.716	0.73	1.001	1.0	0.978	0.9540000000000001	0.7020000000000001	0.6859999999999999	0.557	0.48200000000000004	0.546	0.785
50.07	0.449	0.488	0.7340000000000001	0.7490000000000001	0.6729999999999999	0.71	0.41	0.67	0.777	0.779	1.035	1.01	1.008	0.598	0.46299999999999997	0.621	0.71	0.747	1.018	1.033	0.9840000000000001	0.546	0.47600000000000003	0.652	0.747	0.75	1.082	1.072	1.084	0.629	0.452	0.603	0.715	0.728	1.003	1.0	0.976	0.946	0.696	0.685	0.569	0.48	0.539	0.779
50.33	0.444	0.485	0.731	0.746	0.6709999999999999	0.711	0.406	0.667	0.775	0.779	1.033	1.008	1.006	0.596	0.451	0.619	0.7090000000000001	0.747	1.0190000000000001	1.033	0.9840000000000001	0.541	0.474	0.649	0.746	0.75	1.081	1.071	1.081	0.627	0.444	0.601	0.7140000000000001	0.728	1.001	0.9990000000000001	0.976	0.945	0.691	0.6779999999999999	0.56	0.47600000000000003	0.537	0.7759999999999999
50.6	0.44	0.48200000000000004	0.728	0.742	0.665	0.7120000000000001	0.397	0.665	0.774	0.777	1.032	1.0070000000000001	1.005	0.623	0.446	0.617	0.7070000000000001	0.746	1.018	1.033	0.982	0.539	0.469	0.647	0.7440000000000001	0.7490000000000001	1.08	1.07	1.081	0.624	0.45899999999999996	0.598	0.7120000000000001	0.727	1.001	0.998	0.9740000000000001	0.938	0.685	0.6709999999999999	0.563	0.474	0.535	0.7709999999999999
50.85	0.436	0.478	0.7240000000000001	0.738	0.659	0.71	0.391	0.662	0.773	0.7759999999999999	1.03	1.005	1.004	0.598	0.45299999999999996	0.615	0.706	0.745	1.018	1.032	0.982	0.535	0.46799999999999997	0.645	0.743	0.7490000000000001	1.089	1.07	1.08	0.621	0.451	0.596	0.71	0.726	1.001	0.998	0.972	0.9359999999999999	0.6809999999999999	0.669	0.5670000000000001	0.47	0.531	0.765
51.12	0.43200000000000005	0.474	0.7190000000000001	0.7340000000000001	0.654	0.71	0.38299999999999995	0.659	0.7709999999999999	0.775	1.03	1.004	1.003	0.601	0.43700000000000006	0.613	0.705	0.745	1.0170000000000001	1.032	0.981	0.5329999999999999	0.461	0.643	0.742	0.748	1.08	1.07	1.08	0.614	0.456	0.593	0.7090000000000001	0.725	1.0	0.996	0.972	0.929	0.675	0.665	0.5579999999999999	0.467	0.532	0.7609999999999999
51.38	0.42700000000000005	0.469	0.715	0.7290000000000001	0.649	0.706	0.375	0.657	0.769	0.773	1.0290000000000001	1.003	1.001	0.593	0.43700000000000006	0.61	0.7040000000000001	0.7440000000000001	1.0170000000000001	1.031	0.98	0.5329999999999999	0.46	0.6409999999999999	0.74	0.747	1.08	1.071	1.079	0.617	0.456	0.591	0.7070000000000001	0.7240000000000001	0.998	0.9940000000000001	0.9690000000000001	0.924	0.6709999999999999	0.6609999999999999	0.5670000000000001	0.465	0.525	0.7559999999999999
