Time	L0D1-200_1	L0D2-200_1	L0D3-200_1	L0D4-200_1	L0D5-200_1	L1D1-200_1	L1D2-200_1	L1D3-200_1	L1D4-200_1	L1D5-200_1	L2D1-200_1	L2D2-200_1	L2D3-200_1	L2D4-200_1	L2D5-200_1	L0D1-200_2	L0D2-200_2	L0D3-200_2	L0D4-200_2	L1D1-200_2	L0D5-200_2	L1D2-200_2	L1D3-200_2	L1D4-200_2	L1D5-200_2	L2D1-200_2	L2D2-200_2	L2D3-200_2	L2D4-200_2	L2D5-200_2	L0D1-200_3	L0D2-200_3	L0D3-200_3	L0D4-200_3	L0D5-200_3	L1D1-200_3	L1D2-200_3	L1D3-200_3	L1D4-200_3	L1D5-200_3	L2D1-200_3	L2D2-200_3	L2D3-200_3	L2D4-200_3	L2D5-200_3
0.0	0.043	0.040999999999999995	0.043	0.048	0.042	0.04	0.044000000000000004	0.043	0.042	0.042	0.046	0.039	0.044000000000000004	0.040999999999999995	0.042	0.043	0.04	0.055	0.048	0.039	0.039	0.045	0.047	0.04	0.048	0.04	0.039	0.048	0.04	0.04	0.040999999999999995	0.042	0.042	0.040999999999999995	0.04	0.046	0.043	0.04	0.039	0.06	0.049	0.042	0.046	0.092	0.044000000000000004
0.25	0.046	0.044000000000000004	0.045	0.047	0.045	0.044000000000000004	0.045	0.044000000000000004	0.044000000000000004	0.046	0.043	0.048	0.047	0.048	0.047	0.047	0.044000000000000004	0.049	0.048	0.044000000000000004	0.045	0.046	0.043	0.044000000000000004	0.055999999999999994	0.043	0.039	0.05	0.049	0.047	0.046	0.043	0.045	0.048	0.044000000000000004	0.05	0.048	0.044000000000000004	0.039	0.047	0.043	0.048	0.046	0.049	0.048
0.52	0.046	0.044000000000000004	0.045	0.047	0.045	0.044000000000000004	0.045	0.044000000000000004	0.044000000000000004	0.046	0.043	0.049	0.047	0.048	0.047	0.047	0.044000000000000004	0.049	0.048	0.044000000000000004	0.045	0.045	0.043	0.044000000000000004	0.055	0.043	0.039	0.05	0.049	0.048	0.046	0.043	0.045	0.047	0.044000000000000004	0.05	0.048	0.044000000000000004	0.039	0.047	0.043	0.048	0.046	0.049	0.048
0.78	0.046	0.044000000000000004	0.045	0.047	0.045	0.045	0.045	0.044000000000000004	0.044000000000000004	0.046	0.043	0.048	0.047	0.049	0.048	0.047	0.044000000000000004	0.049	0.049	0.044000000000000004	0.045	0.046	0.043	0.044000000000000004	0.055	0.043	0.039	0.05	0.049	0.048	0.046	0.043	0.045	0.047	0.045	0.05	0.048	0.044000000000000004	0.040999999999999995	0.047	0.043	0.048	0.046	0.049	0.049
1.03	0.046	0.044000000000000004	0.045	0.047	0.045	0.045	0.045	0.044000000000000004	0.044000000000000004	0.046	0.043	0.048	0.048	0.049	0.048	0.047	0.044000000000000004	0.049	0.049	0.044000000000000004	0.046	0.046	0.043	0.044000000000000004	0.055	0.043	0.039	0.05	0.049	0.048	0.047	0.044000000000000004	0.045	0.048	0.045	0.05	0.048	0.044000000000000004	0.039	0.047	0.043	0.049	0.047	0.049	0.049
1.3	0.047	0.044000000000000004	0.046	0.047	0.045	0.045	0.045	0.044000000000000004	0.044000000000000004	0.047	0.043	0.049	0.048	0.049	0.048	0.047	0.044000000000000004	0.049	0.049	0.044000000000000004	0.046	0.046	0.044000000000000004	0.044000000000000004	0.055999999999999994	0.043	0.039	0.05	0.049	0.048	0.047	0.044000000000000004	0.045	0.048	0.045	0.05	0.048	0.045	0.039	0.047	0.043	0.049	0.047	0.049	0.049
1.57	0.047	0.045	0.046	0.048	0.045	0.045	0.045	0.044000000000000004	0.044000000000000004	0.047	0.043	0.049	0.048	0.049	0.048	0.048	0.045	0.049	0.05	0.044000000000000004	0.046	0.046	0.044000000000000004	0.044000000000000004	0.055999999999999994	0.043	0.039	0.05	0.049	0.048	0.047	0.044000000000000004	0.045	0.048	0.045	0.05	0.048	0.044000000000000004	0.039	0.047	0.043	0.049	0.047	0.049	0.049
1.82	0.047	0.045	0.046	0.048	0.046	0.045	0.046	0.044000000000000004	0.044000000000000004	0.047	0.043	0.049	0.048	0.05	0.048	0.048	0.045	0.05	0.05	0.044000000000000004	0.046	0.046	0.044000000000000004	0.044000000000000004	0.055999999999999994	0.043	0.039	0.05	0.05	0.049	0.047	0.044000000000000004	0.046	0.048	0.046	0.051	0.048	0.045	0.039	0.047	0.043	0.049	0.047	0.049	0.049
2.08	0.048	0.045	0.046	0.049	0.046	0.045	0.046	0.045	0.044000000000000004	0.047	0.043	0.05	0.048	0.05	0.048	0.049	0.045	0.05	0.05	0.045	0.047	0.047	0.044000000000000004	0.044000000000000004	0.055999999999999994	0.043	0.039	0.051	0.05	0.049	0.048	0.045	0.046	0.049	0.046	0.051	0.049	0.045	0.039	0.048	0.043	0.05	0.047	0.05	0.049
2.35	0.048	0.045	0.047	0.049	0.047	0.046	0.046	0.045	0.044000000000000004	0.047	0.043	0.05	0.048	0.05	0.049	0.049	0.045	0.051	0.051	0.045	0.047	0.047	0.044000000000000004	0.045	0.055999999999999994	0.043	0.039	0.051	0.05	0.049	0.048	0.045	0.046	0.049	0.046	0.051	0.049	0.045	0.039	0.048	0.044000000000000004	0.05	0.047	0.05	0.05
2.62	0.049	0.046	0.047	0.049	0.047	0.046	0.046	0.045	0.045	0.048	0.043	0.05	0.049	0.05	0.049	0.049	0.046	0.051	0.051	0.045	0.048	0.047	0.044000000000000004	0.045	0.057	0.043	0.039	0.051	0.05	0.049	0.049	0.045	0.047	0.049	0.047	0.051	0.049	0.045	0.039	0.048	0.044000000000000004	0.05	0.048	0.05	0.05
2.87	0.049	0.046	0.047	0.05	0.047	0.046	0.046	0.045	0.045	0.048	0.043	0.05	0.049	0.05	0.049	0.05	0.046	0.051	0.052000000000000005	0.045	0.048	0.047	0.045	0.045	0.057	0.043	0.039	0.051	0.051	0.049	0.049	0.046	0.047	0.05	0.047	0.052000000000000005	0.049	0.046	0.039	0.049	0.044000000000000004	0.05	0.048	0.051	0.05
3.13	0.049	0.046	0.048	0.05	0.048	0.046	0.047	0.045	0.045	0.048	0.043	0.05	0.049	0.05	0.049	0.05	0.046	0.052000000000000005	0.052000000000000005	0.046	0.048	0.047	0.045	0.045	0.057999999999999996	0.044000000000000004	0.039	0.052000000000000005	0.051	0.05	0.05	0.046	0.047	0.05	0.047	0.052000000000000005	0.049	0.046	0.039	0.049	0.044000000000000004	0.05	0.048	0.051	0.051
3.4	0.05	0.047	0.048	0.051	0.048	0.047	0.047	0.046	0.045	0.049	0.044000000000000004	0.051	0.049	0.05	0.049	0.051	0.047	0.052000000000000005	0.052000000000000005	0.046	0.048	0.048	0.045	0.045	0.057999999999999996	0.044000000000000004	0.039	0.052000000000000005	0.051	0.05	0.05	0.047	0.048	0.05	0.047	0.052000000000000005	0.05	0.046	0.039	0.049	0.044000000000000004	0.05	0.049	0.051	0.051
3.65	0.05	0.047	0.049	0.051	0.048	0.047	0.047	0.046	0.045	0.049	0.044000000000000004	0.051	0.05	0.051	0.05	0.051	0.047	0.052000000000000005	0.053	0.046	0.049	0.048	0.045	0.046	0.057999999999999996	0.044000000000000004	0.039	0.052000000000000005	0.051	0.05	0.051	0.047	0.048	0.051	0.048	0.052000000000000005	0.05	0.046	0.039	0.049	0.044000000000000004	0.05	0.049	0.051	0.051
3.92	0.05	0.047	0.049	0.051	0.048	0.047	0.047	0.046	0.046	0.049	0.044000000000000004	0.051	0.05	0.051	0.05	0.051	0.047	0.053	0.053	0.047	0.049	0.049	0.046	0.046	0.059000000000000004	0.044000000000000004	0.039	0.052000000000000005	0.052000000000000005	0.05	0.051	0.047	0.049	0.052000000000000005	0.048	0.053	0.05	0.047	0.039	0.05	0.044000000000000004	0.051	0.049	0.052000000000000005	0.051
4.18	0.051	0.048	0.049	0.052000000000000005	0.049	0.048	0.048	0.046	0.046	0.05	0.044000000000000004	0.052000000000000005	0.05	0.051	0.05	0.052000000000000005	0.048	0.054000000000000006	0.054000000000000006	0.047	0.049	0.049	0.046	0.046	0.059000000000000004	0.044000000000000004	0.039	0.053	0.052000000000000005	0.05	0.051	0.047	0.049	0.052000000000000005	0.048	0.053	0.05	0.047	0.039	0.05	0.044000000000000004	0.051	0.05	0.052000000000000005	0.051
4.45	0.051	0.048	0.05	0.053	0.049	0.048	0.048	0.047	0.046	0.05	0.044000000000000004	0.052000000000000005	0.05	0.051	0.051	0.053	0.048	0.054000000000000006	0.055	0.047	0.05	0.049	0.046	0.047	0.06	0.044000000000000004	0.039	0.053	0.052000000000000005	0.051	0.052000000000000005	0.048	0.049	0.052000000000000005	0.049	0.053	0.051	0.047	0.039	0.051	0.044000000000000004	0.051	0.05	0.052000000000000005	0.052000000000000005
4.7	0.051	0.048	0.05	0.053	0.049	0.048	0.048	0.048	0.046	0.051	0.044000000000000004	0.052000000000000005	0.051	0.052000000000000005	0.051	0.053	0.048	0.054000000000000006	0.055	0.047	0.05	0.05	0.047	0.047	0.06	0.044000000000000004	0.039	0.053	0.052000000000000005	0.051	0.052000000000000005	0.048	0.049	0.053	0.049	0.054000000000000006	0.051	0.048	0.039	0.051	0.044000000000000004	0.051	0.05	0.052000000000000005	0.052000000000000005
4.97	0.052000000000000005	0.049	0.051	0.054000000000000006	0.05	0.049	0.049	0.047	0.047	0.051	0.044000000000000004	0.052000000000000005	0.051	0.052000000000000005	0.051	0.053	0.048	0.055	0.055999999999999994	0.048	0.051	0.05	0.047	0.047	0.061	0.044000000000000004	0.039	0.053	0.053	0.051	0.053	0.049	0.05	0.053	0.049	0.054000000000000006	0.051	0.048	0.039	0.052000000000000005	0.045	0.052000000000000005	0.05	0.053	0.052000000000000005
5.23	0.052000000000000005	0.049	0.051	0.054000000000000006	0.05	0.049	0.049	0.047	0.047	0.052000000000000005	0.045	0.052000000000000005	0.051	0.052000000000000005	0.051	0.054000000000000006	0.049	0.055	0.055999999999999994	0.048	0.051	0.05	0.048	0.048	0.061	0.044000000000000004	0.039	0.054000000000000006	0.053	0.052000000000000005	0.053	0.049	0.05	0.054000000000000006	0.05	0.055	0.052000000000000005	0.048	0.039	0.052000000000000005	0.045	0.052000000000000005	0.05	0.053	0.052000000000000005
5.48	0.052000000000000005	0.049	0.051	0.055	0.05	0.049	0.05	0.048	0.048	0.052000000000000005	0.045	0.053	0.052000000000000005	0.053	0.051	0.054000000000000006	0.049	0.055999999999999994	0.057	0.048	0.051	0.051	0.048	0.048	0.062	0.045	0.039	0.054000000000000006	0.053	0.052000000000000005	0.054000000000000006	0.049	0.051	0.054000000000000006	0.05	0.055	0.052000000000000005	0.049	0.039	0.052000000000000005	0.045	0.052000000000000005	0.051	0.053	0.053
5.75	0.053	0.049	0.052000000000000005	0.055	0.051	0.05	0.05	0.048	0.048	0.052000000000000005	0.045	0.053	0.052000000000000005	0.053	0.052000000000000005	0.055	0.05	0.055999999999999994	0.057	0.049	0.052000000000000005	0.051	0.048	0.049	0.062	0.045	0.039	0.054000000000000006	0.053	0.052000000000000005	0.054000000000000006	0.05	0.051	0.055	0.051	0.055	0.053	0.049	0.039	0.053	0.045	0.053	0.051	0.053	0.053
6.02	0.053	0.05	0.052000000000000005	0.055999999999999994	0.051	0.05	0.05	0.049	0.048	0.053	0.045	0.053	0.052000000000000005	0.053	0.052000000000000005	0.055999999999999994	0.05	0.057	0.057999999999999996	0.049	0.053	0.052000000000000005	0.049	0.049	0.063	0.045	0.039	0.055	0.054000000000000006	0.052000000000000005	0.055	0.05	0.051	0.055999999999999994	0.051	0.055999999999999994	0.053	0.049	0.039	0.053	0.045	0.053	0.051	0.053	0.053
6.28	0.054000000000000006	0.05	0.052000000000000005	0.055999999999999994	0.051	0.05	0.051	0.049	0.049	0.053	0.045	0.054000000000000006	0.053	0.053	0.052000000000000005	0.055999999999999994	0.051	0.057	0.059000000000000004	0.049	0.053	0.052000000000000005	0.049	0.05	0.063	0.045	0.039	0.055	0.054000000000000006	0.053	0.055	0.051	0.052000000000000005	0.055999999999999994	0.051	0.055999999999999994	0.053	0.05	0.039	0.054000000000000006	0.045	0.053	0.051	0.054000000000000006	0.054000000000000006
6.53	0.054000000000000006	0.051	0.053	0.057	0.052000000000000005	0.051	0.051	0.049	0.049	0.054000000000000006	0.045	0.054000000000000006	0.053	0.054000000000000006	0.053	0.057	0.051	0.057	0.059000000000000004	0.05	0.053	0.053	0.05	0.05	0.064	0.045	0.039	0.055999999999999994	0.055	0.053	0.055999999999999994	0.051	0.052000000000000005	0.057	0.052000000000000005	0.055999999999999994	0.054000000000000006	0.05	0.039	0.054000000000000006	0.046	0.054000000000000006	0.052000000000000005	0.055	0.054000000000000006
6.8	0.054000000000000006	0.051	0.053	0.057999999999999996	0.052000000000000005	0.051	0.052000000000000005	0.05	0.05	0.054000000000000006	0.045	0.054000000000000006	0.053	0.054000000000000006	0.053	0.057	0.051	0.057999999999999996	0.06	0.05	0.054000000000000006	0.053	0.05	0.05	0.064	0.045	0.039	0.055	0.055	0.053	0.057	0.051	0.052000000000000005	0.057	0.052000000000000005	0.057	0.054000000000000006	0.051	0.039	0.055	0.046	0.054000000000000006	0.052000000000000005	0.055	0.054000000000000006
7.07	0.055	0.051	0.054000000000000006	0.057999999999999996	0.053	0.051	0.052000000000000005	0.05	0.05	0.055	0.045	0.055	0.053	0.055	0.053	0.057999999999999996	0.052000000000000005	0.059000000000000004	0.06	0.051	0.054000000000000006	0.054000000000000006	0.051	0.051	0.065	0.046	0.039	0.055999999999999994	0.055	0.053	0.057	0.052000000000000005	0.053	0.057999999999999996	0.053	0.057999999999999996	0.055	0.051	0.039	0.055	0.046	0.054000000000000006	0.052000000000000005	0.055	0.054000000000000006
7.32	0.055	0.052000000000000005	0.054000000000000006	0.057999999999999996	0.053	0.052000000000000005	0.052000000000000005	0.05	0.051	0.055	0.045	0.055	0.054000000000000006	0.055	0.053	0.059000000000000004	0.052000000000000005	0.059000000000000004	0.061	0.051	0.055	0.054000000000000006	0.051	0.051	0.065	0.046	0.039	0.055999999999999994	0.055	0.054000000000000006	0.057999999999999996	0.052000000000000005	0.054000000000000006	0.057999999999999996	0.053	0.057999999999999996	0.055	0.051	0.039	0.055999999999999994	0.046	0.054000000000000006	0.052000000000000005	0.055	0.055
7.58	0.055999999999999994	0.052000000000000005	0.055	0.059000000000000004	0.053	0.052000000000000005	0.053	0.051	0.051	0.055999999999999994	0.046	0.055	0.054000000000000006	0.055	0.054000000000000006	0.059000000000000004	0.053	0.06	0.062	0.051	0.055	0.054000000000000006	0.051	0.051	0.066	0.046	0.039	0.057	0.055999999999999994	0.054000000000000006	0.057999999999999996	0.053	0.054000000000000006	0.059000000000000004	0.054000000000000006	0.057999999999999996	0.055	0.051	0.039	0.057	0.046	0.054000000000000006	0.053	0.055	0.055
7.85	0.055999999999999994	0.052000000000000005	0.055	0.06	0.054000000000000006	0.053	0.053	0.051	0.051	0.057	0.046	0.055999999999999994	0.054000000000000006	0.055	0.054000000000000006	0.06	0.053	0.06	0.063	0.052000000000000005	0.055999999999999994	0.055	0.052000000000000005	0.052000000000000005	0.067	0.046	0.039	0.057	0.055999999999999994	0.054000000000000006	0.059000000000000004	0.053	0.055	0.06	0.054000000000000006	0.059000000000000004	0.055999999999999994	0.052000000000000005	0.039	0.057	0.046	0.055	0.053	0.055999999999999994	0.055
8.1	0.057	0.053	0.055999999999999994	0.06	0.054000000000000006	0.053	0.053	0.051	0.052000000000000005	0.057	0.046	0.055999999999999994	0.054000000000000006	0.055999999999999994	0.054000000000000006	0.061	0.054000000000000006	0.061	0.064	0.052000000000000005	0.057	0.055	0.052000000000000005	0.053	0.067	0.046	0.039	0.057	0.055999999999999994	0.054000000000000006	0.059000000000000004	0.054000000000000006	0.055	0.06	0.055	0.059000000000000004	0.055999999999999994	0.052000000000000005	0.039	0.057	0.046	0.055999999999999994	0.053	0.055999999999999994	0.055999999999999994
8.37	0.057	0.053	0.055999999999999994	0.061	0.055	0.054000000000000006	0.054000000000000006	0.052000000000000005	0.052000000000000005	0.057	0.046	0.055999999999999994	0.055	0.055999999999999994	0.055	0.061	0.054000000000000006	0.062	0.064	0.053	0.057	0.055999999999999994	0.052000000000000005	0.053	0.068	0.046	0.039	0.057	0.057	0.055	0.06	0.055	0.055999999999999994	0.061	0.055	0.06	0.055999999999999994	0.053	0.039	0.057999999999999996	0.047	0.055	0.053	0.055999999999999994	0.055999999999999994
8.63	0.057	0.054000000000000006	0.057	0.062	0.055	0.054000000000000006	0.054000000000000006	0.052000000000000005	0.053	0.057999999999999996	0.046	0.057	0.055	0.055999999999999994	0.055	0.062	0.055	0.062	0.065	0.053	0.057999999999999996	0.055999999999999994	0.053	0.054000000000000006	0.069	0.047	0.039	0.057999999999999996	0.057	0.055	0.06	0.055	0.055999999999999994	0.062	0.055999999999999994	0.06	0.057	0.053	0.039	0.059000000000000004	0.047	0.055999999999999994	0.054000000000000006	0.057	0.055999999999999994
8.9	0.057999999999999996	0.054000000000000006	0.057	0.062	0.055	0.054000000000000006	0.055	0.052000000000000005	0.053	0.059000000000000004	0.047	0.057	0.055	0.055999999999999994	0.055	0.063	0.055999999999999994	0.063	0.066	0.054000000000000006	0.057999999999999996	0.057	0.053	0.055	0.07	0.047	0.039	0.057999999999999996	0.057	0.055	0.061	0.055999999999999994	0.057	0.062	0.057	0.061	0.057	0.054000000000000006	0.039	0.059000000000000004	0.047	0.055999999999999994	0.054000000000000006	0.057	0.057
9.15	0.059000000000000004	0.055	0.057999999999999996	0.063	0.055999999999999994	0.055	0.055	0.053	0.054000000000000006	0.059000000000000004	0.047	0.057	0.055999999999999994	0.057	0.055	0.064	0.055999999999999994	0.064	0.067	0.054000000000000006	0.059000000000000004	0.057	0.054000000000000006	0.055	0.07	0.047	0.039	0.057999999999999996	0.057999999999999996	0.055999999999999994	0.062	0.057	0.057	0.063	0.057	0.061	0.057999999999999996	0.054000000000000006	0.039	0.059000000000000004	0.047	0.057	0.054000000000000006	0.057999999999999996	0.057
9.42	0.059000000000000004	0.055	0.057999999999999996	0.064	0.057	0.055999999999999994	0.055	0.053	0.054000000000000006	0.06	0.047	0.057999999999999996	0.055999999999999994	0.057	0.055999999999999994	0.065	0.057	0.065	0.068	0.055	0.059000000000000004	0.057999999999999996	0.055	0.055999999999999994	0.071	0.047	0.039	0.057999999999999996	0.057999999999999996	0.055999999999999994	0.063	0.057	0.057999999999999996	0.064	0.057999999999999996	0.062	0.057999999999999996	0.055	0.039	0.06	0.048	0.057	0.055	0.057999999999999996	0.057999999999999996
9.68	0.06	0.055999999999999994	0.059000000000000004	0.064	0.057	0.055999999999999994	0.055999999999999994	0.054000000000000006	0.055	0.061	0.047	0.057999999999999996	0.055999999999999994	0.057999999999999996	0.055999999999999994	0.065	0.057	0.065	0.069	0.055999999999999994	0.06	0.059000000000000004	0.055	0.055999999999999994	0.07200000000000001	0.048	0.039	0.059000000000000004	0.057999999999999996	0.057	0.064	0.057999999999999996	0.057999999999999996	0.065	0.057999999999999996	0.063	0.059000000000000004	0.055	0.039	0.061	0.048	0.057999999999999996	0.055	0.057999999999999996	0.057999999999999996
9.93	0.06	0.055999999999999994	0.06	0.066	0.057	0.057	0.055999999999999994	0.054000000000000006	0.055999999999999994	0.061	0.047	0.059000000000000004	0.057	0.057999999999999996	0.057	0.066	0.057999999999999996	0.066	0.07	0.055999999999999994	0.061	0.059000000000000004	0.055999999999999994	0.057	0.07200000000000001	0.048	0.039	0.059000000000000004	0.057999999999999996	0.057	0.064	0.059000000000000004	0.059000000000000004	0.065	0.059000000000000004	0.063	0.059000000000000004	0.055	0.039	0.062	0.048	0.057999999999999996	0.055	0.059000000000000004	0.059000000000000004
10.2	0.061	0.057	0.06	0.066	0.057999999999999996	0.057999999999999996	0.055999999999999994	0.054000000000000006	0.055999999999999994	0.062	0.048	0.059000000000000004	0.057	0.057999999999999996	0.057	0.067	0.059000000000000004	0.067	0.071	0.057	0.061	0.06	0.055999999999999994	0.057	0.073	0.048	0.039	0.06	0.059000000000000004	0.057999999999999996	0.065	0.059000000000000004	0.06	0.066	0.059000000000000004	0.064	0.06	0.055999999999999994	0.039	0.062	0.048	0.059000000000000004	0.055999999999999994	0.059000000000000004	0.059000000000000004
10.47	0.062	0.057	0.06	0.067	0.057999999999999996	0.057999999999999996	0.055999999999999994	0.055	0.057	0.063	0.047	0.06	0.057	0.059000000000000004	0.057999999999999996	0.067	0.059000000000000004	0.068	0.07200000000000001	0.057	0.062	0.06	0.055999999999999994	0.057999999999999996	0.07400000000000001	0.048	0.039	0.06	0.059000000000000004	0.057999999999999996	0.066	0.06	0.06	0.067	0.06	0.065	0.06	0.055999999999999994	0.039	0.063	0.048	0.059000000000000004	0.055999999999999994	0.059000000000000004	0.059000000000000004
10.73	0.062	0.057999999999999996	0.061	0.067	0.057999999999999996	0.057999999999999996	0.057	0.055	0.057999999999999996	0.064	0.048	0.061	0.057999999999999996	0.059000000000000004	0.057999999999999996	0.068	0.06	0.068	0.073	0.057999999999999996	0.063	0.061	0.057	0.059000000000000004	0.075	0.048	0.039	0.06	0.059000000000000004	0.059000000000000004	0.067	0.061	0.061	0.068	0.061	0.065	0.061	0.057	0.039	0.063	0.049	0.059000000000000004	0.057	0.06	0.06
10.98	0.063	0.059000000000000004	0.063	0.069	0.059000000000000004	0.059000000000000004	0.057	0.055999999999999994	0.059000000000000004	0.064	0.048	0.061	0.057999999999999996	0.059000000000000004	0.059000000000000004	0.07	0.061	0.069	0.07400000000000001	0.059000000000000004	0.064	0.062	0.057999999999999996	0.06	0.076	0.049	0.039	0.061	0.06	0.059000000000000004	0.068	0.062	0.062	0.069	0.062	0.066	0.061	0.057	0.039	0.064	0.049	0.06	0.057	0.06	0.06
11.25	0.064	0.059000000000000004	0.063	0.069	0.059000000000000004	0.059000000000000004	0.057999999999999996	0.055999999999999994	0.059000000000000004	0.065	0.049	0.062	0.059000000000000004	0.059000000000000004	0.059000000000000004	0.07	0.062	0.07	0.075	0.059000000000000004	0.065	0.062	0.059000000000000004	0.06	0.077	0.049	0.039	0.061	0.06	0.059000000000000004	0.069	0.063	0.063	0.07	0.062	0.067	0.062	0.057999999999999996	0.039	0.065	0.049	0.061	0.057	0.06	0.061
11.52	0.065	0.06	0.064	0.071	0.059000000000000004	0.059000000000000004	0.057999999999999996	0.055999999999999994	0.06	0.066	0.048	0.062	0.059000000000000004	0.06	0.059000000000000004	0.071	0.063	0.071	0.076	0.06	0.066	0.063	0.059000000000000004	0.061	0.079	0.049	0.039	0.062	0.061	0.059000000000000004	0.07	0.063	0.063	0.071	0.063	0.068	0.062	0.057999999999999996	0.039	0.066	0.049	0.061	0.057999999999999996	0.061	0.061
11.77	0.065	0.06	0.064	0.071	0.06	0.06	0.059000000000000004	0.057	0.061	0.067	0.049	0.064	0.06	0.061	0.06	0.07200000000000001	0.064	0.07200000000000001	0.077	0.061	0.066	0.064	0.06	0.062	0.079	0.049	0.039	0.062	0.062	0.06	0.071	0.064	0.064	0.071	0.064	0.068	0.063	0.057999999999999996	0.039	0.066	0.049	0.062	0.057999999999999996	0.061	0.062
12.03	0.065	0.061	0.065	0.07200000000000001	0.061	0.06	0.059000000000000004	0.057999999999999996	0.061	0.068	0.049	0.063	0.06	0.061	0.06	0.073	0.065	0.073	0.079	0.061	0.067	0.064	0.06	0.063	0.08	0.05	0.039	0.063	0.062	0.06	0.071	0.066	0.065	0.07200000000000001	0.065	0.069	0.064	0.059000000000000004	0.039	0.067	0.05	0.062	0.057999999999999996	0.062	0.062
12.3	0.067	0.062	0.066	0.073	0.061	0.061	0.06	0.057999999999999996	0.063	0.069	0.049	0.064	0.06	0.061	0.061	0.07400000000000001	0.065	0.07400000000000001	0.08	0.062	0.068	0.065	0.061	0.064	0.08199999999999999	0.05	0.039	0.063	0.062	0.061	0.073	0.066	0.066	0.07400000000000001	0.065	0.07	0.064	0.06	0.039	0.068	0.05	0.063	0.059000000000000004	0.062	0.063
12.57	0.067	0.062	0.067	0.07400000000000001	0.062	0.061	0.06	0.059000000000000004	0.063	0.069	0.049	0.065	0.061	0.062	0.061	0.075	0.066	0.075	0.081	0.063	0.069	0.066	0.062	0.065	0.083	0.05	0.039	0.063	0.063	0.062	0.07400000000000001	0.067	0.067	0.07400000000000001	0.066	0.07	0.065	0.06	0.039	0.069	0.05	0.063	0.059000000000000004	0.063	0.063
12.82	0.068	0.063	0.067	0.07400000000000001	0.063	0.062	0.061	0.06	0.065	0.071	0.05	0.065	0.061	0.062	0.062	0.076	0.067	0.076	0.08199999999999999	0.064	0.07	0.067	0.062	0.066	0.084	0.05	0.039	0.064	0.063	0.063	0.075	0.068	0.068	0.075	0.067	0.07200000000000001	0.065	0.061	0.039	0.069	0.05	0.064	0.059000000000000004	0.063	0.064
13.08	0.068	0.064	0.068	0.075	0.064	0.063	0.062	0.06	0.066	0.071	0.05	0.066	0.062	0.063	0.062	0.077	0.068	0.077	0.083	0.064	0.071	0.068	0.063	0.066	0.086	0.051	0.039	0.064	0.064	0.063	0.076	0.068	0.069	0.076	0.068	0.073	0.065	0.062	0.039	0.07	0.051	0.065	0.06	0.064	0.065
13.35	0.069	0.064	0.068	0.076	0.064	0.063	0.062	0.061	0.067	0.073	0.05	0.066	0.063	0.063	0.063	0.078	0.069	0.078	0.084	0.066	0.07200000000000001	0.068	0.064	0.067	0.087	0.051	0.039	0.065	0.064	0.063	0.076	0.069	0.07	0.077	0.069	0.07400000000000001	0.066	0.063	0.039	0.071	0.051	0.065	0.061	0.064	0.065
13.6	0.07	0.065	0.07	0.077	0.065	0.064	0.063	0.062	0.067	0.07400000000000001	0.05	0.067	0.063	0.064	0.064	0.079	0.069	0.079	0.085	0.067	0.073	0.07	0.065	0.069	0.08800000000000001	0.052000000000000005	0.039	0.066	0.065	0.064	0.078	0.07	0.07	0.078	0.069	0.075	0.066	0.063	0.039	0.073	0.051	0.066	0.061	0.065	0.066
13.87	0.07	0.066	0.071	0.078	0.065	0.065	0.064	0.063	0.069	0.075	0.051	0.068	0.063	0.064	0.065	0.08	0.07	0.08	0.086	0.067	0.07400000000000001	0.07	0.066	0.069	0.09	0.052000000000000005	0.039	0.066	0.065	0.065	0.079	0.071	0.071	0.079	0.07	0.076	0.068	0.064	0.039	0.073	0.051	0.067	0.061	0.065	0.067
14.13	0.07200000000000001	0.067	0.07200000000000001	0.079	0.066	0.065	0.064	0.063	0.07	0.077	0.051	0.069	0.064	0.064	0.065	0.081	0.071	0.081	0.08800000000000001	0.068	0.075	0.071	0.066	0.071	0.091	0.052000000000000005	0.039	0.067	0.066	0.065	0.08	0.071	0.073	0.08	0.071	0.077	0.068	0.065	0.039	0.075	0.052000000000000005	0.067	0.062	0.066	0.067
14.38	0.073	0.068	0.073	0.08	0.067	0.066	0.065	0.065	0.071	0.078	0.051	0.069	0.065	0.065	0.066	0.083	0.07200000000000001	0.08199999999999999	0.08900000000000001	0.069	0.076	0.07200000000000001	0.067	0.07200000000000001	0.09300000000000001	0.052000000000000005	0.039	0.067	0.067	0.066	0.081	0.07200000000000001	0.07400000000000001	0.081	0.07200000000000001	0.079	0.069	0.066	0.039	0.076	0.052000000000000005	0.068	0.062	0.067	0.068
14.65	0.073	0.069	0.07400000000000001	0.081	0.068	0.067	0.066	0.066	0.071	0.079	0.051	0.07	0.065	0.066	0.067	0.084	0.07200000000000001	0.083	0.09	0.07	0.077	0.073	0.068	0.073	0.094	0.053	0.039	0.068	0.067	0.067	0.08199999999999999	0.07400000000000001	0.075	0.08199999999999999	0.073	0.079	0.07	0.067	0.039	0.077	0.052000000000000005	0.069	0.063	0.067	0.069
14.92	0.07400000000000001	0.069	0.075	0.08199999999999999	0.068	0.068	0.067	0.067	0.07200000000000001	0.08	0.052000000000000005	0.071	0.065	0.067	0.067	0.085	0.073	0.084	0.091	0.07200000000000001	0.078	0.07400000000000001	0.069	0.07400000000000001	0.09699999999999999	0.053	0.039	0.068	0.067	0.067	0.084	0.075	0.076	0.083	0.073	0.081	0.07	0.068	0.039	0.078	0.053	0.069	0.063	0.068	0.07
15.18	0.07400000000000001	0.071	0.076	0.083	0.069	0.069	0.067	0.068	0.073	0.08199999999999999	0.052000000000000005	0.07200000000000001	0.066	0.067	0.068	0.087	0.075	0.086	0.09300000000000001	0.073	0.08	0.075	0.07	0.075	0.098	0.054000000000000006	0.039	0.069	0.069	0.068	0.085	0.076	0.078	0.085	0.075	0.08199999999999999	0.071	0.068	0.039	0.08	0.053	0.07	0.063	0.069	0.07
15.43	0.075	0.071	0.077	0.085	0.07	0.07	0.067	0.069	0.07400000000000001	0.08199999999999999	0.052000000000000005	0.07200000000000001	0.066	0.067	0.069	0.08800000000000001	0.075	0.086	0.094	0.07400000000000001	0.081	0.077	0.07	0.076	0.1	0.054000000000000006	0.039	0.07	0.069	0.069	0.086	0.076	0.079	0.086	0.076	0.083	0.07200000000000001	0.069	0.039	0.081	0.053	0.071	0.064	0.069	0.071
15.7	0.077	0.07200000000000001	0.078	0.085	0.071	0.071	0.069	0.07	0.076	0.084	0.053	0.073	0.067	0.068	0.069	0.09	0.076	0.08800000000000001	0.095	0.075	0.08199999999999999	0.077	0.07200000000000001	0.077	0.102	0.055	0.039	0.07	0.07	0.069	0.08800000000000001	0.078	0.08	0.087	0.077	0.085	0.073	0.07	0.039	0.081	0.054000000000000006	0.071	0.064	0.069	0.07200000000000001
15.97	0.079	0.07200000000000001	0.078	0.087	0.07200000000000001	0.071	0.069	0.07	0.078	0.086	0.053	0.07400000000000001	0.068	0.069	0.07	0.092	0.078	0.09	0.09699999999999999	0.077	0.084	0.079	0.073	0.079	0.10400000000000001	0.055	0.039	0.071	0.071	0.07	0.09	0.079	0.081	0.08800000000000001	0.078	0.086	0.07400000000000001	0.071	0.039	0.083	0.054000000000000006	0.07200000000000001	0.065	0.07	0.073
16.22	0.079	0.07400000000000001	0.079	0.08800000000000001	0.073	0.07200000000000001	0.07	0.071	0.079	0.087	0.054000000000000006	0.076	0.068	0.07	0.07200000000000001	0.09300000000000001	0.079	0.091	0.098	0.079	0.085	0.079	0.073	0.08	0.106	0.055	0.039	0.071	0.071	0.071	0.09	0.081	0.08199999999999999	0.09	0.079	0.08800000000000001	0.07400000000000001	0.07200000000000001	0.039	0.084	0.055	0.07400000000000001	0.065	0.071	0.073
16.48	0.081	0.07400000000000001	0.08	0.08800000000000001	0.073	0.073	0.071	0.071	0.08	0.08800000000000001	0.054000000000000006	0.076	0.069	0.07	0.07200000000000001	0.095	0.08	0.092	0.1	0.079	0.086	0.081	0.07400000000000001	0.081	0.109	0.055999999999999994	0.039	0.07200000000000001	0.071	0.07200000000000001	0.092	0.08199999999999999	0.084	0.091	0.08	0.08900000000000001	0.075	0.073	0.039	0.085	0.055	0.07400000000000001	0.066	0.07200000000000001	0.075
16.75	0.08199999999999999	0.075	0.08199999999999999	0.08900000000000001	0.075	0.07400000000000001	0.07200000000000001	0.07200000000000001	0.081	0.09	0.054000000000000006	0.077	0.07	0.071	0.073	0.09699999999999999	0.081	0.094	0.10099999999999999	0.081	0.087	0.08199999999999999	0.076	0.083	0.11	0.057	0.039	0.07200000000000001	0.07200000000000001	0.073	0.094	0.083	0.085	0.092	0.08199999999999999	0.09	0.076	0.075	0.039	0.087	0.055	0.076	0.066	0.07200000000000001	0.075
17.02	0.08199999999999999	0.076	0.083	0.09	0.075	0.07400000000000001	0.073	0.073	0.083	0.092	0.055	0.078	0.07200000000000001	0.07200000000000001	0.073	0.098	0.08199999999999999	0.095	0.102	0.08199999999999999	0.08800000000000001	0.083	0.077	0.084	0.11199999999999999	0.057	0.039	0.07400000000000001	0.073	0.073	0.096	0.084	0.086	0.09300000000000001	0.083	0.092	0.077	0.076	0.039	0.087	0.055999999999999994	0.076	0.066	0.073	0.076
17.27	0.084	0.077	0.084	0.091	0.076	0.075	0.07400000000000001	0.07400000000000001	0.084	0.094	0.055	0.08	0.07	0.07200000000000001	0.075	0.1	0.083	0.096	0.105	0.084	0.09	0.085	0.079	0.086	0.11599999999999999	0.057999999999999996	0.039	0.07400000000000001	0.07400000000000001	0.07400000000000001	0.09699999999999999	0.085	0.08800000000000001	0.095	0.084	0.094	0.079	0.077	0.039	0.08900000000000001	0.055999999999999994	0.077	0.066	0.07400000000000001	0.077
17.53	0.085	0.077	0.085	0.092	0.077	0.076	0.075	0.07400000000000001	0.086	0.096	0.055999999999999994	0.08	0.071	0.073	0.075	0.102	0.084	0.098	0.105	0.086	0.091	0.086	0.08	0.087	0.11699999999999999	0.057999999999999996	0.039	0.075	0.07400000000000001	0.075	0.099	0.086	0.08900000000000001	0.096	0.085	0.095	0.08	0.079	0.039	0.09	0.057	0.078	0.067	0.075	0.078
17.8	0.085	0.079	0.085	0.094	0.078	0.077	0.076	0.075	0.08900000000000001	0.09699999999999999	0.055999999999999994	0.081	0.07200000000000001	0.07400000000000001	0.076	0.10400000000000001	0.086	0.1	0.10800000000000001	0.08800000000000001	0.09300000000000001	0.08800000000000001	0.08199999999999999	0.08900000000000001	0.12	0.059000000000000004	0.039	0.076	0.075	0.076	0.1	0.08800000000000001	0.09	0.098	0.087	0.09699999999999999	0.081	0.08	0.039	0.092	0.057	0.079	0.067	0.075	0.079
18.05	0.087	0.079	0.086	0.095	0.079	0.078	0.077	0.076	0.09	0.1	0.057	0.083	0.073	0.07400000000000001	0.077	0.106	0.087	0.102	0.109	0.08900000000000001	0.095	0.09	0.083	0.091	0.12300000000000001	0.059000000000000004	0.039	0.077	0.076	0.077	0.102	0.08900000000000001	0.091	0.099	0.08900000000000001	0.099	0.083	0.081	0.039	0.094	0.057999999999999996	0.08	0.068	0.077	0.08
18.32	0.087	0.08	0.086	0.096	0.08	0.079	0.078	0.076	0.091	0.102	0.057	0.084	0.07400000000000001	0.076	0.078	0.109	0.08900000000000001	0.10300000000000001	0.111	0.09	0.096	0.091	0.085	0.09300000000000001	0.125	0.059000000000000004	0.039	0.078	0.077	0.078	0.10400000000000001	0.091	0.09300000000000001	0.10099999999999999	0.08900000000000001	0.10099999999999999	0.084	0.083	0.039	0.096	0.059000000000000004	0.081	0.068	0.078	0.081
18.58	0.08800000000000001	0.08199999999999999	0.087	0.09699999999999999	0.081	0.079	0.079	0.077	0.092	0.10400000000000001	0.057	0.085	0.075	0.076	0.079	0.11	0.09	0.106	0.113	0.092	0.098	0.09300000000000001	0.087	0.095	0.128	0.061	0.039	0.078	0.078	0.079	0.105	0.092	0.094	0.102	0.091	0.102	0.086	0.084	0.039	0.09699999999999999	0.059000000000000004	0.083	0.068	0.079	0.083
18.85	0.08900000000000001	0.083	0.08900000000000001	0.098	0.08199999999999999	0.081	0.08	0.078	0.094	0.107	0.057	0.087	0.075	0.077	0.08	0.113	0.092	0.10800000000000001	0.114	0.094	0.099	0.095	0.08900000000000001	0.096	0.13	0.061	0.042	0.08	0.079	0.08	0.107	0.094	0.096	0.10400000000000001	0.09300000000000001	0.10400000000000001	0.08800000000000001	0.086	0.039	0.098	0.059000000000000004	0.084	0.069	0.079	0.084
19.1	0.09	0.085	0.08900000000000001	0.099	0.083	0.08199999999999999	0.081	0.079	0.095	0.109	0.059000000000000004	0.08800000000000001	0.076	0.078	0.081	0.114	0.09300000000000001	0.109	0.115	0.096	0.10099999999999999	0.09699999999999999	0.09	0.098	0.133	0.061	0.042	0.08	0.08	0.081	0.10800000000000001	0.095	0.09699999999999999	0.105	0.094	0.107	0.08900000000000001	0.08800000000000001	0.039	0.10099999999999999	0.06	0.085	0.069	0.081	0.084
19.37	0.092	0.086	0.09	0.1	0.083	0.083	0.08199999999999999	0.08	0.09699999999999999	0.111	0.059000000000000004	0.08900000000000001	0.076	0.079	0.08199999999999999	0.11599999999999999	0.095	0.111	0.11699999999999999	0.098	0.10300000000000001	0.098	0.092	0.1	0.136	0.063	0.040999999999999995	0.081	0.081	0.08199999999999999	0.11	0.096	0.099	0.106	0.096	0.109	0.09	0.08900000000000001	0.039	0.102	0.061	0.086	0.07	0.081	0.086
19.63	0.09300000000000001	0.087	0.092	0.102	0.084	0.083	0.083	0.081	0.099	0.113	0.06	0.09	0.077	0.08	0.083	0.11900000000000001	0.096	0.113	0.11900000000000001	0.1	0.10400000000000001	0.1	0.094	0.102	0.139	0.063	0.040999999999999995	0.08199999999999999	0.08199999999999999	0.084	0.11199999999999999	0.09699999999999999	0.1	0.10800000000000001	0.09699999999999999	0.11	0.092	0.091	0.039	0.10400000000000001	0.062	0.08800000000000001	0.071	0.08199999999999999	0.087
19.88	0.094	0.08800000000000001	0.09300000000000001	0.102	0.085	0.084	0.084	0.083	0.10099999999999999	0.11599999999999999	0.06	0.091	0.078	0.081	0.085	0.121	0.099	0.115	0.121	0.102	0.106	0.10300000000000001	0.096	0.10400000000000001	0.141	0.064	0.042	0.083	0.083	0.085	0.113	0.099	0.102	0.11	0.099	0.113	0.094	0.092	0.039	0.106	0.062	0.08800000000000001	0.071	0.083	0.08800000000000001
20.15	0.095	0.08900000000000001	0.094	0.10300000000000001	0.086	0.085	0.085	0.084	0.102	0.11699999999999999	0.061	0.09300000000000001	0.079	0.08199999999999999	0.087	0.122	0.099	0.11599999999999999	0.122	0.105	0.10800000000000001	0.10400000000000001	0.09699999999999999	0.106	0.14400000000000002	0.065	0.042	0.084	0.085	0.086	0.115	0.1	0.10400000000000001	0.111	0.1	0.115	0.095	0.09300000000000001	0.039	0.107	0.063	0.09	0.071	0.085	0.08900000000000001
20.42	0.09699999999999999	0.091	0.095	0.10400000000000001	0.087	0.086	0.086	0.086	0.10400000000000001	0.12	0.062	0.095	0.08199999999999999	0.083	0.08800000000000001	0.125	0.10099999999999999	0.11900000000000001	0.124	0.107	0.11	0.107	0.1	0.10800000000000001	0.147	0.066	0.042	0.086	0.085	0.087	0.11599999999999999	0.102	0.106	0.113	0.10099999999999999	0.11800000000000001	0.09699999999999999	0.096	0.039	0.109	0.064	0.091	0.07200000000000001	0.086	0.092
20.67	0.098	0.092	0.096	0.105	0.08800000000000001	0.086	0.087	0.08800000000000001	0.107	0.122	0.063	0.096	0.08	0.084	0.08800000000000001	0.126	0.102	0.12	0.125	0.109	0.11199999999999999	0.109	0.102	0.11	0.15	0.066	0.042	0.086	0.086	0.08900000000000001	0.11800000000000001	0.102	0.107	0.114	0.10300000000000001	0.121	0.099	0.09699999999999999	0.039	0.111	0.065	0.092	0.073	0.086	0.09300000000000001
20.93	0.099	0.09300000000000001	0.09699999999999999	0.107	0.08800000000000001	0.08800000000000001	0.08800000000000001	0.08800000000000001	0.109	0.125	0.063	0.09699999999999999	0.08199999999999999	0.085	0.09	0.128	0.10300000000000001	0.12300000000000001	0.128	0.11199999999999999	0.113	0.111	0.10400000000000001	0.113	0.152	0.068	0.042	0.08800000000000001	0.087	0.09	0.11900000000000001	0.10400000000000001	0.109	0.11599999999999999	0.105	0.12300000000000001	0.10099999999999999	0.1	0.039	0.113	0.065	0.09300000000000001	0.073	0.08800000000000001	0.094
21.2	0.1	0.094	0.098	0.10800000000000001	0.08900000000000001	0.08900000000000001	0.09	0.09	0.11199999999999999	0.127	0.064	0.098	0.083	0.087	0.092	0.129	0.105	0.124	0.129	0.114	0.11599999999999999	0.114	0.106	0.11599999999999999	0.156	0.069	0.042	0.08900000000000001	0.08900000000000001	0.091	0.122	0.105	0.11	0.11800000000000001	0.106	0.125	0.10300000000000001	0.10099999999999999	0.039	0.11599999999999999	0.066	0.095	0.07400000000000001	0.08900000000000001	0.095
21.47	0.102	0.095	0.098	0.11	0.091	0.09	0.09	0.092	0.114	0.13	0.065	0.10099999999999999	0.083	0.08800000000000001	0.09300000000000001	0.131	0.106	0.126	0.131	0.11699999999999999	0.11699999999999999	0.11599999999999999	0.10800000000000001	0.11699999999999999	0.159	0.069	0.042	0.09	0.091	0.09300000000000001	0.122	0.106	0.11199999999999999	0.11900000000000001	0.10800000000000001	0.128	0.105	0.10300000000000001	0.039	0.11699999999999999	0.067	0.096	0.075	0.09	0.09699999999999999
21.72	0.10300000000000001	0.096	0.099	0.11	0.092	0.091	0.092	0.09300000000000001	0.11599999999999999	0.132	0.065	0.102	0.085	0.08900000000000001	0.094	0.133	0.10800000000000001	0.128	0.133	0.11900000000000001	0.12	0.11900000000000001	0.111	0.11800000000000001	0.163	0.071	0.042	0.091	0.092	0.095	0.125	0.10800000000000001	0.114	0.121	0.109	0.13	0.107	0.105	0.039	0.11900000000000001	0.068	0.098	0.076	0.092	0.098
21.98	0.10400000000000001	0.09699999999999999	0.10099999999999999	0.11199999999999999	0.09300000000000001	0.09300000000000001	0.09300000000000001	0.095	0.11800000000000001	0.134	0.066	0.10300000000000001	0.086	0.09	0.096	0.135	0.109	0.13	0.135	0.122	0.122	0.121	0.113	0.11900000000000001	0.165	0.071	0.042	0.09300000000000001	0.09300000000000001	0.096	0.126	0.109	0.11699999999999999	0.122	0.111	0.133	0.109	0.107	0.039	0.121	0.069	0.1	0.077	0.09300000000000001	0.10099999999999999
22.25	0.106	0.098	0.102	0.113	0.094	0.094	0.095	0.09699999999999999	0.11900000000000001	0.13699999999999998	0.067	0.106	0.087	0.091	0.098	0.138	0.111	0.132	0.136	0.125	0.124	0.12300000000000001	0.11599999999999999	0.12	0.168	0.07200000000000001	0.042	0.094	0.095	0.098	0.129	0.11	0.11800000000000001	0.12300000000000001	0.113	0.136	0.111	0.109	0.039	0.12300000000000001	0.069	0.102	0.078	0.094	0.102
22.5	0.107	0.1	0.10300000000000001	0.115	0.095	0.095	0.096	0.099	0.11900000000000001	0.14	0.068	0.107	0.08800000000000001	0.092	0.1	0.139	0.113	0.134	0.138	0.127	0.125	0.126	0.11699999999999999	0.122	0.171	0.073	0.042	0.096	0.096	0.099	0.131	0.113	0.12	0.126	0.114	0.139	0.113	0.111	0.039	0.126	0.07	0.102	0.079	0.096	0.10400000000000001
22.77	0.109	0.102	0.10400000000000001	0.115	0.096	0.09699999999999999	0.09699999999999999	0.10099999999999999	0.12	0.142	0.069	0.109	0.08900000000000001	0.094	0.10099999999999999	0.142	0.114	0.136	0.14	0.13	0.127	0.128	0.12	0.122	0.17300000000000001	0.07400000000000001	0.042	0.096	0.098	0.10099999999999999	0.133	0.114	0.122	0.127	0.11599999999999999	0.142	0.11599999999999999	0.114	0.039	0.128	0.071	0.10300000000000001	0.08	0.09699999999999999	0.105
23.03	0.11	0.102	0.105	0.11599999999999999	0.09699999999999999	0.098	0.099	0.102	0.122	0.145	0.07	0.11	0.09	0.096	0.10300000000000001	0.14300000000000002	0.114	0.138	0.142	0.133	0.13	0.13	0.121	0.12300000000000001	0.174	0.075	0.042	0.098	0.099	0.10300000000000001	0.134	0.115	0.12300000000000001	0.128	0.11699999999999999	0.14400000000000002	0.11699999999999999	0.11599999999999999	0.039	0.129	0.07200000000000001	0.106	0.08	0.098	0.107
23.3	0.111	0.10300000000000001	0.107	0.11800000000000001	0.099	0.1	0.10099999999999999	0.10400000000000001	0.12300000000000001	0.147	0.07	0.11199999999999999	0.092	0.098	0.105	0.145	0.115	0.139	0.14400000000000002	0.136	0.132	0.132	0.124	0.124	0.17600000000000002	0.077	0.042	0.099	0.10099999999999999	0.10400000000000001	0.136	0.11699999999999999	0.125	0.13	0.11900000000000001	0.147	0.11900000000000001	0.11699999999999999	0.039	0.131	0.073	0.10800000000000001	0.08199999999999999	0.1	0.109
23.55	0.11199999999999999	0.10400000000000001	0.10800000000000001	0.11900000000000001	0.1	0.102	0.102	0.106	0.125	0.15	0.07200000000000001	0.114	0.094	0.098	0.106	0.147	0.11699999999999999	0.141	0.145	0.139	0.134	0.135	0.126	0.126	0.179	0.077	0.042	0.10099999999999999	0.102	0.106	0.138	0.11699999999999999	0.126	0.132	0.121	0.15	0.122	0.11900000000000001	0.039	0.133	0.07400000000000001	0.11	0.083	0.102	0.111
23.82	0.114	0.105	0.109	0.12	0.1	0.102	0.10300000000000001	0.107	0.127	0.152	0.07200000000000001	0.11699999999999999	0.095	0.1	0.109	0.15	0.11900000000000001	0.14300000000000002	0.147	0.142	0.136	0.13699999999999998	0.129	0.128	0.18100000000000002	0.078	0.042	0.102	0.10400000000000001	0.10800000000000001	0.14	0.11900000000000001	0.128	0.134	0.12300000000000001	0.153	0.125	0.122	0.039	0.135	0.075	0.11	0.083	0.10400000000000001	0.11199999999999999
24.08	0.115	0.107	0.11	0.121	0.102	0.10400000000000001	0.105	0.109	0.128	0.153	0.073	0.11900000000000001	0.096	0.10099999999999999	0.11	0.152	0.121	0.146	0.149	0.145	0.138	0.14	0.132	0.129	0.183	0.081	0.042	0.10400000000000001	0.106	0.11	0.142	0.122	0.131	0.135	0.125	0.156	0.127	0.125	0.039	0.13699999999999998	0.076	0.113	0.085	0.105	0.115
24.33	0.11699999999999999	0.107	0.111	0.12300000000000001	0.102	0.105	0.10800000000000001	0.111	0.13	0.155	0.075	0.12	0.098	0.10300000000000001	0.11199999999999999	0.154	0.121	0.147	0.151	0.14800000000000002	0.141	0.142	0.134	0.13	0.185	0.081	0.042	0.106	0.10800000000000001	0.11199999999999999	0.14400000000000002	0.122	0.131	0.13699999999999998	0.127	0.16	0.129	0.127	0.039	0.139	0.077	0.114	0.086	0.107	0.11699999999999999
24.6	0.11800000000000001	0.109	0.11199999999999999	0.124	0.10300000000000001	0.10800000000000001	0.109	0.11199999999999999	0.131	0.157	0.075	0.124	0.1	0.105	0.115	0.154	0.122	0.149	0.153	0.151	0.142	0.14400000000000002	0.13699999999999998	0.131	0.187	0.08199999999999999	0.042	0.10800000000000001	0.109	0.115	0.147	0.124	0.133	0.138	0.128	0.163	0.132	0.129	0.039	0.14	0.078	0.11699999999999999	0.08800000000000001	0.109	0.11900000000000001
24.87	0.11900000000000001	0.111	0.113	0.126	0.105	0.109	0.111	0.114	0.133	0.158	0.076	0.126	0.102	0.107	0.11599999999999999	0.158	0.124	0.151	0.155	0.155	0.14400000000000002	0.14800000000000002	0.14	0.133	0.19	0.084	0.042	0.109	0.11199999999999999	0.11699999999999999	0.14800000000000002	0.124	0.134	0.14	0.13	0.16399999999999998	0.135	0.132	0.039	0.142	0.08	0.11900000000000001	0.08900000000000001	0.111	0.121
25.13	0.121	0.111	0.114	0.127	0.105	0.111	0.114	0.11599999999999999	0.134	0.16	0.078	0.127	0.10400000000000001	0.109	0.11800000000000001	0.159	0.125	0.153	0.156	0.158	0.146	0.149	0.142	0.134	0.192	0.085	0.042	0.11199999999999999	0.113	0.11900000000000001	0.151	0.127	0.136	0.142	0.132	0.166	0.136	0.134	0.039	0.142	0.081	0.12	0.09	0.11199999999999999	0.12300000000000001
25.38	0.122	0.11199999999999999	0.115	0.129	0.107	0.11199999999999999	0.11599999999999999	0.11800000000000001	0.136	0.162	0.079	0.131	0.105	0.111	0.121	0.162	0.126	0.155	0.159	0.161	0.14800000000000002	0.151	0.14400000000000002	0.135	0.195	0.086	0.043	0.114	0.11599999999999999	0.121	0.152	0.127	0.13699999999999998	0.142	0.134	0.168	0.139	0.136	0.039	0.14400000000000002	0.08199999999999999	0.12300000000000001	0.092	0.114	0.125
25.65	0.124	0.114	0.11599999999999999	0.129	0.10800000000000001	0.114	0.11900000000000001	0.12	0.138	0.16399999999999998	0.08	0.132	0.107	0.113	0.12300000000000001	0.16399999999999998	0.128	0.157	0.161	0.16399999999999998	0.15	0.152	0.145	0.136	0.19699999999999998	0.08800000000000001	0.043	0.11599999999999999	0.11800000000000001	0.12300000000000001	0.154	0.129	0.139	0.14400000000000002	0.136	0.16899999999999998	0.141	0.138	0.039	0.145	0.083	0.124	0.09300000000000001	0.11599999999999999	0.127
25.92	0.125	0.11599999999999999	0.11699999999999999	0.131	0.11	0.11599999999999999	0.121	0.122	0.139	0.165	0.081	0.134	0.109	0.115	0.125	0.166	0.128	0.159	0.162	0.165	0.152	0.153	0.147	0.138	0.2	0.09	0.043	0.11800000000000001	0.121	0.126	0.157	0.131	0.14	0.14400000000000002	0.13699999999999998	0.172	0.14400000000000002	0.138	0.039	0.14800000000000002	0.084	0.125	0.095	0.11800000000000001	0.129
26.17	0.126	0.11699999999999999	0.11900000000000001	0.132	0.11	0.11800000000000001	0.12300000000000001	0.12300000000000001	0.141	0.168	0.08199999999999999	0.135	0.11	0.11699999999999999	0.127	0.168	0.129	0.16	0.165	0.168	0.154	0.155	0.149	0.138	0.20199999999999999	0.091	0.043	0.11900000000000001	0.12300000000000001	0.128	0.159	0.132	0.141	0.146	0.139	0.174	0.146	0.141	0.039	0.149	0.086	0.128	0.096	0.121	0.132
26.43	0.128	0.11900000000000001	0.12	0.133	0.11199999999999999	0.12	0.126	0.125	0.142	0.16899999999999998	0.084	0.139	0.11199999999999999	0.11900000000000001	0.129	0.16899999999999998	0.129	0.162	0.166	0.17	0.156	0.157	0.151	0.139	0.204	0.09300000000000001	0.043	0.122	0.125	0.13	0.161	0.133	0.142	0.147	0.141	0.17600000000000002	0.14800000000000002	0.14300000000000002	0.039	0.151	0.087	0.13	0.098	0.122	0.134
26.7	0.128	0.12	0.122	0.134	0.11199999999999999	0.122	0.128	0.126	0.14400000000000002	0.171	0.085	0.142	0.113	0.121	0.132	0.17	0.131	0.16399999999999998	0.168	0.172	0.158	0.158	0.152	0.14	0.20600000000000002	0.095	0.043	0.125	0.128	0.133	0.163	0.135	0.14300000000000002	0.14800000000000002	0.14300000000000002	0.177	0.15	0.14400000000000002	0.039	0.153	0.08900000000000001	0.134	0.1	0.126	0.13699999999999998
26.97	0.13	0.121	0.12300000000000001	0.135	0.115	0.125	0.13	0.127	0.146	0.172	0.086	0.14300000000000002	0.115	0.124	0.134	0.172	0.131	0.166	0.17	0.174	0.159	0.16	0.155	0.141	0.209	0.096	0.043	0.126	0.129	0.135	0.165	0.136	0.145	0.14800000000000002	0.14400000000000002	0.18	0.152	0.146	0.039	0.154	0.08900000000000001	0.135	0.102	0.126	0.139
27.22	0.131	0.122	0.124	0.13699999999999998	0.115	0.127	0.132	0.128	0.14800000000000002	0.174	0.087	0.146	0.11800000000000001	0.126	0.13699999999999998	0.17300000000000001	0.132	0.16699999999999998	0.172	0.177	0.161	0.161	0.157	0.142	0.21100000000000002	0.09699999999999999	0.043	0.128	0.131	0.138	0.168	0.136	0.147	0.149	0.146	0.18100000000000002	0.154	0.147	0.039	0.156	0.091	0.135	0.10300000000000001	0.129	0.141
27.48	0.132	0.12300000000000001	0.126	0.138	0.11699999999999999	0.13	0.134	0.128	0.14800000000000002	0.175	0.08900000000000001	0.15	0.121	0.128	0.139	0.174	0.133	0.16899999999999998	0.174	0.179	0.163	0.163	0.158	0.14400000000000002	0.214	0.1	0.043	0.131	0.135	0.14	0.168	0.138	0.14800000000000002	0.152	0.14800000000000002	0.183	0.156	0.14800000000000002	0.039	0.157	0.092	0.139	0.105	0.132	0.14400000000000002
27.75	0.133	0.125	0.127	0.139	0.11800000000000001	0.131	0.135	0.129	0.149	0.177	0.091	0.152	0.12300000000000001	0.131	0.141	0.174	0.134	0.171	0.175	0.18	0.16399999999999998	0.16399999999999998	0.16	0.14400000000000002	0.215	0.102	0.043	0.133	0.136	0.14300000000000002	0.16899999999999998	0.13699999999999998	0.15	0.151	0.149	0.184	0.157	0.15	0.039	0.16	0.094	0.141	0.106	0.133	0.145
28.0	0.133	0.126	0.129	0.141	0.121	0.132	0.13699999999999998	0.13	0.151	0.17800000000000002	0.091	0.154	0.12300000000000001	0.133	0.14400000000000002	0.175	0.134	0.172	0.17800000000000002	0.183	0.166	0.166	0.162	0.145	0.217	0.10300000000000001	0.043	0.136	0.139	0.146	0.17	0.139	0.151	0.156	0.151	0.187	0.16	0.153	0.039	0.162	0.096	0.14400000000000002	0.11	0.136	0.14800000000000002
28.27	0.133	0.127	0.13	0.142	0.122	0.134	0.139	0.131	0.152	0.18	0.09300000000000001	0.157	0.125	0.135	0.147	0.17600000000000002	0.136	0.174	0.17800000000000002	0.184	0.168	0.168	0.163	0.146	0.21899999999999997	0.10400000000000001	0.043	0.139	0.14300000000000002	0.147	0.17300000000000001	0.14	0.152	0.157	0.152	0.188	0.162	0.154	0.039	0.16399999999999998	0.09699999999999999	0.147	0.111	0.138	0.15
28.53	0.134	0.129	0.131	0.14300000000000002	0.12300000000000001	0.135	0.14	0.131	0.153	0.18100000000000002	0.095	0.159	0.128	0.138	0.15	0.17800000000000002	0.136	0.175	0.18	0.188	0.16899999999999998	0.17	0.165	0.147	0.221	0.107	0.043	0.142	0.145	0.151	0.174	0.141	0.153	0.157	0.154	0.19	0.165	0.156	0.039	0.16699999999999998	0.099	0.14800000000000002	0.11199999999999999	0.141	0.153
28.78	0.134	0.13	0.133	0.145	0.125	0.136	0.141	0.133	0.154	0.182	0.09699999999999999	0.162	0.129	0.14	0.151	0.179	0.138	0.177	0.182	0.18899999999999997	0.16899999999999998	0.172	0.166	0.147	0.223	0.10800000000000001	0.043	0.14300000000000002	0.14800000000000002	0.154	0.17600000000000002	0.142	0.155	0.157	0.155	0.192	0.166	0.157	0.039	0.168	0.10099999999999999	0.15	0.115	0.14400000000000002	0.156
29.05	0.135	0.13	0.134	0.147	0.126	0.138	0.14300000000000002	0.133	0.155	0.184	0.099	0.166	0.132	0.14300000000000002	0.155	0.18	0.138	0.179	0.184	0.192	0.172	0.17300000000000001	0.168	0.149	0.226	0.111	0.043	0.147	0.15	0.157	0.177	0.14300000000000002	0.156	0.158	0.157	0.19399999999999998	0.16899999999999998	0.158	0.039	0.17	0.10099999999999999	0.151	0.11699999999999999	0.146	0.157
29.32	0.135	0.132	0.135	0.14800000000000002	0.128	0.138	0.14400000000000002	0.134	0.157	0.184	0.1	0.16699999999999998	0.133	0.145	0.158	0.18100000000000002	0.138	0.18	0.184	0.193	0.174	0.175	0.17	0.149	0.228	0.113	0.043	0.149	0.153	0.159	0.177	0.14400000000000002	0.158	0.159	0.158	0.195	0.17	0.16	0.039	0.172	0.10400000000000001	0.154	0.11900000000000001	0.14800000000000002	0.161
29.58	0.135	0.134	0.136	0.149	0.129	0.14	0.146	0.135	0.157	0.187	0.102	0.171	0.135	0.14800000000000002	0.16	0.182	0.14	0.18100000000000002	0.18600000000000003	0.196	0.175	0.177	0.171	0.151	0.22899999999999998	0.115	0.043	0.152	0.156	0.16399999999999998	0.17800000000000002	0.14400000000000002	0.158	0.161	0.159	0.19699999999999998	0.172	0.161	0.039	0.174	0.105	0.157	0.12	0.151	0.163
29.83	0.134	0.135	0.138	0.15	0.131	0.142	0.14800000000000002	0.135	0.159	0.18899999999999997	0.10300000000000001	0.175	0.13699999999999998	0.151	0.16399999999999998	0.182	0.139	0.18100000000000002	0.18600000000000003	0.198	0.17600000000000002	0.17800000000000002	0.17300000000000001	0.152	0.23	0.11800000000000001	0.043	0.154	0.159	0.165	0.17800000000000002	0.145	0.16	0.16	0.16	0.19899999999999998	0.174	0.163	0.039	0.17600000000000002	0.107	0.159	0.12300000000000001	0.153	0.166
30.1	0.134	0.136	0.14	0.152	0.132	0.142	0.149	0.136	0.16	0.191	0.105	0.17600000000000002	0.14	0.154	0.16699999999999998	0.183	0.14	0.183	0.187	0.201	0.177	0.179	0.175	0.153	0.231	0.11900000000000001	0.043	0.156	0.162	0.16899999999999998	0.179	0.145	0.16	0.16	0.16	0.201	0.17600000000000002	0.165	0.039	0.17800000000000002	0.10800000000000001	0.161	0.125	0.155	0.16899999999999998
30.37	0.134	0.138	0.141	0.153	0.134	0.14400000000000002	0.151	0.13699999999999998	0.161	0.193	0.107	0.179	0.14300000000000002	0.156	0.16899999999999998	0.184	0.14	0.184	0.18899999999999997	0.203	0.177	0.18	0.177	0.154	0.233	0.122	0.043	0.159	0.165	0.172	0.18100000000000002	0.147	0.161	0.162	0.162	0.203	0.177	0.166	0.039	0.18	0.11	0.163	0.127	0.158	0.171
30.62	0.133	0.139	0.142	0.154	0.135	0.145	0.152	0.138	0.162	0.19399999999999998	0.109	0.182	0.145	0.16	0.17300000000000001	0.184	0.14	0.185	0.19	0.205	0.179	0.182	0.17800000000000002	0.155	0.23399999999999999	0.124	0.044000000000000004	0.161	0.168	0.175	0.182	0.147	0.162	0.162	0.163	0.204	0.18	0.16699999999999998	0.039	0.18100000000000002	0.113	0.166	0.128	0.16	0.174
30.88	0.133	0.14	0.14300000000000002	0.156	0.13699999999999998	0.147	0.154	0.139	0.162	0.195	0.111	0.185	0.147	0.163	0.17600000000000002	0.184	0.141	0.18600000000000003	0.191	0.205	0.18	0.183	0.18	0.156	0.235	0.127	0.043	0.163	0.171	0.179	0.183	0.14800000000000002	0.161	0.161	0.16399999999999998	0.20600000000000002	0.18100000000000002	0.16899999999999998	0.039	0.183	0.114	0.16699999999999998	0.131	0.163	0.177
31.15	0.131	0.141	0.14400000000000002	0.157	0.138	0.14800000000000002	0.156	0.139	0.16399999999999998	0.19699999999999998	0.11199999999999999	0.187	0.15	0.16399999999999998	0.18	0.185	0.142	0.188	0.193	0.21100000000000002	0.183	0.185	0.182	0.156	0.237	0.129	0.044000000000000004	0.168	0.17600000000000002	0.183	0.183	0.14800000000000002	0.163	0.163	0.16399999999999998	0.20800000000000002	0.183	0.171	0.039	0.185	0.11599999999999999	0.171	0.134	0.16699999999999998	0.179
31.42	0.13	0.142	0.145	0.158	0.141	0.149	0.157	0.14	0.165	0.198	0.115	0.19	0.152	0.168	0.183	0.18600000000000003	0.141	0.187	0.193	0.21100000000000002	0.183	0.18600000000000003	0.184	0.158	0.23800000000000002	0.13	0.044000000000000004	0.171	0.179	0.185	0.183	0.14800000000000002	0.16399999999999998	0.162	0.166	0.209	0.185	0.172	0.039	0.18600000000000003	0.11800000000000001	0.171	0.136	0.168	0.183
31.67	0.129	0.142	0.147	0.159	0.142	0.151	0.159	0.14	0.166	0.19899999999999998	0.11699999999999999	0.193	0.154	0.172	0.18600000000000003	0.18600000000000003	0.141	0.188	0.195	0.215	0.183	0.188	0.18600000000000003	0.158	0.239	0.134	0.044000000000000004	0.174	0.183	0.188	0.184	0.15	0.166	0.16399999999999998	0.16699999999999998	0.21100000000000002	0.18600000000000003	0.175	0.039	0.188	0.12	0.17600000000000002	0.138	0.172	0.185
31.93	0.128	0.14300000000000002	0.149	0.162	0.14300000000000002	0.153	0.16	0.14	0.16699999999999998	0.2	0.11900000000000001	0.19699999999999998	0.157	0.175	0.18899999999999997	0.187	0.142	0.19	0.196	0.21600000000000003	0.183	0.18899999999999997	0.188	0.159	0.24	0.13699999999999998	0.044000000000000004	0.17800000000000002	0.185	0.192	0.18600000000000003	0.15	0.166	0.165	0.16699999999999998	0.213	0.18899999999999997	0.177	0.039	0.19	0.122	0.177	0.141	0.174	0.18899999999999997
32.2	0.126	0.14400000000000002	0.15	0.162	0.14400000000000002	0.154	0.165	0.14	0.16699999999999998	0.2	0.122	0.198	0.16	0.179	0.193	0.18600000000000003	0.14400000000000002	0.191	0.19699999999999998	0.22	0.185	0.191	0.18899999999999997	0.161	0.243	0.139	0.044000000000000004	0.18100000000000002	0.18899999999999997	0.19699999999999998	0.18600000000000003	0.15	0.168	0.166	0.16899999999999998	0.215	0.19	0.179	0.039	0.192	0.12300000000000001	0.17800000000000002	0.14400000000000002	0.177	0.191
32.45	0.126	0.14400000000000002	0.152	0.163	0.145	0.156	0.166	0.14	0.168	0.201	0.124	0.201	0.163	0.18100000000000002	0.19699999999999998	0.18600000000000003	0.14300000000000002	0.191	0.19699999999999998	0.221	0.185	0.192	0.191	0.161	0.243	0.141	0.044000000000000004	0.184	0.193	0.19899999999999998	0.18600000000000003	0.152	0.16899999999999998	0.166	0.168	0.21600000000000003	0.192	0.18100000000000002	0.039	0.192	0.126	0.18100000000000002	0.146	0.179	0.193
32.72	0.125	0.146	0.151	0.16399999999999998	0.147	0.157	0.168	0.14	0.168	0.20199999999999999	0.126	0.20600000000000002	0.165	0.185	0.2	0.18600000000000003	0.142	0.192	0.19899999999999998	0.22399999999999998	0.185	0.192	0.192	0.161	0.244	0.14400000000000002	0.044000000000000004	0.188	0.196	0.203	0.187	0.151	0.17	0.16699999999999998	0.168	0.217	0.193	0.182	0.039	0.19399999999999998	0.127	0.183	0.149	0.183	0.19699999999999998
32.98	0.122	0.146	0.152	0.166	0.14800000000000002	0.157	0.16899999999999998	0.14	0.171	0.203	0.128	0.207	0.168	0.188	0.203	0.18600000000000003	0.142	0.193	0.2	0.226	0.185	0.19399999999999998	0.19399999999999998	0.162	0.245	0.147	0.044000000000000004	0.192	0.19899999999999998	0.207	0.188	0.152	0.16899999999999998	0.16699999999999998	0.16899999999999998	0.218	0.195	0.184	0.039	0.19399999999999998	0.13	0.185	0.152	0.184	0.19899999999999998
33.25	0.122	0.147	0.153	0.16699999999999998	0.14800000000000002	0.159	0.16899999999999998	0.139	0.171	0.20199999999999999	0.13	0.21	0.171	0.19	0.20600000000000002	0.187	0.142	0.193	0.2	0.226	0.18600000000000003	0.196	0.195	0.162	0.247	0.149	0.044000000000000004	0.195	0.203	0.21	0.18899999999999997	0.153	0.171	0.16699999999999998	0.17	0.21899999999999997	0.19699999999999998	0.185	0.039	0.195	0.132	0.18600000000000003	0.155	0.187	0.203
33.5	0.12	0.147	0.154	0.168	0.149	0.16	0.171	0.139	0.17300000000000001	0.204	0.132	0.212	0.175	0.19399999999999998	0.21	0.187	0.141	0.19399999999999998	0.201	0.23	0.187	0.196	0.19699999999999998	0.163	0.248	0.152	0.044000000000000004	0.19899999999999998	0.207	0.215	0.18899999999999997	0.153	0.171	0.16699999999999998	0.17	0.22	0.19899999999999998	0.187	0.039	0.196	0.134	0.19	0.158	0.19	0.204
33.77	0.11900000000000001	0.147	0.153	0.168	0.15	0.161	0.172	0.139	0.174	0.20600000000000002	0.134	0.215	0.17800000000000002	0.19699999999999998	0.213	0.187	0.142	0.19399999999999998	0.20199999999999999	0.23	0.187	0.19699999999999998	0.19899999999999998	0.163	0.248	0.155	0.044000000000000004	0.20199999999999999	0.21	0.21899999999999997	0.19	0.154	0.171	0.168	0.16899999999999998	0.221	0.201	0.18899999999999997	0.039	0.196	0.13699999999999998	0.191	0.162	0.193	0.207
34.03	0.11699999999999999	0.147	0.154	0.17	0.151	0.163	0.174	0.138	0.175	0.20600000000000002	0.13699999999999998	0.21899999999999997	0.18100000000000002	0.201	0.21600000000000003	0.188	0.141	0.19399999999999998	0.20199999999999999	0.231	0.18600000000000003	0.198	0.2	0.165	0.248	0.159	0.044000000000000004	0.204	0.213	0.222	0.19	0.154	0.172	0.168	0.17	0.222	0.201	0.18899999999999997	0.039	0.198	0.138	0.19399999999999998	0.16399999999999998	0.19699999999999998	0.209
34.28	0.11699999999999999	0.15	0.156	0.17	0.152	0.16899999999999998	0.174	0.138	0.175	0.207	0.14	0.222	0.184	0.204	0.22	0.18899999999999997	0.141	0.195	0.203	0.235	0.187	0.19899999999999998	0.20199999999999999	0.166	0.25	0.161	0.044000000000000004	0.20800000000000002	0.21600000000000003	0.22399999999999998	0.192	0.155	0.172	0.17	0.171	0.223	0.20199999999999999	0.191	0.039	0.19899999999999998	0.141	0.196	0.168	0.2	0.21100000000000002
34.55	0.115	0.15	0.156	0.171	0.153	0.17	0.174	0.136	0.177	0.20800000000000002	0.142	0.226	0.188	0.207	0.223	0.19	0.142	0.195	0.20199999999999999	0.235	0.185	0.19899999999999998	0.20199999999999999	0.166	0.25	0.16399999999999998	0.044000000000000004	0.21100000000000002	0.22	0.22899999999999998	0.193	0.155	0.172	0.17	0.171	0.225	0.203	0.192	0.039	0.2	0.14300000000000002	0.198	0.171	0.201	0.213
34.82	0.113	0.151	0.156	0.171	0.153	0.172	0.175	0.135	0.177	0.209	0.145	0.22899999999999998	0.191	0.21	0.226	0.19	0.142	0.195	0.203	0.23600000000000002	0.184	0.19899999999999998	0.203	0.166	0.251	0.16699999999999998	0.044000000000000004	0.214	0.223	0.233	0.193	0.156	0.17300000000000001	0.17	0.171	0.226	0.203	0.19399999999999998	0.039	0.201	0.145	0.201	0.174	0.20600000000000002	0.215
35.08	0.111	0.151	0.157	0.172	0.154	0.17300000000000001	0.175	0.133	0.177	0.21	0.147	0.231	0.195	0.214	0.231	0.19	0.142	0.19699999999999998	0.204	0.239	0.185	0.201	0.204	0.16699999999999998	0.254	0.171	0.044000000000000004	0.21899999999999997	0.228	0.237	0.19399999999999998	0.157	0.174	0.17	0.172	0.228	0.20600000000000002	0.195	0.039	0.20199999999999999	0.147	0.203	0.17800000000000002	0.207	0.217
35.33	0.109	0.15	0.158	0.17300000000000001	0.155	0.175	0.17600000000000002	0.131	0.17800000000000002	0.21	0.151	0.235	0.198	0.21600000000000003	0.23399999999999999	0.19	0.142	0.196	0.205	0.24100000000000002	0.184	0.20199999999999999	0.205	0.16699999999999998	0.254	0.174	0.045	0.221	0.23199999999999998	0.24	0.19399999999999998	0.156	0.174	0.172	0.171	0.228	0.207	0.19699999999999998	0.039	0.203	0.14800000000000002	0.205	0.18	0.21	0.21899999999999997
35.6	0.107	0.151	0.158	0.17300000000000001	0.154	0.175	0.17600000000000002	0.13	0.179	0.212	0.153	0.23800000000000002	0.201	0.221	0.23800000000000002	0.19	0.14	0.196	0.203	0.24100000000000002	0.185	0.20199999999999999	0.207	0.168	0.254	0.177	0.045	0.226	0.23600000000000002	0.243	0.196	0.156	0.175	0.172	0.171	0.23	0.20800000000000002	0.198	0.039	0.204	0.152	0.207	0.184	0.214	0.22
35.87	0.10400000000000001	0.15	0.159	0.17300000000000001	0.155	0.175	0.177	0.127	0.179	0.212	0.156	0.24100000000000002	0.203	0.225	0.24	0.192	0.141	0.195	0.203	0.243	0.185	0.203	0.20800000000000002	0.16699999999999998	0.255	0.18	0.045	0.228	0.24	0.247	0.196	0.157	0.175	0.172	0.172	0.231	0.209	0.2	0.039	0.204	0.154	0.20800000000000002	0.18600000000000003	0.21600000000000003	0.222
36.12	0.102	0.15	0.159	0.174	0.156	0.17600000000000002	0.177	0.126	0.18	0.213	0.16	0.244	0.209	0.22899999999999998	0.244	0.193	0.141	0.196	0.204	0.24600000000000002	0.18600000000000003	0.203	0.209	0.16899999999999998	0.255	0.184	0.045	0.233	0.242	0.25	0.196	0.157	0.175	0.17300000000000001	0.172	0.23199999999999998	0.21	0.201	0.039	0.20600000000000002	0.157	0.21	0.19	0.21899999999999997	0.22399999999999998
36.38	0.1	0.147	0.159	0.172	0.155	0.17600000000000002	0.175	0.12300000000000001	0.179	0.212	0.162	0.247	0.21100000000000002	0.23199999999999998	0.245	0.19399999999999998	0.141	0.193	0.203	0.245	0.183	0.204	0.209	0.168	0.254	0.18600000000000003	0.045	0.235	0.247	0.254	0.19699999999999998	0.157	0.175	0.17300000000000001	0.171	0.23199999999999998	0.21100000000000002	0.201	0.039	0.20600000000000002	0.158	0.21100000000000002	0.191	0.221	0.225
36.65	0.09699999999999999	0.149	0.159	0.174	0.157	0.177	0.17600000000000002	0.121	0.18	0.214	0.165	0.25	0.214	0.23600000000000002	0.25	0.195	0.14300000000000002	0.19399999999999998	0.204	0.247	0.184	0.207	0.21100000000000002	0.168	0.256	0.19	0.045	0.23800000000000002	0.252	0.259	0.198	0.159	0.17800000000000002	0.17300000000000001	0.172	0.23399999999999999	0.212	0.204	0.039	0.207	0.161	0.215	0.195	0.223	0.22899999999999998
36.9	0.096	0.149	0.161	0.174	0.156	0.177	0.17600000000000002	0.12	0.18100000000000002	0.215	0.16699999999999998	0.254	0.218	0.23800000000000002	0.252	0.195	0.142	0.19399999999999998	0.205	0.249	0.185	0.20800000000000002	0.212	0.16899999999999998	0.257	0.193	0.045	0.242	0.256	0.262	0.19899999999999998	0.158	0.17800000000000002	0.175	0.17300000000000001	0.235	0.213	0.205	0.039	0.207	0.163	0.215	0.196	0.226	0.22899999999999998
37.17	0.09300000000000001	0.14800000000000002	0.161	0.17300000000000001	0.157	0.17800000000000002	0.175	0.11800000000000001	0.182	0.21600000000000003	0.17	0.258	0.22	0.24100000000000002	0.256	0.19399999999999998	0.142	0.19399999999999998	0.203	0.25	0.184	0.207	0.213	0.16899999999999998	0.257	0.19699999999999998	0.045	0.245	0.259	0.265	0.19899999999999998	0.158	0.17800000000000002	0.174	0.172	0.235	0.21600000000000003	0.20600000000000002	0.039	0.209	0.165	0.21899999999999997	0.2	0.228	0.23199999999999998
37.43	0.091	0.147	0.161	0.17300000000000001	0.157	0.179	0.17600000000000002	0.115	0.182	0.217	0.174	0.261	0.22399999999999998	0.24600000000000002	0.26	0.196	0.142	0.19399999999999998	0.203	0.251	0.184	0.20800000000000002	0.213	0.16899999999999998	0.257	0.19899999999999998	0.045	0.249	0.263	0.27	0.19899999999999998	0.159	0.17800000000000002	0.174	0.17300000000000001	0.237	0.217	0.207	0.039	0.20800000000000002	0.168	0.22	0.203	0.231	0.23399999999999999
37.7	0.08900000000000001	0.147	0.163	0.17300000000000001	0.157	0.18	0.17600000000000002	0.113	0.182	0.218	0.177	0.263	0.228	0.251	0.263	0.195	0.141	0.19399999999999998	0.203	0.252	0.183	0.21	0.215	0.17	0.257	0.203	0.045	0.253	0.268	0.273	0.2	0.159	0.179	0.175	0.17300000000000001	0.23800000000000002	0.217	0.209	0.039	0.21	0.171	0.22399999999999998	0.20600000000000002	0.233	0.237
37.95	0.086	0.146	0.161	0.17300000000000001	0.159	0.18	0.17600000000000002	0.111	0.183	0.21899999999999997	0.18	0.26899999999999996	0.231	0.255	0.267	0.19699999999999998	0.141	0.19399999999999998	0.204	0.255	0.183	0.21100000000000002	0.21600000000000003	0.16899999999999998	0.259	0.205	0.045	0.258	0.273	0.27899999999999997	0.201	0.159	0.179	0.175	0.175	0.239	0.21899999999999997	0.21	0.039	0.21	0.172	0.225	0.20800000000000002	0.23600000000000002	0.239
38.22	0.085	0.14300000000000002	0.16	0.17300000000000001	0.159	0.18	0.174	0.10800000000000001	0.183	0.22	0.184	0.271	0.235	0.259	0.271	0.196	0.141	0.19399999999999998	0.203	0.256	0.182	0.21100000000000002	0.21600000000000003	0.17	0.259	0.21100000000000002	0.045	0.259	0.27699999999999997	0.28300000000000003	0.201	0.158	0.179	0.175	0.17300000000000001	0.239	0.21899999999999997	0.209	0.039	0.21	0.17600000000000002	0.226	0.21100000000000002	0.23600000000000002	0.24100000000000002
38.48	0.08199999999999999	0.14400000000000002	0.161	0.174	0.161	0.18100000000000002	0.175	0.106	0.184	0.22	0.18600000000000003	0.276	0.239	0.263	0.275	0.198	0.142	0.193	0.204	0.257	0.184	0.214	0.218	0.171	0.261	0.215	0.045	0.265	0.281	0.287	0.20199999999999999	0.16	0.18100000000000002	0.17600000000000002	0.175	0.24100000000000002	0.22	0.21100000000000002	0.039	0.21	0.17800000000000002	0.228	0.214	0.24100000000000002	0.244
38.73	0.08	0.14400000000000002	0.161	0.17300000000000001	0.16	0.18100000000000002	0.17600000000000002	0.10300000000000001	0.184	0.221	0.18899999999999997	0.281	0.243	0.267	0.278	0.19699999999999998	0.141	0.19399999999999998	0.204	0.259	0.183	0.213	0.21899999999999997	0.171	0.261	0.218	0.046	0.268	0.28600000000000003	0.29	0.20199999999999999	0.159	0.179	0.175	0.174	0.242	0.222	0.212	0.039	0.21	0.18	0.23199999999999998	0.217	0.243	0.24600000000000002
39.0	0.078	0.14300000000000002	0.16	0.17300000000000001	0.16	0.18100000000000002	0.17600000000000002	0.10099999999999999	0.185	0.222	0.193	0.282	0.24600000000000002	0.271	0.281	0.198	0.142	0.193	0.204	0.26	0.183	0.215	0.221	0.17300000000000001	0.262	0.22	0.046	0.272	0.28800000000000003	0.294	0.203	0.161	0.18	0.177	0.175	0.243	0.221	0.213	0.039	0.21	0.183	0.231	0.218	0.245	0.249
39.27	0.07400000000000001	0.142	0.159	0.17300000000000001	0.161	0.182	0.175	0.098	0.184	0.223	0.196	0.285	0.251	0.27399999999999997	0.284	0.19899999999999998	0.14300000000000002	0.193	0.205	0.261	0.183	0.21600000000000003	0.222	0.17300000000000001	0.263	0.225	0.046	0.276	0.294	0.298	0.203	0.16	0.18100000000000002	0.177	0.175	0.244	0.223	0.214	0.039	0.21	0.18600000000000003	0.23399999999999999	0.22	0.248	0.25
39.53	0.07200000000000001	0.141	0.158	0.17300000000000001	0.16	0.18100000000000002	0.17600000000000002	0.095	0.185	0.223	0.19899999999999998	0.289	0.254	0.278	0.287	0.19899999999999998	0.14300000000000002	0.193	0.205	0.262	0.183	0.217	0.222	0.17300000000000001	0.263	0.228	0.046	0.27899999999999997	0.298	0.3	0.203	0.162	0.182	0.17800000000000002	0.17600000000000002	0.245	0.22399999999999998	0.215	0.039	0.209	0.188	0.23600000000000002	0.223	0.248	0.252
39.78	0.069	0.141	0.158	0.17300000000000001	0.16	0.18100000000000002	0.17600000000000002	0.091	0.18600000000000003	0.223	0.203	0.292	0.258	0.281	0.29100000000000004	0.198	0.14300000000000002	0.19399999999999998	0.204	0.263	0.182	0.218	0.222	0.17300000000000001	0.263	0.231	0.046	0.28300000000000003	0.302	0.304	0.204	0.162	0.183	0.17800000000000002	0.17600000000000002	0.245	0.22399999999999998	0.215	0.039	0.209	0.191	0.23800000000000002	0.225	0.252	0.253
40.05	0.067	0.141	0.157	0.17300000000000001	0.159	0.18100000000000002	0.17600000000000002	0.087	0.187	0.22399999999999998	0.205	0.29600000000000004	0.262	0.28600000000000003	0.292	0.19899999999999998	0.14300000000000002	0.19399999999999998	0.205	0.263	0.18100000000000002	0.21899999999999997	0.22399999999999998	0.17300000000000001	0.263	0.235	0.046	0.28600000000000003	0.305	0.307	0.204	0.16399999999999998	0.183	0.177	0.177	0.24600000000000002	0.225	0.21600000000000003	0.039	0.209	0.193	0.239	0.226	0.252	0.255
40.32	0.064	0.14	0.157	0.17300000000000001	0.159	0.18	0.17600000000000002	0.085	0.18600000000000003	0.223	0.209	0.298	0.265	0.28800000000000003	0.29600000000000004	0.2	0.14400000000000002	0.19399999999999998	0.205	0.265	0.182	0.22	0.22399999999999998	0.17300000000000001	0.263	0.23800000000000002	0.046	0.29	0.311	0.31	0.204	0.163	0.184	0.17800000000000002	0.177	0.247	0.226	0.217	0.039	0.209	0.196	0.24100000000000002	0.22899999999999998	0.255	0.256
40.57	0.061	0.139	0.156	0.17300000000000001	0.159	0.18	0.17600000000000002	0.081	0.187	0.225	0.213	0.302	0.26899999999999996	0.29100000000000004	0.297	0.201	0.14400000000000002	0.19399999999999998	0.205	0.266	0.182	0.22	0.225	0.174	0.264	0.242	0.046	0.293	0.315	0.315	0.204	0.16399999999999998	0.184	0.177	0.177	0.249	0.22699999999999998	0.218	0.039	0.209	0.19699999999999998	0.24100000000000002	0.23	0.258	0.258
40.83	0.059000000000000004	0.138	0.156	0.17300000000000001	0.158	0.18	0.17600000000000002	0.079	0.187	0.226	0.215	0.304	0.272	0.295	0.3	0.2	0.145	0.19399999999999998	0.205	0.266	0.18100000000000002	0.221	0.226	0.174	0.264	0.24600000000000002	0.047	0.297	0.318	0.316	0.205	0.165	0.184	0.17800000000000002	0.17600000000000002	0.249	0.22699999999999998	0.218	0.039	0.209	0.2	0.244	0.233	0.258	0.259
41.1	0.055999999999999994	0.138	0.154	0.17300000000000001	0.158	0.18	0.175	0.075	0.187	0.22699999999999998	0.22	0.306	0.275	0.299	0.304	0.201	0.14400000000000002	0.19399999999999998	0.204	0.267	0.18100000000000002	0.221	0.22699999999999998	0.175	0.263	0.25	0.047	0.299	0.32	0.319	0.205	0.165	0.185	0.17800000000000002	0.17600000000000002	0.249	0.22699999999999998	0.21899999999999997	0.039	0.209	0.203	0.24600000000000002	0.235	0.261	0.26
41.37	0.054000000000000006	0.135	0.153	0.171	0.156	0.179	0.17300000000000001	0.07200000000000001	0.187	0.225	0.221	0.309	0.278	0.301	0.304	0.201	0.14300000000000002	0.192	0.203	0.267	0.179	0.221	0.226	0.174	0.263	0.254	0.047	0.301	0.324	0.321	0.204	0.16399999999999998	0.184	0.17800000000000002	0.175	0.249	0.22899999999999998	0.218	0.039	0.207	0.205	0.248	0.23600000000000002	0.261	0.26
41.62	0.052000000000000005	0.136	0.153	0.172	0.156	0.179	0.174	0.069	0.18899999999999997	0.22699999999999998	0.225	0.313	0.28	0.305	0.308	0.20199999999999999	0.14400000000000002	0.19399999999999998	0.204	0.26899999999999996	0.18	0.223	0.228	0.175	0.265	0.258	0.047	0.306	0.327	0.324	0.204	0.165	0.18600000000000003	0.17800000000000002	0.177	0.251	0.22899999999999998	0.22	0.039	0.20800000000000002	0.207	0.25	0.24	0.264	0.262
41.88	0.049	0.135	0.153	0.171	0.156	0.179	0.174	0.066	0.18899999999999997	0.22899999999999998	0.22899999999999998	0.317	0.284	0.309	0.311	0.20199999999999999	0.14300000000000002	0.19399999999999998	0.205	0.27	0.18	0.223	0.22899999999999998	0.17600000000000002	0.267	0.259	0.047	0.311	0.33299999999999996	0.32899999999999996	0.204	0.166	0.18600000000000003	0.179	0.177	0.253	0.23	0.221	0.039	0.20600000000000002	0.209	0.25	0.24	0.267	0.264
42.15	0.048	0.135	0.152	0.171	0.156	0.179	0.17300000000000001	0.063	0.19	0.22899999999999998	0.233	0.318	0.28600000000000003	0.312	0.313	0.203	0.14300000000000002	0.19399999999999998	0.205	0.271	0.18	0.22399999999999998	0.22899999999999998	0.175	0.266	0.263	0.047	0.313	0.33399999999999996	0.331	0.205	0.166	0.185	0.18	0.17800000000000002	0.254	0.23	0.221	0.039	0.20600000000000002	0.21100000000000002	0.252	0.244	0.268	0.265
42.4	0.045	0.131	0.151	0.16899999999999998	0.153	0.17800000000000002	0.171	0.06	0.19	0.22899999999999998	0.23600000000000002	0.319	0.289	0.314	0.314	0.203	0.142	0.193	0.204	0.271	0.179	0.223	0.22899999999999998	0.175	0.266	0.266	0.047	0.315	0.33899999999999997	0.33299999999999996	0.204	0.166	0.185	0.179	0.175	0.253	0.22899999999999998	0.22	0.039	0.204	0.213	0.253	0.244	0.268	0.264
42.67	0.043	0.131	0.151	0.168	0.153	0.177	0.172	0.057	0.19	0.22899999999999998	0.239	0.322	0.29100000000000004	0.318	0.316	0.203	0.14300000000000002	0.193	0.204	0.273	0.179	0.22399999999999998	0.22899999999999998	0.175	0.266	0.271	0.047	0.318	0.342	0.337	0.204	0.166	0.188	0.179	0.17600000000000002	0.254	0.22899999999999998	0.222	0.039	0.203	0.214	0.254	0.247	0.27	0.266
42.93	0.042	0.13	0.149	0.16899999999999998	0.152	0.17600000000000002	0.171	0.053	0.19	0.23	0.242	0.325	0.29600000000000004	0.321	0.317	0.204	0.14300000000000002	0.192	0.204	0.272	0.17800000000000002	0.22399999999999998	0.22899999999999998	0.17600000000000002	0.268	0.273	0.048	0.322	0.34700000000000003	0.34	0.204	0.166	0.18600000000000003	0.18	0.17600000000000002	0.255	0.231	0.222	0.039	0.203	0.217	0.256	0.248	0.273	0.266
43.2	0.040999999999999995	0.13	0.149	0.16699999999999998	0.151	0.175	0.17	0.051	0.191	0.231	0.244	0.32899999999999996	0.298	0.325	0.322	0.203	0.14400000000000002	0.192	0.203	0.272	0.17800000000000002	0.22399999999999998	0.23	0.17600000000000002	0.267	0.276	0.048	0.324	0.35	0.342	0.203	0.16699999999999998	0.18600000000000003	0.18	0.17600000000000002	0.255	0.231	0.22399999999999998	0.039	0.203	0.218	0.258	0.25	0.272	0.26899999999999996
43.45	0.040999999999999995	0.128	0.14800000000000002	0.16699999999999998	0.15	0.175	0.16899999999999998	0.048	0.191	0.231	0.249	0.331	0.302	0.327	0.32299999999999995	0.203	0.14400000000000002	0.192	0.203	0.27399999999999997	0.17800000000000002	0.22399999999999998	0.231	0.17600000000000002	0.268	0.28	0.048	0.32799999999999996	0.353	0.344	0.204	0.168	0.18600000000000003	0.18	0.177	0.256	0.23199999999999998	0.22399999999999998	0.039	0.20199999999999999	0.22	0.26	0.253	0.275	0.268
43.72	0.04	0.127	0.147	0.166	0.15	0.174	0.168	0.045	0.192	0.23199999999999998	0.252	0.332	0.305	0.331	0.324	0.204	0.14400000000000002	0.191	0.203	0.27399999999999997	0.17800000000000002	0.225	0.231	0.17600000000000002	0.26899999999999996	0.282	0.048	0.33	0.35600000000000004	0.348	0.205	0.16899999999999998	0.18600000000000003	0.18	0.17800000000000002	0.257	0.233	0.22399999999999998	0.039	0.201	0.221	0.261	0.254	0.27699999999999997	0.268
43.98	0.04	0.127	0.147	0.166	0.149	0.174	0.16699999999999998	0.044000000000000004	0.192	0.23199999999999998	0.255	0.336	0.308	0.332	0.32799999999999996	0.204	0.14400000000000002	0.191	0.204	0.276	0.17800000000000002	0.225	0.231	0.17600000000000002	0.26899999999999996	0.284	0.048	0.335	0.36	0.349	0.205	0.168	0.187	0.18	0.175	0.258	0.233	0.225	0.039	0.201	0.223	0.262	0.26	0.278	0.27
44.23	0.04	0.125	0.146	0.165	0.149	0.17300000000000001	0.168	0.043	0.198	0.233	0.257	0.33899999999999997	0.312	0.336	0.32899999999999996	0.205	0.14400000000000002	0.192	0.203	0.27699999999999997	0.177	0.225	0.23199999999999998	0.177	0.26899999999999996	0.28800000000000003	0.048	0.33799999999999997	0.363	0.354	0.20600000000000002	0.168	0.18600000000000003	0.179	0.175	0.258	0.233	0.22399999999999998	0.039	0.201	0.22399999999999998	0.264	0.262	0.281	0.27
44.5	0.04	0.125	0.145	0.165	0.14800000000000002	0.17300000000000001	0.166	0.042	0.20199999999999999	0.233	0.262	0.342	0.317	0.33799999999999997	0.33299999999999996	0.20600000000000002	0.145	0.191	0.205	0.276	0.177	0.226	0.23199999999999998	0.177	0.27	0.29	0.048	0.341	0.366	0.354	0.20600000000000002	0.168	0.188	0.18	0.17600000000000002	0.259	0.23399999999999999	0.225	0.039	0.2	0.226	0.265	0.263	0.281	0.271
44.77	0.04	0.124	0.145	0.163	0.14800000000000002	0.172	0.165	0.042	0.201	0.23399999999999999	0.264	0.34299999999999997	0.32	0.341	0.33299999999999996	0.20600000000000002	0.145	0.191	0.204	0.278	0.17800000000000002	0.226	0.233	0.17800000000000002	0.26899999999999996	0.294	0.049	0.34299999999999997	0.371	0.359	0.207	0.17	0.187	0.18	0.17600000000000002	0.26	0.23399999999999999	0.225	0.039	0.2	0.22699999999999998	0.265	0.265	0.281	0.27399999999999997
45.03	0.04	0.12300000000000001	0.14400000000000002	0.163	0.147	0.171	0.16399999999999998	0.042	0.2	0.235	0.266	0.344	0.321	0.344	0.335	0.207	0.145	0.191	0.205	0.27899999999999997	0.177	0.226	0.233	0.17800000000000002	0.27	0.29600000000000004	0.048	0.34700000000000003	0.373	0.36200000000000004	0.207	0.17	0.187	0.18	0.17600000000000002	0.261	0.23399999999999999	0.225	0.038	0.19899999999999998	0.228	0.266	0.267	0.284	0.273
45.28	0.04	0.125	0.14300000000000002	0.16399999999999998	0.14800000000000002	0.172	0.16399999999999998	0.042	0.2	0.235	0.27	0.35100000000000003	0.327	0.349	0.34	0.207	0.146	0.192	0.205	0.28	0.17800000000000002	0.22699999999999998	0.23399999999999999	0.179	0.272	0.299	0.049	0.35100000000000003	0.375	0.365	0.209	0.171	0.188	0.18	0.177	0.263	0.235	0.226	0.039	0.2	0.23	0.26899999999999996	0.268	0.28600000000000003	0.273
45.55	0.04	0.12300000000000001	0.142	0.162	0.146	0.17	0.162	0.042	0.19899999999999998	0.237	0.271	0.35200000000000004	0.32899999999999996	0.349	0.33899999999999997	0.207	0.145	0.19	0.204	0.28	0.177	0.226	0.23399999999999999	0.17800000000000002	0.271	0.303	0.049	0.353	0.38	0.36700000000000005	0.215	0.17	0.188	0.18	0.17600000000000002	0.262	0.235	0.225	0.038	0.2	0.23	0.26899999999999996	0.26899999999999996	0.28600000000000003	0.27399999999999997
45.82	0.04	0.122	0.141	0.162	0.14800000000000002	0.17	0.161	0.040999999999999995	0.19899999999999998	0.23800000000000002	0.27399999999999997	0.35600000000000004	0.331	0.354	0.345	0.20800000000000002	0.146	0.193	0.20600000000000002	0.282	0.179	0.228	0.235	0.179	0.273	0.303	0.049	0.35700000000000004	0.38299999999999995	0.37200000000000005	0.21600000000000003	0.172	0.18899999999999997	0.18100000000000002	0.17800000000000002	0.264	0.23600000000000002	0.226	0.038	0.2	0.233	0.271	0.271	0.287	0.273
46.07	0.04	0.121	0.14	0.161	0.145	0.16699999999999998	0.16	0.042	0.198	0.23800000000000002	0.276	0.358	0.335	0.354	0.344	0.209	0.146	0.191	0.20600000000000002	0.282	0.17800000000000002	0.228	0.23600000000000002	0.179	0.272	0.309	0.049	0.36	0.386	0.373	0.21600000000000003	0.171	0.18899999999999997	0.18	0.177	0.264	0.23600000000000002	0.22399999999999998	0.038	0.198	0.23399999999999999	0.272	0.271	0.287	0.273
46.33	0.04	0.121	0.14	0.16	0.14400000000000002	0.16699999999999998	0.159	0.040999999999999995	0.19699999999999998	0.239	0.27899999999999997	0.358	0.33799999999999997	0.35700000000000004	0.34700000000000003	0.209	0.14800000000000002	0.191	0.204	0.282	0.17600000000000002	0.22899999999999998	0.23600000000000002	0.179	0.273	0.311	0.049	0.36200000000000004	0.387	0.376	0.21600000000000003	0.172	0.18899999999999997	0.182	0.177	0.265	0.23800000000000002	0.22399999999999998	0.038	0.198	0.237	0.27	0.272	0.287	0.273
46.6	0.04	0.121	0.139	0.161	0.146	0.16699999999999998	0.159	0.040999999999999995	0.19699999999999998	0.24	0.282	0.36200000000000004	0.341	0.36200000000000004	0.35	0.21100000000000002	0.14800000000000002	0.192	0.205	0.282	0.17600000000000002	0.23	0.239	0.179	0.27399999999999997	0.313	0.05	0.365	0.391	0.379	0.217	0.17300000000000001	0.191	0.18100000000000002	0.179	0.267	0.239	0.226	0.038	0.198	0.237	0.273	0.27399999999999997	0.29	0.27399999999999997
46.87	0.039	0.11900000000000001	0.138	0.158	0.14300000000000002	0.166	0.157	0.040999999999999995	0.196	0.239	0.28300000000000003	0.364	0.342	0.36200000000000004	0.35100000000000003	0.21	0.14800000000000002	0.191	0.205	0.28300000000000003	0.174	0.22899999999999998	0.23800000000000002	0.179	0.273	0.316	0.05	0.369	0.39399999999999996	0.382	0.214	0.174	0.19	0.18100000000000002	0.177	0.266	0.23800000000000002	0.22399999999999998	0.038	0.196	0.23600000000000002	0.27399999999999997	0.27399999999999997	0.29100000000000004	0.273
47.12	0.039	0.11900000000000001	0.13699999999999998	0.159	0.14400000000000002	0.165	0.155	0.040999999999999995	0.196	0.24100000000000002	0.287	0.36700000000000005	0.34700000000000003	0.365	0.355	0.212	0.149	0.192	0.204	0.285	0.177	0.231	0.24	0.18	0.275	0.321	0.05	0.37200000000000005	0.397	0.384	0.217	0.174	0.191	0.18100000000000002	0.179	0.268	0.24	0.226	0.038	0.19699999999999998	0.239	0.275	0.276	0.29100000000000004	0.27399999999999997
47.38	0.039	0.11699999999999999	0.136	0.158	0.142	0.163	0.153	0.040999999999999995	0.195	0.24	0.28800000000000003	0.368	0.349	0.366	0.355	0.21100000000000002	0.14800000000000002	0.18899999999999997	0.204	0.285	0.174	0.23	0.24	0.18	0.27399999999999997	0.322	0.05	0.373	0.4	0.385	0.215	0.175	0.191	0.179	0.177	0.268	0.239	0.22399999999999998	0.038	0.19399999999999998	0.23800000000000002	0.275	0.275	0.292	0.272
47.65	0.039	0.11699999999999999	0.136	0.158	0.142	0.163	0.151	0.040999999999999995	0.19399999999999998	0.242	0.292	0.369	0.353	0.371	0.35700000000000004	0.213	0.149	0.19	0.205	0.285	0.177	0.23199999999999998	0.24	0.18100000000000002	0.276	0.324	0.05	0.376	0.40299999999999997	0.39	0.215	0.175	0.192	0.182	0.179	0.27	0.24100000000000002	0.225	0.038	0.19399999999999998	0.24	0.27699999999999997	0.278	0.294	0.272
47.9	0.039	0.11699999999999999	0.136	0.157	0.142	0.161	0.149	0.040999999999999995	0.195	0.242	0.294	0.373	0.35600000000000004	0.373	0.36	0.212	0.149	0.19	0.204	0.28600000000000003	0.175	0.23199999999999998	0.242	0.183	0.276	0.32799999999999996	0.051	0.379	0.40700000000000003	0.392	0.215	0.177	0.192	0.182	0.18	0.271	0.24100000000000002	0.225	0.038	0.193	0.24100000000000002	0.27899999999999997	0.278	0.293	0.271
48.17	0.039	0.11599999999999999	0.135	0.156	0.141	0.16	0.147	0.040999999999999995	0.19399999999999998	0.243	0.297	0.375	0.36	0.375	0.361	0.213	0.15	0.19	0.204	0.287	0.17600000000000002	0.233	0.243	0.182	0.278	0.331	0.05	0.382	0.40700000000000003	0.395	0.214	0.179	0.192	0.182	0.179	0.271	0.24100000000000002	0.22399999999999998	0.038	0.192	0.242	0.27899999999999997	0.28	0.295	0.272
48.43	0.039	0.115	0.134	0.155	0.14	0.159	0.145	0.040999999999999995	0.193	0.242	0.299	0.377	0.361	0.37799999999999995	0.36200000000000004	0.213	0.151	0.19	0.205	0.287	0.17600000000000002	0.23399999999999999	0.243	0.184	0.278	0.33399999999999996	0.051	0.385	0.41100000000000003	0.396	0.214	0.18	0.193	0.182	0.18	0.272	0.242	0.22399999999999998	0.038	0.191	0.242	0.281	0.27899999999999997	0.295	0.271
48.7	0.038	0.113	0.133	0.155	0.14	0.158	0.14400000000000002	0.040999999999999995	0.193	0.243	0.302	0.38	0.365	0.381	0.364	0.213	0.151	0.19	0.204	0.28800000000000003	0.17600000000000002	0.23399999999999999	0.244	0.183	0.278	0.335	0.051	0.386	0.413	0.39899999999999997	0.213	0.182	0.19399999999999998	0.183	0.179	0.272	0.242	0.22399999999999998	0.038	0.19	0.244	0.27899999999999997	0.28	0.29600000000000004	0.26899999999999996
48.95	0.038	0.11199999999999999	0.133	0.153	0.139	0.157	0.142	0.04	0.193	0.242	0.302	0.381	0.366	0.382	0.365	0.214	0.15	0.19	0.205	0.28800000000000003	0.175	0.233	0.243	0.183	0.27899999999999997	0.33899999999999997	0.051	0.38799999999999996	0.41700000000000004	0.401	0.212	0.182	0.193	0.182	0.179	0.273	0.242	0.22399999999999998	0.038	0.18899999999999997	0.243	0.28	0.281	0.295	0.26899999999999996
49.22	0.038	0.11	0.133	0.153	0.138	0.157	0.139	0.04	0.193	0.244	0.306	0.384	0.368	0.386	0.36700000000000005	0.214	0.152	0.19	0.204	0.287	0.175	0.23399999999999999	0.245	0.184	0.28	0.341	0.051	0.39	0.418	0.402	0.21100000000000002	0.183	0.193	0.183	0.179	0.27399999999999997	0.242	0.22399999999999998	0.038	0.188	0.245	0.28	0.281	0.295	0.267
49.48	0.038	0.109	0.132	0.151	0.13699999999999998	0.156	0.13699999999999998	0.04	0.193	0.244	0.307	0.385	0.371	0.385	0.368	0.215	0.151	0.18899999999999997	0.204	0.289	0.175	0.23399999999999999	0.24600000000000002	0.184	0.27899999999999997	0.34299999999999997	0.051	0.392	0.42100000000000004	0.40399999999999997	0.21	0.183	0.19399999999999998	0.182	0.18	0.27399999999999997	0.242	0.223	0.038	0.187	0.244	0.27899999999999997	0.281	0.29600000000000004	0.267
49.73	0.038	0.10800000000000001	0.132	0.151	0.136	0.156	0.134	0.04	0.192	0.244	0.309	0.385	0.37200000000000005	0.389	0.369	0.21600000000000003	0.151	0.18899999999999997	0.205	0.29	0.17600000000000002	0.235	0.24600000000000002	0.185	0.28	0.345	0.051	0.39399999999999996	0.423	0.406	0.20800000000000002	0.185	0.195	0.183	0.18100000000000002	0.27399999999999997	0.243	0.223	0.038	0.18600000000000003	0.245	0.28	0.28	0.29600000000000004	0.265
50.0	0.038	0.106	0.131	0.149	0.135	0.153	0.132	0.04	0.19	0.243	0.311	0.387	0.373	0.389	0.37	0.215	0.151	0.187	0.204	0.28800000000000003	0.174	0.23399999999999999	0.24600000000000002	0.185	0.28	0.349	0.052000000000000005	0.396	0.425	0.406	0.207	0.184	0.19399999999999998	0.18100000000000002	0.179	0.27399999999999997	0.242	0.22	0.038	0.184	0.244	0.27899999999999997	0.28	0.295	0.264
50.27	0.038	0.10400000000000001	0.131	0.149	0.134	0.153	0.129	0.04	0.19	0.245	0.312	0.38799999999999996	0.377	0.39299999999999996	0.371	0.21600000000000003	0.152	0.188	0.20600000000000002	0.289	0.175	0.235	0.247	0.185	0.281	0.35	0.052000000000000005	0.39899999999999997	0.426	0.41	0.207	0.184	0.196	0.183	0.18100000000000002	0.275	0.243	0.222	0.038	0.185	0.245	0.28300000000000003	0.281	0.29600000000000004	0.264
50.52	0.038	0.10300000000000001	0.13	0.149	0.133	0.152	0.127	0.039	0.19	0.245	0.317	0.392	0.37799999999999995	0.396	0.374	0.21600000000000003	0.153	0.188	0.205	0.289	0.17600000000000002	0.237	0.248	0.18600000000000003	0.28	0.35200000000000004	0.052000000000000005	0.4	0.43	0.41100000000000003	0.207	0.18600000000000003	0.19699999999999998	0.183	0.18100000000000002	0.276	0.244	0.222	0.038	0.184	0.24600000000000002	0.278	0.281	0.294	0.263
