Time	L0B1-300_1	L0B2-300_1	L0B3-300_1	L0B4-300_1	L0B5-300_1	L1B1-300_1	L1B2-300_1	L1B3-300_1	L1B4-300_1	L1B5-300_1	L2B1-300_1	L2B2-300_1	L2B3-300_1	L2B4-300_1	L2B5-300_1	L0B1-300_2	L0B2-300_2	L0B3-300_2	L0B4-300_2	L0B5-300_2	L1B1-300_2	L1B2-300_2	L1B3-300_2	L1B4-300_2	L1B5-300_2	L2B1-300_2	L2B2-300_2	L2B3-300_2	L2B4-300_2	L2B5-300_2	L0B1-300_3	L0B2-300_3	L0B3-300_3	L0B4-300_3	L0B5-300_3	L1B1-300_3	L1B2-300_3	L1B3-300_3	L1B4-300_3	L1B5-300_3	L2B1-300_3	L2B2-300_3	L2B3-300_3	L2B4-300_3	L2B5-300_3
0.0	0.064	0.047	0.06	0.055	0.06	0.046	0.059000000000000004	0.054000000000000006	0.053	0.049	0.068	0.046	0.043	0.044000000000000004	0.043	0.057999999999999996	0.046	0.059000000000000004	0.05	0.054000000000000006	0.052000000000000005	0.054000000000000006	0.051	0.057	0.049	0.05	0.051	0.047	0.045	0.045	0.055999999999999994	0.045	0.053	0.049	0.051	0.064	0.057	0.055999999999999994	0.054000000000000006	0.051	0.051	0.047	0.046	0.046	0.048
0.25	0.057	0.047	0.055999999999999994	0.055	0.055	0.045	0.055999999999999994	0.055	0.055999999999999994	0.053	0.052000000000000005	0.054000000000000006	0.05	0.049	0.049	0.057999999999999996	0.048	0.057	0.055999999999999994	0.057	0.046	0.057999999999999996	0.055	0.057	0.053	0.052000000000000005	0.054000000000000006	0.049	0.05	0.049	0.057	0.049	0.057	0.055	0.057	0.054000000000000006	0.059000000000000004	0.052000000000000005	0.057	0.053	0.051	0.05	0.049	0.05	0.049
0.52	0.055999999999999994	0.046	0.055999999999999994	0.055999999999999994	0.055999999999999994	0.049	0.055999999999999994	0.052000000000000005	0.055	0.053	0.052000000000000005	0.054000000000000006	0.051	0.051	0.049	0.059000000000000004	0.049	0.057	0.055999999999999994	0.057	0.045	0.057	0.057999999999999996	0.057	0.053	0.051	0.055	0.049	0.05	0.049	0.057999999999999996	0.048	0.057	0.055999999999999994	0.057999999999999996	0.049	0.06	0.052000000000000005	0.057	0.053	0.051	0.05	0.05	0.05	0.049
0.78	0.057	0.048	0.057	0.055999999999999994	0.055999999999999994	0.047	0.055999999999999994	0.052000000000000005	0.055999999999999994	0.053	0.053	0.054000000000000006	0.05	0.05	0.049	0.06	0.049	0.057999999999999996	0.057	0.057999999999999996	0.05	0.057	0.055999999999999994	0.057	0.053	0.051	0.055	0.049	0.051	0.05	0.059000000000000004	0.049	0.057	0.055	0.057999999999999996	0.07400000000000001	0.055999999999999994	0.052000000000000005	0.057	0.053	0.051	0.05	0.05	0.05	0.049
1.03	0.057999999999999996	0.047	0.055999999999999994	0.055999999999999994	0.057	0.048	0.055999999999999994	0.053	0.055	0.052000000000000005	0.053	0.054000000000000006	0.05	0.05	0.05	0.061	0.049	0.057999999999999996	0.057999999999999996	0.059000000000000004	0.045	0.055999999999999994	0.055	0.057	0.053	0.051	0.055	0.051	0.051	0.05	0.06	0.049	0.057999999999999996	0.057	0.059000000000000004	0.05	0.057999999999999996	0.052000000000000005	0.057	0.053	0.052000000000000005	0.051	0.057	0.051	0.05
1.3	0.059000000000000004	0.047	0.057	0.057	0.057999999999999996	0.048	0.055999999999999994	0.053	0.055	0.052000000000000005	0.055	0.054000000000000006	0.051	0.051	0.051	0.062	0.049	0.057999999999999996	0.057999999999999996	0.06	0.049	0.055999999999999994	0.055	0.057	0.053	0.052000000000000005	0.055	0.05	0.052000000000000005	0.05	0.061	0.049	0.057999999999999996	0.057	0.06	0.047	0.055999999999999994	0.052000000000000005	0.057	0.053	0.052000000000000005	0.051	0.05	0.051	0.075
1.57	0.061	0.047	0.057	0.057999999999999996	0.059000000000000004	0.049	0.055	0.052000000000000005	0.055	0.063	0.053	0.055	0.062	0.052000000000000005	0.05	0.063	0.05	0.057999999999999996	0.059000000000000004	0.061	0.098	0.055999999999999994	0.055999999999999994	0.057	0.053	0.052000000000000005	0.055999999999999994	0.051	0.052000000000000005	0.051	0.063	0.05	0.057999999999999996	0.057	0.061	0.048	0.055999999999999994	0.053	0.057	0.052000000000000005	0.052000000000000005	0.051	0.05	0.052000000000000005	0.055999999999999994
1.82	0.061	0.047	0.057	0.057999999999999996	0.059000000000000004	0.052000000000000005	0.055	0.053	0.055999999999999994	0.052000000000000005	0.053	0.055	0.052000000000000005	0.052000000000000005	0.051	0.064	0.05	0.057999999999999996	0.06	0.062	0.051	0.055999999999999994	0.055999999999999994	0.057	0.053	0.052000000000000005	0.055999999999999994	0.052000000000000005	0.053	0.051	0.064	0.049	0.057999999999999996	0.057999999999999996	0.062	0.046	0.055999999999999994	0.053	0.057	0.053	0.052000000000000005	0.051	0.051	0.052000000000000005	0.051
2.08	0.063	0.047	0.057999999999999996	0.059000000000000004	0.06	0.048	0.055999999999999994	0.055	0.055999999999999994	0.052000000000000005	0.059000000000000004	0.055	0.053	0.052000000000000005	0.051	0.067	0.05	0.06	0.061	0.063	0.047	0.055999999999999994	0.057999999999999996	0.057	0.053	0.052000000000000005	0.055999999999999994	0.053	0.054000000000000006	0.052000000000000005	0.066	0.05	0.059000000000000004	0.059000000000000004	0.063	0.045	0.055999999999999994	0.054000000000000006	0.057	0.053	0.053	0.052000000000000005	0.057	0.053	0.054000000000000006
2.35	0.065	0.047	0.057999999999999996	0.061	0.061	0.049	0.055	0.055	0.055999999999999994	0.053	0.065	0.055999999999999994	0.054000000000000006	0.054000000000000006	0.052000000000000005	0.069	0.05	0.06	0.063	0.065	0.05	0.055999999999999994	0.057999999999999996	0.057999999999999996	0.053	0.053	0.057	0.054000000000000006	0.055	0.053	0.068	0.05	0.06	0.061	0.064	0.049	0.055999999999999994	0.055	0.057	0.053	0.053	0.051	0.057999999999999996	0.054000000000000006	0.059000000000000004
2.62	0.067	0.048	0.057999999999999996	0.063	0.063	0.05	0.054000000000000006	0.055999999999999994	0.055999999999999994	0.053	0.057	0.057	0.07200000000000001	0.054000000000000006	0.055999999999999994	0.07200000000000001	0.05	0.059000000000000004	0.065	0.066	0.051	0.055999999999999994	0.059000000000000004	0.057999999999999996	0.054000000000000006	0.057	0.057999999999999996	0.055999999999999994	0.055999999999999994	0.054000000000000006	0.07	0.05	0.059000000000000004	0.063	0.066	0.047	0.055999999999999994	0.055999999999999994	0.057999999999999996	0.053	0.055	0.052000000000000005	0.054000000000000006	0.055	0.071
2.87	0.069	0.048	0.059000000000000004	0.065	0.065	0.05	0.055	0.059000000000000004	0.055999999999999994	0.053	0.055	0.057	0.085	0.055999999999999994	0.055	0.076	0.05	0.06	0.067	0.069	0.047	0.055999999999999994	0.061	0.057999999999999996	0.054000000000000006	0.054000000000000006	0.057999999999999996	0.057999999999999996	0.057999999999999996	0.055	0.07400000000000001	0.05	0.06	0.065	0.069	0.05	0.055999999999999994	0.057	0.057999999999999996	0.053	0.054000000000000006	0.055	0.057999999999999996	0.057	0.055
3.13	0.07200000000000001	0.048	0.059000000000000004	0.066	0.068	0.049	0.055	0.059000000000000004	0.055999999999999994	0.053	0.06	0.059000000000000004	0.084	0.057	0.057	0.079	0.05	0.061	0.069	0.07200000000000001	0.051	0.057	0.063	0.059000000000000004	0.054000000000000006	0.055	0.06	0.06	0.059000000000000004	0.057999999999999996	0.078	0.05	0.061	0.067	0.07200000000000001	0.05	0.055	0.059000000000000004	0.057999999999999996	0.053	0.055	0.053	0.068	0.057999999999999996	0.057
3.4	0.076	0.048	0.06	0.07	0.071	0.046	0.055	0.061	0.057	0.054000000000000006	0.057999999999999996	0.06	0.09300000000000001	0.059000000000000004	0.059000000000000004	0.084	0.051	0.062	0.073	0.077	0.054000000000000006	0.055999999999999994	0.066	0.059000000000000004	0.055	0.057	0.061	0.063	0.061	0.061	0.08199999999999999	0.051	0.063	0.07	0.075	0.047	0.055	0.062	0.057999999999999996	0.054000000000000006	0.055999999999999994	0.055999999999999994	0.064	0.06	0.059000000000000004
3.65	0.078	0.049	0.062	0.073	0.076	0.047	0.055	0.066	0.057	0.055	0.061	0.061	0.099	0.061	0.061	0.087	0.052000000000000005	0.064	0.076	0.081	0.05	0.055999999999999994	0.07	0.06	0.055999999999999994	0.057999999999999996	0.064	0.066	0.063	0.062	0.086	0.054000000000000006	0.064	0.073	0.08	0.055999999999999994	0.055	0.063	0.057999999999999996	0.055	0.057	0.057	0.068	0.063	0.061
3.92	0.08	0.05	0.063	0.075	0.079	0.047	0.055999999999999994	0.066	0.057	0.055	0.064	0.065	0.1	0.063	0.063	0.09	0.051	0.066	0.08	0.086	0.045	0.055	0.073	0.061	0.055999999999999994	0.06	0.065	0.071	0.067	0.067	0.09300000000000001	0.052000000000000005	0.065	0.075	0.085	0.049	0.055	0.066	0.059000000000000004	0.055	0.059000000000000004	0.057	0.07	0.065	0.065
4.18	0.086	0.05	0.065	0.078	0.084	0.047	0.059000000000000004	0.07	0.057999999999999996	0.055999999999999994	0.069	0.066	0.115	0.065	0.066	0.099	0.052000000000000005	0.066	0.083	0.09300000000000001	0.057999999999999996	0.055999999999999994	0.079	0.063	0.057999999999999996	0.062	0.068	0.075	0.07	0.068	0.098	0.051	0.068	0.077	0.092	0.055	0.055	0.071	0.059000000000000004	0.057	0.061	0.057999999999999996	0.09699999999999999	0.068	0.068
4.45	0.094	0.048	0.067	0.079	0.08900000000000001	0.048	0.055	0.076	0.059000000000000004	0.059000000000000004	0.066	0.068	0.079	0.069	0.07	0.115	0.052000000000000005	0.07	0.084	0.10099999999999999	0.045	0.055999999999999994	0.085	0.065	0.059000000000000004	0.064	0.07200000000000001	0.08199999999999999	0.075	0.07200000000000001	0.109	0.052000000000000005	0.07	0.081	0.098	0.049	0.055999999999999994	0.076	0.06	0.057999999999999996	0.064	0.063	0.079	0.07200000000000001	0.07200000000000001
4.7	0.10800000000000001	0.049	0.069	0.081	0.092	0.044000000000000004	0.055	0.083	0.059000000000000004	0.06	0.069	0.071	0.106	0.07400000000000001	0.07400000000000001	0.13	0.05	0.07200000000000001	0.086	0.107	0.07	0.055999999999999994	0.092	0.067	0.061	0.069	0.078	0.08900000000000001	0.08	0.08	0.124	0.049	0.073	0.083	0.106	0.047	0.055	0.08199999999999999	0.061	0.06	0.066	0.067	0.086	0.076	0.077
4.97	0.11800000000000001	0.064	0.07200000000000001	0.083	0.096	0.046	0.055	0.086	0.06	0.061	0.085	0.07400000000000001	0.168	0.084	0.08800000000000001	0.149	0.054000000000000006	0.075	0.087	0.115	0.052000000000000005	0.055999999999999994	0.099	0.07	0.063	0.07400000000000001	0.092	0.098	0.085	0.081	0.14	0.052000000000000005	0.077	0.08199999999999999	0.115	0.048	0.055	0.09	0.062	0.062	0.068	0.064	0.106	0.081	0.081
5.23	0.133	0.054000000000000006	0.075	0.079	0.109	0.046	0.054000000000000006	0.10099999999999999	0.062	0.062	0.083	0.078	0.192	0.083	0.084	0.17300000000000001	0.054000000000000006	0.079	0.086	0.125	0.051	0.066	0.10800000000000001	0.073	0.065	0.08	0.086	0.19	0.095	0.08800000000000001	0.156	0.054000000000000006	0.081	0.081	0.126	0.05	0.055	0.099	0.064	0.064	0.073	0.073	0.11	0.08800000000000001	0.087
5.48	0.15	0.055999999999999994	0.079	0.078	0.10800000000000001	0.049	0.054000000000000006	0.11599999999999999	0.063	0.069	0.083	0.084	0.165	0.08900000000000001	0.10300000000000001	0.201	0.049	0.084	0.087	0.13699999999999998	0.048	0.055999999999999994	0.141	0.077	0.067	0.081	0.096	0.20600000000000002	0.105	0.14400000000000002	0.18	0.054000000000000006	0.086	0.08	0.134	0.049	0.055	0.109	0.066	0.066	0.077	0.071	0.125	0.096	0.09699999999999999
5.75	0.175	0.051	0.085	0.081	0.11699999999999999	0.047	0.055	0.109	0.065	0.067	0.111	0.09	0.203	0.11599999999999999	0.142	0.221	0.055999999999999994	0.09	0.08900000000000001	0.152	0.159	0.055999999999999994	0.136	0.08199999999999999	0.07	0.08900000000000001	0.106	0.14400000000000002	0.122	0.107	0.20800000000000002	0.053	0.091	0.091	0.146	0.048	0.055	0.309	0.068	0.069	0.084	0.076	0.163	0.106	0.109
6.02	0.19699999999999998	0.053	0.087	0.086	0.13	0.052000000000000005	0.055	0.122	0.066	0.07	0.129	0.09699999999999999	0.14800000000000002	0.133	0.138	0.259	0.057	0.09699999999999999	0.096	0.162	0.057	0.055999999999999994	0.466	0.087	0.073	0.098	0.11800000000000001	0.161	0.182	0.11900000000000001	0.23199999999999998	0.055	0.099	0.08900000000000001	0.162	0.05	0.055	0.136	0.07	0.071	0.091	0.083	0.162	0.11699999999999999	0.122
6.28	0.22	0.059000000000000004	0.092	0.09699999999999999	0.138	0.048	0.055	0.136	0.068	0.073	0.14800000000000002	0.10800000000000001	0.16699999999999998	0.121	0.168	0.266	0.061	0.105	0.11599999999999999	0.17600000000000002	0.05	0.055999999999999994	0.365	0.091	0.077	0.109	0.132	0.18	0.154	0.135	0.26	0.057999999999999996	0.107	0.102	0.171	0.047	0.055	0.152	0.07200000000000001	0.075	0.105	0.09	0.18600000000000003	0.131	0.14
6.53	0.23399999999999999	0.059000000000000004	0.102	0.129	0.153	0.047	0.055	0.155	0.07	0.079	0.145	0.125	0.185	0.13699999999999998	0.226	0.289	0.068	0.115	0.139	0.19699999999999998	0.049	0.055999999999999994	0.19	0.09699999999999999	0.084	0.126	0.152	0.20600000000000002	0.172	0.154	0.28600000000000003	0.064	0.11800000000000001	0.126	0.191	0.053	0.055	0.175	0.075	0.08	0.114	0.10099999999999999	0.218	0.14800000000000002	0.16
6.8	0.263	0.06	0.11	0.124	0.16699999999999998	0.051	0.055999999999999994	0.16899999999999998	0.07200000000000001	0.084	0.156	0.134	0.205	0.165	0.168	0.321	0.07	0.127	0.16	0.217	0.094	0.055999999999999994	0.226	0.10400000000000001	0.08900000000000001	0.141	0.171	0.231	0.18600000000000003	0.17300000000000001	0.312	0.069	0.131	0.146	0.212	0.053	0.055	0.195	0.078	0.086	0.128	0.113	0.243	0.166	0.175
7.07	0.27399999999999997	0.065	0.122	0.149	0.185	0.049	0.055	0.184	0.076	0.091	0.172	0.153	0.23199999999999998	0.183	0.187	0.327	0.07400000000000001	0.14300000000000002	0.18899999999999997	0.242	0.052000000000000005	0.057	0.23800000000000002	0.111	0.1	0.162	0.18899999999999997	0.257	0.21	0.19	0.332	0.071	0.14400000000000002	0.16899999999999998	0.24100000000000002	0.066	0.059000000000000004	0.221	0.081	0.096	0.145	0.127	0.266	0.18100000000000002	0.195
7.32	0.292	0.068	0.136	0.168	0.21	0.054000000000000006	0.055	0.205	0.079	0.10300000000000001	0.20199999999999999	0.174	0.257	0.185	0.196	0.344	0.08	0.159	0.21600000000000003	0.27	0.051	0.057999999999999996	0.263	0.12	0.11199999999999999	0.179	0.21100000000000002	0.282	0.235	0.214	0.34700000000000003	0.076	0.159	0.19399999999999998	0.26	0.179	0.055999999999999994	0.242	0.086	0.107	0.165	0.145	0.289	0.201	0.221
7.58	0.305	0.07400000000000001	0.155	0.191	0.23	0.06	0.057999999999999996	0.226	0.084	0.113	0.21600000000000003	0.19	0.281	0.21100000000000002	0.221	0.361	0.087	0.174	0.247	0.294	0.054000000000000006	0.057	0.287	0.13	0.125	0.2	0.235	0.306	0.258	0.237	0.36	0.084	0.174	0.222	0.292	0.059000000000000004	0.055999999999999994	0.261	0.092	0.12	0.182	0.163	0.311	0.222	0.24
7.85	0.317	0.08	0.17	0.21600000000000003	0.254	0.06	0.055	0.247	0.08900000000000001	0.128	0.242	0.21100000000000002	0.306	0.23199999999999998	0.247	0.365	0.096	0.18899999999999997	0.28	0.317	0.055	0.057	0.299	0.142	0.14300000000000002	0.228	0.263	0.327	0.27699999999999997	0.264	0.371	0.09300000000000001	0.192	0.255	0.313	0.214	0.055999999999999994	0.276	0.099	0.136	0.201	0.18100000000000002	0.32299999999999995	0.24600000000000002	0.262
8.12	0.335	0.085	0.19	0.25	0.275	0.059000000000000004	0.055999999999999994	0.272	0.099	0.14800000000000002	0.26899999999999996	0.24	0.331	0.261	0.27399999999999997	0.384	0.106	0.213	0.318	0.34299999999999997	0.06	0.057999999999999996	0.32	0.158	0.165	0.258	0.292	0.342	0.305	0.29	0.38299999999999995	0.102	0.21600000000000003	0.29100000000000004	0.336	0.057999999999999996	0.055999999999999994	0.29600000000000004	0.10800000000000001	0.156	0.22699999999999998	0.203	0.331	0.27	0.28800000000000003
8.37	0.354	0.096	0.2	0.27899999999999997	0.293	0.063	0.057	0.289	0.105	0.168	0.294	0.271	0.34600000000000003	0.287	0.301	0.397	0.11900000000000001	0.22899999999999998	0.34600000000000003	0.363	0.065	0.059000000000000004	0.35200000000000004	0.175	0.187	0.282	0.322	0.34700000000000003	0.32799999999999996	0.316	0.397	0.11599999999999999	0.235	0.32299999999999995	0.35700000000000004	0.07	0.057	0.313	0.11800000000000001	0.17800000000000002	0.254	0.226	0.331	0.293	0.307
8.63	0.349	0.105	0.214	0.305	0.314	0.106	0.057	0.301	0.115	0.187	0.317	0.29100000000000004	0.34700000000000003	0.32	0.34600000000000003	0.41100000000000003	0.134	0.247	0.374	0.38	0.08900000000000001	0.059000000000000004	0.35	0.203	0.20600000000000002	0.307	0.348	0.34299999999999997	0.34	0.33299999999999996	0.405	0.129	0.25	0.34700000000000003	0.376	0.071	0.057	0.32799999999999996	0.129	0.198	0.276	0.251	0.327	0.315	0.32299999999999995
8.9	0.35700000000000004	0.113	0.247	0.331	0.331	0.07200000000000001	0.057999999999999996	0.317	0.128	0.20600000000000002	0.341	0.319	0.348	0.335	0.33799999999999997	0.423	0.142	0.268	0.408	0.39299999999999996	0.10099999999999999	0.06	0.369	0.209	0.22899999999999998	0.335	0.375	0.341	0.35100000000000003	0.34700000000000003	0.42	0.14300000000000002	0.266	0.379	0.38799999999999996	0.092	0.057	0.34299999999999997	0.141	0.21899999999999997	0.304	0.275	0.326	0.33799999999999997	0.332
9.15	0.373	0.131	0.247	0.36200000000000004	0.34600000000000003	0.091	0.059000000000000004	0.33299999999999996	0.14300000000000002	0.23199999999999998	0.396	0.354	0.349	0.35600000000000004	0.34700000000000003	0.441	0.157	0.285	0.43799999999999994	0.41	0.07200000000000001	0.061	0.384	0.233	0.257	0.355	0.397	0.34	0.355	0.349	0.434	0.157	0.282	0.409	0.406	0.08199999999999999	0.057999999999999996	0.365	0.156	0.243	0.32899999999999996	0.302	0.32799999999999996	0.354	0.332
9.42	0.384	0.14300000000000002	0.262	0.397	0.35600000000000004	0.196	0.061	0.348	0.155	0.263	0.408	0.382	0.34700000000000003	0.37	0.348	0.46299999999999997	0.172	0.297	0.47	0.43	0.314	0.062	0.40299999999999997	0.258	0.289	0.373	0.418	0.341	0.36	0.34700000000000003	0.45399999999999996	0.17	0.298	0.44	0.424	0.135	0.057999999999999996	0.382	0.172	0.273	0.353	0.331	0.32899999999999996	0.364	0.331
9.68	0.402	0.154	0.281	0.429	0.364	0.099	0.061	0.365	0.171	0.294	0.386	0.41	0.34600000000000003	0.37799999999999995	0.344	0.48200000000000004	0.193	0.311	0.502	0.45	0.096	0.063	0.426	0.282	0.318	0.384	0.43200000000000005	0.34299999999999997	0.365	0.34299999999999997	0.473	0.19	0.315	0.47100000000000003	0.44299999999999995	0.125	0.06	0.401	0.18899999999999997	0.303	0.37	0.361	0.332	0.368	0.32899999999999996
9.93	0.409	0.17300000000000001	0.28	0.45899999999999996	0.37200000000000005	0.1	0.069	0.38	0.187	0.32	0.39299999999999996	0.43	0.34700000000000003	0.382	0.344	0.504	0.209	0.33	0.531	0.474	0.107	0.065	0.447	0.312	0.34600000000000003	0.39	0.445	0.342	0.371	0.342	0.493	0.213	0.331	0.502	0.467	0.14400000000000002	0.06	0.423	0.203	0.331	0.379	0.386	0.33399999999999996	0.374	0.33
10.2	0.426	0.191	0.306	0.49700000000000005	0.401	0.114	0.065	0.402	0.201	0.35200000000000004	0.40700000000000003	0.449	0.349	0.386	0.34600000000000003	0.526	0.228	0.349	0.552	0.508	0.113	0.067	0.47200000000000003	0.33799999999999997	0.36700000000000005	0.39899999999999997	0.461	0.344	0.376	0.344	0.509	0.23199999999999998	0.35200000000000004	0.527	0.494	0.139	0.062	0.44799999999999995	0.22399999999999998	0.35600000000000004	0.38799999999999996	0.406	0.33399999999999996	0.379	0.331
10.47	0.44	0.20600000000000002	0.326	0.525	0.42100000000000004	0.129	0.069	0.42200000000000004	0.222	0.374	0.42200000000000004	0.461	0.35200000000000004	0.39399999999999996	0.348	0.5489999999999999	0.24600000000000002	0.37200000000000005	0.563	0.5479999999999999	0.20199999999999999	0.07	0.498	0.36700000000000005	0.386	0.409	0.478	0.34600000000000003	0.384	0.34600000000000003	0.531	0.249	0.375	0.539	0.532	0.24100000000000002	0.064	0.47	0.24600000000000002	0.379	0.395	0.423	0.335	0.38299999999999995	0.33399999999999996
10.73	0.457	0.221	0.34600000000000003	0.537	0.44799999999999995	0.136	0.069	0.442	0.242	0.39399999999999996	0.46799999999999997	0.475	0.35100000000000003	0.39799999999999996	0.348	0.578	0.258	0.39399999999999996	0.581	0.574	0.35100000000000003	0.07200000000000001	0.514	0.391	0.401	0.419	0.49700000000000005	0.34700000000000003	0.38799999999999996	0.34600000000000003	0.5539999999999999	0.261	0.396	0.56	0.568	0.153	0.066	0.486	0.26899999999999996	0.39399999999999996	0.405	0.436	0.336	0.38799999999999996	0.335
10.98	0.47700000000000004	0.23199999999999998	0.36200000000000004	0.5529999999999999	0.48100000000000004	0.16399999999999998	0.07200000000000001	0.465	0.267	0.408	0.456	0.495	0.353	0.406	0.35	0.617	0.27	0.413	0.598	0.6	0.168	0.076	0.5379999999999999	0.41600000000000004	0.406	0.429	0.517	0.348	0.39299999999999996	0.34700000000000003	0.579	0.27399999999999997	0.413	0.5720000000000001	0.5870000000000001	0.217	0.068	0.512	0.29100000000000004	0.406	0.41700000000000004	0.45	0.33899999999999997	0.39299999999999996	0.336
11.25	0.5	0.24	0.375	0.568	0.515	0.17300000000000001	0.076	0.49	0.29	0.415	0.457	0.512	0.35600000000000004	0.413	0.35200000000000004	0.6409999999999999	0.28300000000000003	0.433	0.614	0.62	0.198	0.08	0.565	0.441	0.413	0.444	0.539	0.35	0.401	0.349	0.61	0.28600000000000003	0.431	0.595	0.611	0.425	0.07	0.536	0.313	0.41200000000000003	0.425	0.466	0.34	0.39899999999999997	0.33799999999999997
11.52	0.525	0.26	0.392	0.591	0.539	0.195	0.081	0.505	0.321	0.424	0.485	0.536	0.358	0.42100000000000004	0.355	0.6579999999999999	0.29600000000000004	0.45299999999999996	0.637	0.639	0.2	0.085	0.5870000000000001	0.467	0.423	0.45799999999999996	0.5539999999999999	0.35200000000000004	0.408	0.35	0.631	0.298	0.449	0.609	0.633	0.253	0.07400000000000001	0.5589999999999999	0.336	0.42	0.441	0.484	0.342	0.406	0.34
11.77	0.564	0.27	0.423	0.614	0.574	0.215	0.085	0.534	0.354	0.43799999999999994	0.498	0.5660000000000001	0.364	0.433	0.36200000000000004	0.6729999999999999	0.31	0.48100000000000004	0.648	0.667	0.376	0.091	0.618	0.495	0.434	0.478	0.5760000000000001	0.358	0.418	0.354	0.654	0.312	0.473	0.625	0.652	0.535	0.079	0.585	0.363	0.43	0.455	0.507	0.349	0.414	0.344
12.03	0.578	0.276	0.42700000000000005	0.621	0.5820000000000001	0.381	0.091	0.5539999999999999	0.377	0.442	0.513	0.5760000000000001	0.363	0.434	0.358	0.6779999999999999	0.318	0.496	0.6629999999999999	0.672	0.285	0.1	0.639	0.519	0.444	0.523	0.597	0.36	0.42700000000000005	0.353	0.665	0.322	0.491	0.632	0.6659999999999999	0.327	0.083	0.609	0.38	0.439	0.473	0.525	0.35200000000000004	0.423	0.34299999999999997
12.3	0.586	0.292	0.446	0.634	0.602	0.284	0.096	0.573	0.40299999999999997	0.45399999999999996	0.525	0.596	0.36700000000000005	0.444	0.36	0.688	0.331	0.52	0.67	0.68	0.257	0.10300000000000001	0.664	0.547	0.457	0.517	0.622	0.366	0.43700000000000006	0.35600000000000004	0.68	0.33299999999999996	0.514	0.652	0.68	0.33399999999999996	0.08800000000000001	0.635	0.402	0.449	0.494	0.544	0.35700000000000004	0.43200000000000005	0.34600000000000003
12.57	0.601	0.301	0.467	0.6459999999999999	0.619	0.272	0.10099999999999999	0.597	0.42700000000000005	0.465	0.54	0.616	0.373	0.452	0.36200000000000004	0.6920000000000001	0.344	0.534	0.68	0.69	0.28300000000000003	0.11	0.6920000000000001	0.573	0.475	0.53	0.6459999999999999	0.373	0.44799999999999995	0.359	0.6829999999999999	0.34299999999999997	0.526	0.6659999999999999	0.688	0.32299999999999995	0.094	0.6609999999999999	0.424	0.466	0.512	0.561	0.363	0.442	0.35
12.82	0.609	0.307	0.484	0.664	0.631	0.287	0.10800000000000001	0.623	0.44799999999999995	0.483	0.5589999999999999	0.64	0.38	0.465	0.366	0.69	0.35200000000000004	0.551	0.688	0.6970000000000001	0.298	0.12	0.7170000000000001	0.597	0.49700000000000005	0.551	0.6729999999999999	0.381	0.46399999999999997	0.36200000000000004	0.687	0.35200000000000004	0.5429999999999999	0.674	0.696	0.344	0.1	0.688	0.445	0.48700000000000004	0.525	0.5820000000000001	0.37	0.457	0.355
13.08	0.622	0.318	0.499	0.675	0.644	0.37	0.11599999999999999	0.649	0.47200000000000003	0.506	0.585	0.665	0.387	0.479	0.371	0.69	0.359	0.5670000000000001	0.693	0.705	0.409	0.129	0.735	0.611	0.519	0.575	0.6970000000000001	0.39	0.478	0.36700000000000005	0.684	0.36	0.557	0.672	0.7040000000000001	0.465	0.107	0.708	0.465	0.509	0.5479999999999999	0.604	0.37799999999999995	0.47	0.361
13.35	0.626	0.326	0.517	0.679	0.6559999999999999	0.509	0.125	0.6729999999999999	0.498	0.529	0.606	0.6920000000000001	0.396	0.496	0.377	0.687	0.368	0.581	0.701	0.713	0.355	0.141	0.745	0.634	0.527	0.595	0.721	0.397	0.493	0.374	0.68	0.368	0.569	0.684	0.7120000000000001	0.364	0.114	0.7190000000000001	0.49200000000000005	0.53	0.565	0.629	0.386	0.48700000000000004	0.36700000000000005
13.6	0.627	0.33299999999999996	0.53	0.687	0.6659999999999999	0.34299999999999997	0.13699999999999998	0.6970000000000001	0.523	0.54	0.623	0.7190000000000001	0.405	0.51	0.382	0.6829999999999999	0.374	0.593	0.7020000000000001	0.718	0.456	0.153	0.757	0.655	0.539	0.625	0.7440000000000001	0.405	0.508	0.37799999999999995	0.6779999999999999	0.373	0.579	0.6859999999999999	0.7190000000000001	0.523	0.12300000000000001	0.726	0.514	0.539	0.5870000000000001	0.6559999999999999	0.39299999999999996	0.504	0.374
13.87	0.627	0.33799999999999997	0.545	0.688	0.677	0.4	0.149	0.718	0.5489999999999999	0.551	0.6409999999999999	0.74	0.414	0.527	0.38799999999999996	0.6809999999999999	0.384	0.601	0.706	0.723	0.361	0.168	0.77	0.68	0.5489999999999999	0.638	0.764	0.41600000000000004	0.522	0.385	0.674	0.376	0.586	0.69	0.7240000000000001	0.397	0.132	0.74	0.54	0.551	0.605	0.682	0.4	0.518	0.382
14.13	0.635	0.35200000000000004	0.564	0.7090000000000001	0.693	0.368	0.166	0.733	0.58	0.565	0.6659999999999999	0.768	0.426	0.5479999999999999	0.4	0.684	0.39899999999999997	0.614	0.716	0.7340000000000001	0.389	0.187	0.787	0.706	0.562	0.653	0.782	0.425	0.537	0.39399999999999996	0.674	0.385	0.599	0.698	0.731	0.455	0.146	0.753	0.5670000000000001	0.5660000000000001	0.63	0.7090000000000001	0.41	0.534	0.392
14.4	0.63	0.348	0.562	0.703	0.69	0.401	0.17800000000000002	0.735	0.601	0.573	0.6729999999999999	0.785	0.434	0.561	0.40299999999999997	0.6759999999999999	0.397	0.616	0.711	0.735	0.521	0.2	0.794	0.722	0.5720000000000001	0.669	0.792	0.433	0.545	0.39799999999999996	0.67	0.391	0.601	0.6920000000000001	0.733	0.574	0.156	0.768	0.5770000000000001	0.575	0.645	0.731	0.414	0.545	0.397
14.65	0.635	0.36200000000000004	0.585	0.715	0.7040000000000001	0.418	0.19699999999999998	0.754	0.62	0.5870000000000001	0.6920000000000001	0.8059999999999999	0.446	0.578	0.414	0.684	0.41	0.63	0.7240000000000001	0.747	0.667	0.221	0.807	0.746	0.589	0.685	0.804	0.44	0.5589999999999999	0.40700000000000003	0.674	0.39799999999999996	0.615	0.7040000000000001	0.7440000000000001	0.741	0.174	0.779	0.604	0.591	0.6609999999999999	0.757	0.425	0.5589999999999999	0.406
14.92	0.631	0.36200000000000004	0.5820000000000001	0.705	0.703	0.43200000000000005	0.21100000000000002	0.758	0.638	0.599	0.7020000000000001	0.813	0.449	0.586	0.41700000000000004	0.682	0.406	0.633	0.718	0.7490000000000001	0.653	0.24100000000000002	0.816	0.763	0.607	0.696	0.809	0.446	0.565	0.41100000000000003	0.67	0.402	0.619	0.6990000000000001	0.747	0.5489999999999999	0.187	0.7829999999999999	0.62	0.607	0.6829999999999999	0.772	0.42700000000000005	0.569	0.41
15.18	0.629	0.365	0.5920000000000001	0.7070000000000001	0.7070000000000001	0.444	0.231	0.7659999999999999	0.6609999999999999	0.616	0.7070000000000001	0.8240000000000001	0.457	0.593	0.42100000000000004	0.6829999999999999	0.413	0.643	0.725	0.755	0.441	0.259	0.8170000000000001	0.7809999999999999	0.625	0.7070000000000001	0.818	0.451	0.575	0.41700000000000004	0.674	0.41	0.63	0.701	0.754	0.61	0.201	0.7959999999999999	0.642	0.629	0.6890000000000001	0.789	0.433	0.5820000000000001	0.41700000000000004
15.43	0.63	0.375	0.601	0.7070000000000001	0.7140000000000001	0.456	0.251	0.773	0.685	0.636	0.7120000000000001	0.833	0.46399999999999997	0.604	0.43	0.688	0.418	0.655	0.7240000000000001	0.763	0.47600000000000003	0.28300000000000003	0.8170000000000001	0.7959999999999999	0.645	0.7140000000000001	0.8170000000000001	0.45899999999999996	0.5870000000000001	0.423	0.677	0.414	0.639	0.7070000000000001	0.762	0.598	0.22	0.799	0.6629999999999999	0.648	0.6990000000000001	0.799	0.43799999999999994	0.59	0.42200000000000004
15.7	0.634	0.37799999999999995	0.613	0.7120000000000001	0.7240000000000001	0.6779999999999999	0.27699999999999997	0.778	0.706	0.6559999999999999	0.7190000000000001	0.836	0.47200000000000003	0.613	0.433	0.693	0.42200000000000004	0.6659999999999999	0.7340000000000001	0.772	0.456	0.305	0.8270000000000001	0.8079999999999999	0.664	0.7170000000000001	0.8140000000000001	0.46299999999999997	0.594	0.43	0.6809999999999999	0.42200000000000004	0.6509999999999999	0.706	0.769	0.474	0.24	0.8009999999999999	0.679	0.669	0.715	0.81	0.44299999999999995	0.601	0.428
15.97	0.639	0.38	0.625	0.713	0.731	0.488	0.301	0.787	0.7240000000000001	0.6759999999999999	0.733	0.8390000000000001	0.478	0.624	0.442	0.701	0.43	0.6809999999999999	0.737	0.7809999999999999	0.581	0.331	0.826	0.818	0.684	0.73	0.816	0.47100000000000003	0.604	0.436	0.687	0.429	0.6629999999999999	0.7070000000000001	0.778	0.514	0.258	0.8029999999999999	0.6990000000000001	0.69	0.713	0.8190000000000001	0.44799999999999995	0.608	0.434
16.22	0.645	0.385	0.637	0.7140000000000001	0.741	0.517	0.32899999999999996	0.7959999999999999	0.742	0.696	0.721	0.8370000000000001	0.484	0.632	0.44799999999999995	0.7070000000000001	0.436	0.693	0.743	0.7859999999999999	0.643	0.358	0.821	0.8270000000000001	0.703	0.7340000000000001	0.8140000000000001	0.475	0.614	0.442	0.693	0.434	0.6759999999999999	0.711	0.785	0.639	0.282	0.804	0.716	0.711	0.727	0.82	0.45399999999999996	0.615	0.439
16.48	0.65	0.39	0.649	0.7170000000000001	0.747	0.562	0.396	0.789	0.76	0.713	0.7290000000000001	0.8340000000000001	0.489	0.638	0.452	0.713	0.44299999999999995	0.706	0.747	0.79	0.5529999999999999	0.386	0.826	0.8340000000000001	0.723	0.7290000000000001	0.8079999999999999	0.48100000000000004	0.62	0.447	0.698	0.441	0.688	0.723	0.792	0.519	0.306	0.805	0.735	0.73	0.718	0.821	0.45899999999999996	0.627	0.444
16.75	0.655	0.39399999999999996	0.6609999999999999	0.7190000000000001	0.7559999999999999	0.526	0.386	0.7979999999999999	0.778	0.7340000000000001	0.737	0.8320000000000001	0.496	0.645	0.45899999999999996	0.721	0.44799999999999995	0.715	0.754	0.797	0.88	0.41200000000000003	0.825	0.8420000000000001	0.745	0.728	0.807	0.486	0.628	0.45299999999999996	0.7040000000000001	0.447	0.7	0.726	0.7979999999999999	0.561	0.332	0.8029999999999999	0.75	0.7509999999999999	0.72	0.821	0.462	0.634	0.44799999999999995
17.02	0.66	0.396	0.675	0.718	0.76	0.5579999999999999	0.415	0.7979999999999999	0.7909999999999999	0.754	0.7240000000000001	0.828	0.5	0.655	0.46399999999999997	0.726	0.455	0.726	0.758	0.8009999999999999	0.594	0.44	0.825	0.848	0.765	0.727	0.805	0.49	0.637	0.457	0.71	0.452	0.708	0.73	0.8029999999999999	0.64	0.358	0.805	0.763	0.775	0.72	0.818	0.46399999999999997	0.643	0.452
17.27	0.664	0.40299999999999997	0.684	0.721	0.765	0.635	0.44299999999999995	0.795	0.8029999999999999	0.773	0.723	0.825	0.505	0.662	0.467	0.733	0.461	0.731	0.762	0.805	0.653	0.469	0.826	0.8540000000000001	0.7809999999999999	0.723	0.8029999999999999	0.494	0.644	0.461	0.7170000000000001	0.456	0.7140000000000001	0.735	0.8059999999999999	0.622	0.385	0.8079999999999999	0.7709999999999999	0.795	0.72	0.8170000000000001	0.469	0.649	0.456
17.53	0.6709999999999999	0.40399999999999997	0.688	0.723	0.768	0.703	0.473	0.792	0.818	0.7909999999999999	0.7190000000000001	0.823	0.509	0.669	0.47200000000000003	0.74	0.469	0.737	0.767	0.807	0.565	0.49700000000000005	0.8240000000000001	0.86	0.7959999999999999	0.72	0.8	0.5	0.6509999999999999	0.465	0.722	0.465	0.7190000000000001	0.742	0.81	0.5660000000000001	0.414	0.804	0.78	0.8140000000000001	0.7140000000000001	0.818	0.47200000000000003	0.6579999999999999	0.46
17.8	0.674	0.408	0.6920000000000001	0.741	0.769	0.648	0.524	0.7909999999999999	0.8240000000000001	0.807	0.711	0.8190000000000001	0.512	0.677	0.47600000000000003	0.748	0.473	0.74	0.772	0.8109999999999999	0.6759999999999999	0.521	0.826	0.861	0.81	0.711	0.795	0.5	0.6579999999999999	0.469	0.7290000000000001	0.47	0.723	0.746	0.8140000000000001	0.604	0.442	0.802	0.792	0.828	0.71	0.8109999999999999	0.475	0.665	0.46
18.05	0.682	0.41200000000000003	0.7	0.742	0.774	0.637	0.532	0.7909999999999999	0.836	0.823	0.71	0.8170000000000001	0.516	0.684	0.48	0.757	0.478	0.7490000000000001	0.775	0.8140000000000001	0.621	0.542	0.8220000000000001	0.863	0.8240000000000001	0.706	0.7909999999999999	0.501	0.664	0.47200000000000003	0.737	0.473	0.7290000000000001	0.75	0.815	0.649	0.47	0.8009999999999999	0.7979999999999999	0.841	0.703	0.809	0.47700000000000004	0.67	0.46399999999999997
18.32	0.688	0.415	0.7040000000000001	0.745	0.7759999999999999	0.629	0.551	0.7909999999999999	0.845	0.8390000000000001	0.706	0.815	0.517	0.6920000000000001	0.484	0.763	0.485	0.755	0.779	0.816	0.715	0.564	0.8220000000000001	0.862	0.831	0.7	0.7879999999999999	0.503	0.6659999999999999	0.47700000000000004	0.7440000000000001	0.478	0.7340000000000001	0.753	0.818	0.66	0.5	0.8029999999999999	0.804	0.852	0.6970000000000001	0.809	0.48200000000000004	0.674	0.465
18.58	0.6940000000000001	0.42	0.711	0.752	0.779	0.64	0.586	0.795	0.853	0.847	0.698	0.809	0.515	0.698	0.486	0.7709999999999999	0.48700000000000004	0.763	0.784	0.8190000000000001	0.902	0.585	0.8190000000000001	0.867	0.8370000000000001	0.6920000000000001	0.784	0.503	0.669	0.479	0.752	0.483	0.742	0.7559999999999999	0.821	0.733	0.519	0.8009999999999999	0.8109999999999999	0.862	0.691	0.807	0.485	0.682	0.46799999999999997
18.85	0.7070000000000001	0.43	0.732	0.767	0.7929999999999999	0.7170000000000001	0.607	0.7929999999999999	0.862	0.858	0.6970000000000001	0.8079999999999999	0.521	0.708	0.496	0.784	0.49200000000000005	0.779	0.795	0.83	0.637	0.609	0.8240000000000001	0.871	0.843	0.687	0.778	0.506	0.674	0.485	0.76	0.49	0.755	0.767	0.828	0.935	0.5479999999999999	0.804	0.815	0.8690000000000001	0.688	0.804	0.485	0.6859999999999999	0.47100000000000003
19.1	0.713	0.434	0.7390000000000001	0.772	0.794	0.8240000000000001	0.6709999999999999	0.79	0.865	0.862	0.6890000000000001	0.802	0.521	0.711	0.498	0.7909999999999999	0.496	0.7859999999999999	0.7979999999999999	0.833	0.64	0.628	0.823	0.87	0.846	0.6779999999999999	0.774	0.505	0.674	0.48700000000000004	0.767	0.49200000000000005	0.763	0.769	0.833	0.762	0.568	0.804	0.8240000000000001	0.875	0.6809999999999999	0.805	0.48700000000000004	0.687	0.475
19.37	0.713	0.429	0.7340000000000001	0.7609999999999999	0.784	0.68	0.639	0.7859999999999999	0.863	0.863	0.684	0.795	0.516	0.71	0.493	0.79	0.493	0.7859999999999999	0.794	0.8270000000000001	0.6709999999999999	0.643	0.8220000000000001	0.872	0.848	0.667	0.768	0.505	0.672	0.486	0.7709999999999999	0.491	0.7659999999999999	0.765	0.8290000000000001	0.6920000000000001	0.586	0.802	0.8190000000000001	0.8759999999999999	0.672	0.799	0.483	0.685	0.473
19.63	0.7140000000000001	0.431	0.745	0.764	0.787	0.708	0.657	0.784	0.866	0.866	0.6709999999999999	0.79	0.522	0.711	0.496	0.7979999999999999	0.493	0.7929999999999999	0.7979999999999999	0.8320000000000001	0.83	0.6609999999999999	0.8190000000000001	0.877	0.851	0.6629999999999999	0.759	0.505	0.67	0.488	0.778	0.491	0.772	0.769	0.8340000000000001	0.78	0.609	0.804	0.823	0.879	0.665	0.794	0.483	0.685	0.475
19.88	0.718	0.435	0.75	0.768	0.7879999999999999	0.7020000000000001	0.6759999999999999	0.7809999999999999	0.866	0.868	0.665	0.784	0.516	0.7090000000000001	0.499	0.8029999999999999	0.494	0.8009999999999999	0.8029999999999999	0.8340000000000001	0.76	0.677	0.823	0.878	0.853	0.6559999999999999	0.757	0.51	0.6679999999999999	0.491	0.7829999999999999	0.49200000000000005	0.78	0.774	0.835	0.825	0.629	0.8	0.821	0.8809999999999999	0.6629999999999999	0.789	0.484	0.6809999999999999	0.475
20.15	0.722	0.436	0.759	0.773	0.7909999999999999	0.733	0.7	0.782	0.871	0.87	0.6579999999999999	0.777	0.517	0.708	0.5	0.809	0.49700000000000005	0.8079999999999999	0.8079999999999999	0.8370000000000001	0.7040000000000001	0.691	0.82	0.878	0.8540000000000001	0.649	0.748	0.514	0.665	0.493	0.787	0.491	0.787	0.7759999999999999	0.8370000000000001	0.77	0.6459999999999999	0.8	0.8240000000000001	0.883	0.648	0.785	0.48200000000000004	0.677	0.47600000000000003
20.42	0.725	0.446	0.779	0.7859999999999999	0.804	0.6990000000000001	0.725	0.7809999999999999	0.872	0.872	0.653	0.775	0.523	0.71	0.508	0.821	0.504	0.8220000000000001	0.821	0.847	0.7609999999999999	0.7090000000000001	0.823	0.885	0.858	0.643	0.742	0.522	0.664	0.49700000000000005	0.797	0.496	0.7979999999999999	0.789	0.846	0.7390000000000001	0.6679999999999999	0.8059999999999999	0.8270000000000001	0.888	0.649	0.784	0.488	0.675	0.48100000000000004
20.68	0.726	0.445	0.77	0.777	0.794	0.76	0.726	0.779	0.87	0.872	0.6459999999999999	0.7659999999999999	0.523	0.7	0.503	0.8190000000000001	0.499	0.821	0.821	0.8440000000000001	0.777	0.718	0.821	0.885	0.86	0.632	0.7340000000000001	0.527	0.655	0.495	0.7959999999999999	0.49700000000000005	0.7979999999999999	0.785	0.8440000000000001	0.75	0.6759999999999999	0.8029999999999999	0.823	0.8909999999999999	0.639	0.778	0.48700000000000004	0.669	0.48
20.93	0.725	0.44	0.779	0.78	0.797	0.7490000000000001	0.74	0.78	0.871	0.8759999999999999	0.64	0.758	0.529	0.6970000000000001	0.505	0.826	0.501	0.826	0.8270000000000001	0.848	0.6729999999999999	0.732	0.8170000000000001	0.889	0.8640000000000001	0.626	0.727	0.534	0.65	0.49700000000000005	0.8	0.495	0.802	0.789	0.848	1.208	0.687	0.8029999999999999	0.8240000000000001	0.895	0.631	0.7709999999999999	0.491	0.665	0.48100000000000004
21.2	0.7240000000000001	0.444	0.785	0.7829999999999999	0.8009999999999999	0.7509999999999999	0.748	0.774	0.8690000000000001	0.877	0.634	0.75	0.535	0.6940000000000001	0.506	0.8320000000000001	0.501	0.83	0.831	0.851	0.703	0.746	0.818	0.89	0.868	0.624	0.7170000000000001	0.54	0.6459999999999999	0.498	0.8079999999999999	0.496	0.8059999999999999	0.794	0.852	0.7140000000000001	0.7	0.804	0.828	0.9	0.627	0.768	0.498	0.659	0.48100000000000004
21.47	0.726	0.447	0.79	0.784	0.802	0.813	0.764	0.778	0.871	0.883	0.63	0.74	0.541	0.688	0.506	0.8370000000000001	0.503	0.836	0.836	0.855	1.055	0.757	0.82	0.89	0.871	0.616	0.711	0.546	0.6409999999999999	0.499	0.812	0.496	0.8109999999999999	0.8	0.8540000000000001	0.889	0.715	0.805	0.8240000000000001	0.9059999999999999	0.618	0.762	0.501	0.652	0.48100000000000004
21.72	0.7240000000000001	0.457	0.8059999999999999	0.8009999999999999	0.816	0.73	0.785	0.78	0.873	0.8859999999999999	0.625	0.738	0.5529999999999999	0.687	0.515	0.851	0.51	0.848	0.85	0.867	0.953	0.769	0.8220000000000001	0.8959999999999999	0.8759999999999999	0.613	0.7070000000000001	0.552	0.638	0.504	0.8220000000000001	0.499	0.823	0.8109999999999999	0.863	0.8690000000000001	0.735	0.8009999999999999	0.8290000000000001	0.909	0.615	0.755	0.509	0.649	0.484
21.98	0.7240000000000001	0.45299999999999996	0.797	0.789	0.805	0.8320000000000001	0.787	0.772	0.871	0.89	0.617	0.7240000000000001	0.5529999999999999	0.674	0.509	0.846	0.507	0.847	0.848	0.863	0.723	0.775	0.823	0.897	0.878	0.605	0.698	0.5529999999999999	0.631	0.502	0.821	0.499	0.823	0.8079999999999999	0.861	0.785	0.741	0.804	0.8270000000000001	0.912	0.608	0.748	0.513	0.642	0.48100000000000004
22.25	0.721	0.45	0.804	0.7929999999999999	0.809	0.8540000000000001	0.799	0.775	0.8740000000000001	0.894	0.613	0.7170000000000001	0.557	0.669	0.511	0.851	0.507	0.851	0.8540000000000001	0.865	0.7020000000000001	0.784	0.825	0.899	0.882	0.601	0.691	0.555	0.623	0.504	0.826	0.498	0.825	0.813	0.8640000000000001	0.784	0.75	0.8059999999999999	0.831	0.917	0.604	0.74	0.515	0.632	0.48
22.52	0.72	0.455	0.8109999999999999	0.795	0.813	0.769	0.809	0.777	0.8740000000000001	0.894	0.609	0.7090000000000001	0.56	0.66	0.513	0.857	0.508	0.8540000000000001	0.858	0.8690000000000001	1.051	0.79	0.8240000000000001	0.902	0.883	0.594	0.6829999999999999	0.556	0.616	0.506	0.8290000000000001	0.499	0.8320000000000001	0.8170000000000001	0.8690000000000001	0.755	0.759	0.8109999999999999	0.826	0.92	0.595	0.7340000000000001	0.52	0.627	0.48100000000000004
22.77	0.7170000000000001	0.45299999999999996	0.815	0.797	0.815	0.77	0.8140000000000001	0.775	0.877	0.899	0.603	0.7	0.562	0.653	0.515	0.862	0.51	0.86	0.8640000000000001	0.873	0.728	0.797	0.825	0.903	0.887	0.5920000000000001	0.6759999999999999	0.555	0.61	0.509	0.8340000000000001	0.501	0.8320000000000001	0.821	0.871	0.785	0.7659999999999999	0.812	0.831	0.9259999999999999	0.59	0.728	0.522	0.623	0.483
23.03	0.715	0.45299999999999996	0.818	0.799	0.8170000000000001	0.945	0.8220000000000001	0.774	0.878	0.902	0.595	0.6940000000000001	0.563	0.648	0.519	0.865	0.511	0.8640000000000001	0.871	0.877	0.748	0.8029999999999999	0.8270000000000001	0.904	0.89	0.586	0.667	0.555	0.603	0.513	0.84	0.501	0.8390000000000001	0.825	0.8740000000000001	0.733	0.775	0.8109999999999999	0.835	0.9329999999999999	0.588	0.725	0.525	0.615	0.484
23.3	0.71	0.46	0.8320000000000001	0.813	0.8270000000000001	0.867	0.8340000000000001	0.7709999999999999	0.88	0.905	0.594	0.685	0.564	0.643	0.528	0.877	0.519	0.8759999999999999	0.879	0.887	0.792	0.816	0.8340000000000001	0.9059999999999999	0.895	0.5820000000000001	0.66	0.556	0.599	0.521	0.847	0.504	0.847	0.8370000000000001	0.882	0.981	0.789	0.8109999999999999	0.8340000000000001	0.934	0.585	0.7170000000000001	0.526	0.61	0.488
23.55	0.71	0.455	0.8270000000000001	0.8009999999999999	0.821	0.76	0.8340000000000001	0.774	0.879	0.909	0.593	0.675	0.561	0.634	0.526	0.8740000000000001	0.513	0.873	0.8759999999999999	0.88	0.76	0.818	0.8320000000000001	0.9109999999999999	0.897	0.5770000000000001	0.652	0.552	0.593	0.523	0.847	0.502	0.847	0.831	0.88	0.83	0.79	0.8140000000000001	0.835	0.9359999999999999	0.579	0.7090000000000001	0.526	0.603	0.488
23.82	0.7070000000000001	0.45399999999999996	0.831	0.804	0.8240000000000001	0.7859999999999999	0.8370000000000001	0.778	0.88	0.9129999999999999	0.586	0.665	0.5589999999999999	0.623	0.531	0.8809999999999999	0.514	0.877	0.8809999999999999	0.887	0.9009999999999999	0.8240000000000001	0.8290000000000001	0.9109999999999999	0.902	0.573	0.645	0.5479999999999999	0.586	0.528	0.851	0.503	0.851	0.835	0.882	0.7440000000000001	0.7929999999999999	0.816	0.835	0.94	0.5760000000000001	0.7020000000000001	0.524	0.596	0.49
24.08	0.7040000000000001	0.45299999999999996	0.8340000000000001	0.807	0.828	0.894	0.843	0.772	0.88	0.915	0.583	0.659	0.557	0.617	0.535	0.885	0.516	0.88	0.883	0.889	0.802	0.8290000000000001	0.8370000000000001	0.914	0.904	0.5710000000000001	0.639	0.545	0.579	0.532	0.8540000000000001	0.503	0.8540000000000001	0.835	0.885	0.765	0.8	0.8140000000000001	0.836	0.9440000000000001	0.5710000000000001	0.695	0.521	0.59	0.494
24.35	0.7020000000000001	0.45299999999999996	0.8390000000000001	0.8079999999999999	0.8290000000000001	0.768	0.848	0.777	0.885	0.9179999999999999	0.58	0.649	0.5539999999999999	0.612	0.539	0.889	0.517	0.884	0.888	0.892	0.754	0.836	0.838	0.917	0.907	0.568	0.632	0.542	0.574	0.5379999999999999	0.86	0.505	0.857	0.843	0.89	0.8109999999999999	0.805	0.8170000000000001	0.835	0.9470000000000001	0.5670000000000001	0.688	0.521	0.584	0.495
24.6	0.6990000000000001	0.455	0.8420000000000001	0.809	0.83	0.925	0.852	0.774	0.884	0.9209999999999999	0.578	0.6409999999999999	0.55	0.604	0.544	0.892	0.518	0.887	0.8909999999999999	0.894	0.915	0.84	0.8420000000000001	0.92	0.91	0.562	0.626	0.537	0.5670000000000001	0.54	0.862	0.504	0.861	0.843	0.8909999999999999	0.929	0.8140000000000001	0.8220000000000001	0.838	0.948	0.5720000000000001	0.6779999999999999	0.518	0.5770000000000001	0.49700000000000005
24.87	0.696	0.451	0.845	0.813	0.833	0.7759999999999999	0.8909999999999999	0.775	0.8859999999999999	0.922	0.5720000000000001	0.634	0.5479999999999999	0.597	0.5489999999999999	0.898	0.521	0.893	0.893	0.897	0.74	0.843	0.84	0.9209999999999999	0.9129999999999999	0.5589999999999999	0.619	0.534	0.562	0.544	0.867	0.506	0.8640000000000001	0.845	0.894	0.858	0.8190000000000001	0.8220000000000001	0.8390000000000001	0.9520000000000001	0.5589999999999999	0.675	0.513	0.5710000000000001	0.5
25.13	0.693	0.452	0.8440000000000001	0.812	0.8340000000000001	1.057	0.86	0.773	0.888	0.927	0.5710000000000001	0.626	0.542	0.591	0.552	0.902	0.52	0.894	0.894	0.9	0.84	0.845	0.8440000000000001	0.924	0.917	0.555	0.612	0.529	0.557	0.546	0.871	0.505	0.867	0.848	0.898	0.7609999999999999	0.8240000000000001	0.8270000000000001	0.8390000000000001	0.9540000000000001	0.5579999999999999	0.667	0.512	0.569	0.504
25.38	0.685	0.45799999999999996	0.858	0.826	0.845	0.804	0.867	0.775	0.89	0.932	0.5710000000000001	0.619	0.542	0.5870000000000001	0.561	0.915	0.526	0.909	0.9059999999999999	0.914	0.7559999999999999	0.8540000000000001	0.848	0.9259999999999999	0.9209999999999999	0.5539999999999999	0.606	0.526	0.5529999999999999	0.552	0.879	0.508	0.877	0.86	0.9079999999999999	0.9420000000000001	0.836	0.8270000000000001	0.84	0.9590000000000001	0.551	0.6629999999999999	0.511	0.562	0.511
25.65	0.687	0.455	0.8490000000000001	0.812	0.8390000000000001	0.8759999999999999	0.862	0.775	0.892	0.934	0.563	0.61	0.535	0.579	0.5579999999999999	0.914	0.524	0.902	0.9009999999999999	0.91	0.774	0.8540000000000001	0.846	0.93	0.9259999999999999	0.5489999999999999	0.598	0.522	0.5479999999999999	0.5489999999999999	0.879	0.508	0.873	0.853	0.9059999999999999	0.846	0.83	0.83	0.84	0.96	0.5479999999999999	0.655	0.504	0.557	0.51
25.92	0.6829999999999999	0.451	0.855	0.816	0.84	0.9259999999999999	0.86	0.775	0.894	0.937	0.5589999999999999	0.602	0.529	0.573	0.556	0.917	0.523	0.905	0.902	0.9109999999999999	0.742	0.857	0.851	0.9329999999999999	0.93	0.545	0.5920000000000001	0.516	0.542	0.5489999999999999	0.883	0.507	0.8759999999999999	0.855	0.909	0.945	0.8320000000000001	0.833	0.8420000000000001	0.965	0.545	0.648	0.5	0.5529999999999999	0.509
26.17	0.679	0.45	0.858	0.816	0.843	0.9229999999999999	0.863	0.775	0.8959999999999999	0.941	0.557	0.595	0.525	0.5670000000000001	0.557	0.9209999999999999	0.525	0.9079999999999999	0.905	0.9159999999999999	0.857	0.86	0.85	0.9329999999999999	0.932	0.544	0.586	0.512	0.5379999999999999	0.5489999999999999	0.8859999999999999	0.509	0.879	0.856	0.9129999999999999	0.866	0.8370000000000001	0.83	0.8420000000000001	0.9690000000000001	0.5429999999999999	0.6409999999999999	0.498	0.5479999999999999	0.511
26.43	0.67	0.455	0.865	0.828	0.851	0.884	0.88	0.7759999999999999	0.898	0.9440000000000001	0.652	0.59	0.523	0.565	0.564	0.934	0.532	0.922	0.9159999999999999	0.9279999999999999	0.7909999999999999	0.872	0.855	0.9390000000000001	0.938	0.5379999999999999	0.58	0.509	0.535	0.5489999999999999	0.894	0.511	0.889	0.865	0.92	0.851	0.848	0.838	0.845	0.973	0.54	0.637	0.494	0.546	0.514
26.7	0.669	0.451	0.858	0.8170000000000001	0.845	0.948	0.866	0.7759999999999999	0.902	0.948	0.552	0.5820000000000001	0.515	0.557	0.555	0.929	0.528	0.915	0.909	0.9229999999999999	0.795	0.872	0.853	0.938	0.941	0.536	0.574	0.502	0.53	0.546	0.893	0.507	0.8859999999999999	0.858	0.9179999999999999	0.8079999999999999	0.8440000000000001	0.84	0.8440000000000001	0.976	0.535	0.63	0.489	0.539	0.51
26.97	0.665	0.447	0.862	0.8190000000000001	0.846	0.8740000000000001	0.8690000000000001	0.774	0.9	0.9520000000000001	0.5529999999999999	0.575	0.51	0.5529999999999999	0.5539999999999999	0.9359999999999999	0.53	0.9179999999999999	0.9109999999999999	0.9259999999999999	0.78	0.877	0.856	0.945	0.945	0.537	0.568	0.49700000000000005	0.526	0.5429999999999999	0.898	0.508	0.888	0.8590000000000001	0.922	1.089	0.8490000000000001	0.84	0.8440000000000001	0.977	0.5329999999999999	0.622	0.484	0.534	0.508
27.22	0.659	0.444	0.862	0.82	0.847	0.856	0.8690000000000001	0.777	0.905	0.955	0.547	0.5670000000000001	0.504	0.5489999999999999	0.551	0.9390000000000001	0.53	0.9209999999999999	0.912	0.929	0.7659999999999999	0.879	0.862	0.945	0.9490000000000001	0.529	0.564	0.49200000000000005	0.523	0.539	0.902	0.51	0.889	0.863	0.924	0.8170000000000001	0.8540000000000001	0.8420000000000001	0.845	0.982	0.528	0.62	0.48	0.53	0.507
27.48	0.652	0.44299999999999995	0.863	0.821	0.847	0.8440000000000001	0.875	0.775	0.904	0.96	0.547	0.561	0.499	0.542	0.5489999999999999	0.9440000000000001	0.532	0.9229999999999999	0.9129999999999999	0.9329999999999999	0.826	0.884	0.863	0.945	0.9540000000000001	0.529	0.5579999999999999	0.488	0.519	0.536	0.905	0.511	0.893	0.863	0.927	0.868	0.857	0.8440000000000001	0.843	0.985	0.524	0.616	0.47700000000000004	0.527	0.505
27.75	0.645	0.44299999999999995	0.8640000000000001	0.82	0.85	0.845	0.8759999999999999	0.773	0.9079999999999999	0.963	0.541	0.555	0.495	0.5379999999999999	0.545	0.9470000000000001	0.5329999999999999	0.9259999999999999	0.914	0.934	0.753	0.889	0.865	0.95	0.9570000000000001	0.532	0.552	0.483	0.515	0.532	0.909	0.512	0.8959999999999999	0.863	0.9309999999999999	0.9470000000000001	0.863	0.8490000000000001	0.847	0.991	0.522	0.609	0.47200000000000003	0.523	0.502
28.0	0.638	0.439	0.865	0.8220000000000001	0.852	0.871	0.8809999999999999	0.77	0.909	0.966	0.541	0.5479999999999999	0.488	0.534	0.541	0.95	0.532	0.929	0.914	0.938	0.802	0.892	0.868	0.9540000000000001	0.96	0.524	0.547	0.479	0.511	0.528	0.9129999999999999	0.512	0.897	0.865	0.934	1.067	0.868	0.8490000000000001	0.8440000000000001	0.993	0.52	0.603	0.467	0.518	0.499
28.27	0.631	0.44	0.866	0.821	0.852	0.8590000000000001	0.892	0.7709999999999999	0.912	0.971	0.536	0.5429999999999999	0.485	0.531	0.539	0.958	0.535	0.9309999999999999	0.915	0.9420000000000001	0.758	0.895	0.868	0.956	0.965	0.522	0.542	0.475	0.508	0.526	0.914	0.512	0.899	0.868	0.934	0.85	0.872	0.845	0.8420000000000001	0.9990000000000001	0.516	0.596	0.465	0.514	0.494
28.53	0.622	0.43799999999999994	0.865	0.821	0.852	0.935	0.904	0.767	0.915	0.975	0.535	0.5379999999999999	0.48	0.526	0.534	0.958	0.537	0.935	0.917	0.9440000000000001	0.831	0.898	0.867	0.9590000000000001	0.97	0.518	0.5379999999999999	0.47100000000000003	0.505	0.521	0.917	0.513	0.9	0.865	0.938	0.8079999999999999	0.875	0.853	0.843	0.998	0.512	0.589	0.45899999999999996	0.511	0.49200000000000005
28.8	0.615	0.435	0.865	0.8190000000000001	0.853	1.008	0.8859999999999999	0.768	0.9159999999999999	0.978	0.6970000000000001	0.532	0.475	0.523	0.529	0.963	0.537	0.935	0.9179999999999999	0.948	0.8190000000000001	0.898	0.8740000000000001	0.961	0.9740000000000001	0.517	0.532	0.466	0.502	0.516	0.919	0.513	0.904	0.868	0.941	1.006	0.878	0.855	0.84	1.004	0.509	0.585	0.456	0.509	0.488
29.05	0.608	0.434	0.865	0.821	0.857	0.9159999999999999	0.888	0.767	0.915	0.9840000000000001	0.531	0.527	0.47100000000000003	0.518	0.526	0.966	0.537	0.937	0.9179999999999999	0.95	0.802	0.899	0.873	0.963	0.976	0.513	0.527	0.461	0.5	0.512	0.9209999999999999	0.513	0.904	0.868	0.9440000000000001	0.853	0.88	0.8540000000000001	0.84	1.003	0.507	0.58	0.451	0.506	0.484
29.32	0.606	0.435	0.8690000000000001	0.8290000000000001	0.861	0.82	0.9209999999999999	0.765	0.919	0.991	0.555	0.523	0.46799999999999997	0.518	0.531	0.976	0.5429999999999999	0.95	0.9259999999999999	0.96	0.7979999999999999	0.9059999999999999	0.8809999999999999	0.966	0.982	0.51	0.524	0.45799999999999996	0.498	0.511	0.9259999999999999	0.516	0.914	0.8759999999999999	0.9520000000000001	0.946	0.8909999999999999	0.863	0.84	1.01	0.507	0.574	0.451	0.501	0.483
29.58	0.595	0.43	0.862	0.8190000000000001	0.856	0.941	0.889	0.767	0.9209999999999999	0.99	0.53	0.518	0.46399999999999997	0.512	0.518	0.9690000000000001	0.5379999999999999	0.9420000000000001	0.9179999999999999	0.955	0.8420000000000001	0.903	0.879	0.968	0.9840000000000001	0.51	0.519	0.45399999999999996	0.494	0.504	0.925	0.515	0.9079999999999999	0.8690000000000001	0.948	0.96	0.884	0.86	0.8390000000000001	1.008	0.501	0.569	0.445	0.49700000000000005	0.47700000000000004
29.83	0.588	0.428	0.867	0.821	0.858	0.897	0.89	0.765	0.924	0.995	0.523	0.513	0.45799999999999996	0.507	0.512	0.975	0.54	0.943	0.919	0.958	0.856	0.9059999999999999	0.879	0.9690000000000001	0.9890000000000001	0.505	0.516	0.451	0.491	0.499	0.9279999999999999	0.517	0.91	0.87	0.9520000000000001	0.846	0.8859999999999999	0.862	0.8390000000000001	1.013	0.501	0.565	0.439	0.493	0.473
30.1	0.581	0.426	0.8640000000000001	0.82	0.8590000000000001	0.873	0.89	0.76	0.919	0.997	0.524	0.509	0.455	0.505	0.507	0.977	0.54	0.946	0.92	0.961	0.792	0.9079999999999999	0.8909999999999999	0.975	0.99	0.504	0.51	0.446	0.488	0.496	0.93	0.514	0.9109999999999999	0.87	0.955	0.887	0.887	0.862	0.8390000000000001	1.014	0.495	0.5589999999999999	0.436	0.49	0.469
30.37	0.575	0.423	0.866	0.818	0.86	0.85	0.888	0.7559999999999999	0.924	1.0	0.519	0.504	0.46	0.5	0.503	0.98	0.542	0.948	0.92	0.9640000000000001	0.782	0.9109999999999999	0.887	0.977	0.993	0.503	0.505	0.44299999999999995	0.485	0.491	0.932	0.516	0.9129999999999999	0.87	0.956	0.9620000000000001	0.888	0.866	0.833	1.0190000000000001	0.493	0.552	0.433	0.486	0.466
30.63	0.5720000000000001	0.419	0.861	0.818	0.862	0.8340000000000001	0.889	0.7559999999999999	0.927	1.004	0.516	0.501	0.446	0.499	0.499	0.982	0.54	0.945	0.92	0.966	0.779	0.914	0.894	0.9790000000000001	0.996	0.501	0.503	0.44	0.48200000000000004	0.488	0.934	0.518	0.9129999999999999	0.872	0.96	0.932	0.889	0.868	0.835	1.0190000000000001	0.489	0.551	0.43	0.485	0.462
30.88	0.5660000000000001	0.418	0.8640000000000001	0.8190000000000001	0.863	0.92	0.888	0.755	0.93	1.0070000000000001	0.513	0.496	0.441	0.494	0.495	0.9840000000000001	0.5429999999999999	0.95	0.92	0.971	1.065	0.919	0.895	0.9840000000000001	1.0	0.49700000000000005	0.499	0.435	0.479	0.484	0.9359999999999999	0.517	0.915	0.873	0.963	0.7929999999999999	0.893	0.873	0.8320000000000001	1.021	0.489	0.546	0.42700000000000005	0.48200000000000004	0.45899999999999996
31.15	0.563	0.41600000000000004	0.863	0.8190000000000001	0.8640000000000001	1.036	0.888	0.75	0.929	1.0090000000000001	0.512	0.49200000000000005	0.44	0.49200000000000005	0.49200000000000005	0.988	0.544	0.951	0.922	0.975	0.795	0.919	0.892	0.987	1.002	0.495	0.495	0.433	0.479	0.48	0.938	0.516	0.9179999999999999	0.871	0.966	1.062	0.8959999999999999	0.879	0.83	1.023	0.48700000000000004	0.54	0.424	0.478	0.455
31.42	0.5589999999999999	0.413	0.862	0.8170000000000001	0.863	0.96	0.889	0.7490000000000001	0.932	1.011	0.51	0.489	0.436	0.488	0.486	0.992	0.545	0.9520000000000001	0.919	0.977	0.885	0.922	0.902	0.99	1.004	0.49200000000000005	0.49	0.428	0.475	0.47600000000000003	0.94	0.517	0.919	0.872	0.9690000000000001	1.02	0.897	0.883	0.83	1.026	0.485	0.537	0.42	0.47700000000000004	0.452
31.67	0.555	0.41	0.862	0.8170000000000001	0.8640000000000001	1.023	0.888	0.745	0.932	1.014	0.511	0.486	0.433	0.48700000000000004	0.483	0.995	0.546	0.953	0.9209999999999999	0.981	0.7829999999999999	0.925	0.898	0.99	1.0070000000000001	0.491	0.48700000000000004	0.426	0.474	0.47200000000000003	0.9420000000000001	0.517	0.92	0.873	0.971	1.0090000000000001	0.9009999999999999	0.882	0.821	1.028	0.478	0.531	0.41600000000000004	0.473	0.449
31.93	0.55	0.409	0.861	0.815	0.866	0.912	0.889	0.742	0.9359999999999999	1.015	0.507	0.48200000000000004	0.436	0.484	0.479	0.9990000000000001	0.5479999999999999	0.955	0.9229999999999999	0.985	0.917	0.9279999999999999	0.9	0.995	1.01	0.489	0.484	0.424	0.47200000000000003	0.47	0.945	0.518	0.92	0.872	0.9740000000000001	0.93	0.904	0.885	0.8220000000000001	1.028	0.47700000000000004	0.529	0.413	0.47	0.444
32.2	0.5479999999999999	0.40700000000000003	0.861	0.813	0.868	0.9259999999999999	0.89	0.738	0.937	1.0170000000000001	0.504	0.479	0.426	0.48100000000000004	0.47600000000000003	1.0	0.5479999999999999	0.9590000000000001	0.9229999999999999	0.986	0.795	0.9309999999999999	0.9059999999999999	0.998	1.012	0.48700000000000004	0.48	0.42	0.469	0.466	0.945	0.519	0.922	0.87	0.978	1.058	0.907	0.888	0.816	1.025	0.47600000000000003	0.524	0.41100000000000003	0.46799999999999997	0.442
32.47	0.544	0.406	0.862	0.8140000000000001	0.867	0.912	0.8909999999999999	0.735	0.94	1.021	0.503	0.47700000000000004	0.42200000000000004	0.479	0.473	1.005	0.5479999999999999	0.9570000000000001	0.922	0.99	0.797	0.934	0.907	0.998	1.013	0.485	0.47700000000000004	0.41700000000000004	0.467	0.461	0.948	0.521	0.922	0.872	0.98	1.061	0.91	0.893	0.813	1.0290000000000001	0.47100000000000003	0.521	0.40700000000000003	0.466	0.439
32.72	0.541	0.405	0.86	0.81	0.868	0.9009999999999999	0.8909999999999999	0.736	0.9390000000000001	1.022	0.5	0.473	0.42	0.475	0.467	1.006	0.547	0.958	0.922	0.991	1.064	0.9359999999999999	0.914	1.002	1.015	0.484	0.475	0.414	0.465	0.45799999999999996	0.9490000000000001	0.52	0.924	0.872	0.981	1.004	0.9129999999999999	0.894	0.81	1.03	0.47	0.515	0.40399999999999997	0.462	0.435
32.98	0.539	0.401	0.86	0.81	0.8690000000000001	0.932	0.8909999999999999	0.7290000000000001	0.937	1.025	0.498	0.47	0.418	0.473	0.466	1.012	0.55	0.961	0.9229999999999999	0.995	0.868	0.938	0.9229999999999999	1.0070000000000001	1.0190000000000001	0.48200000000000004	0.47	0.41200000000000003	0.46299999999999997	0.456	0.9520000000000001	0.52	0.924	0.872	0.985	0.889	0.9129999999999999	0.898	0.8009999999999999	1.032	0.466	0.511	0.401	0.45899999999999996	0.433
33.25	0.536	0.401	0.8590000000000001	0.81	0.871	0.99	0.8909999999999999	0.73	0.9440000000000001	1.026	0.498	0.469	0.414	0.47100000000000003	0.461	1.014	0.552	0.961	0.924	0.998	0.805	0.943	0.919	1.008	1.0190000000000001	0.48	0.46799999999999997	0.409	0.461	0.45299999999999996	0.953	0.521	0.9229999999999999	0.87	0.9890000000000001	0.998	0.9159999999999999	0.9009999999999999	0.799	1.03	0.462	0.509	0.39899999999999997	0.456	0.429
33.5	0.5329999999999999	0.39899999999999997	0.8590000000000001	0.8079999999999999	0.871	0.902	0.892	0.726	0.946	1.0290000000000001	0.495	0.466	0.41100000000000003	0.469	0.457	1.016	0.551	0.961	0.924	1.002	0.9329999999999999	0.943	0.924	1.016	1.022	0.478	0.467	0.406	0.45799999999999996	0.45	0.9540000000000001	0.52	0.927	0.873	0.991	1.071	0.919	0.902	0.797	1.034	0.46299999999999997	0.505	0.396	0.456	0.42700000000000005
33.77	0.532	0.397	0.8590000000000001	0.8079999999999999	0.87	0.86	0.89	0.722	0.9470000000000001	1.03	0.493	0.461	0.42	0.466	0.45399999999999996	1.018	0.552	0.9640000000000001	0.925	1.006	0.914	0.945	0.9259999999999999	1.018	1.023	0.475	0.461	0.40399999999999997	0.457	0.447	0.956	0.521	0.9279999999999999	0.872	0.995	0.9179999999999999	0.92	0.9079999999999999	0.7979999999999999	1.033	0.45899999999999996	0.501	0.39299999999999996	0.451	0.424
34.03	0.528	0.396	0.858	0.8059999999999999	0.872	1.085	0.8909999999999999	0.72	0.948	1.03	0.491	0.45899999999999996	0.40399999999999997	0.46299999999999997	0.451	1.022	0.5529999999999999	0.965	0.924	1.0070000000000001	0.902	0.945	0.9279999999999999	1.016	1.025	0.47600000000000003	0.46	0.401	0.455	0.44299999999999995	0.9570000000000001	0.519	0.929	0.871	0.996	0.833	0.922	0.909	0.792	1.032	0.455	0.496	0.389	0.451	0.42100000000000004
34.28	0.525	0.39399999999999996	0.856	0.805	0.871	0.883	0.89	0.718	0.951	1.032	0.48700000000000004	0.45799999999999996	0.40299999999999997	0.462	0.45	1.024	0.5539999999999999	0.966	0.925	1.011	1.0270000000000001	0.9470000000000001	0.935	1.02	1.028	0.47200000000000003	0.45799999999999996	0.4	0.45399999999999996	0.441	0.9590000000000001	0.52	0.929	0.871	0.9990000000000001	1.001	0.924	0.905	0.789	1.032	0.45299999999999996	0.493	0.387	0.44799999999999995	0.418
34.55	0.522	0.39299999999999996	0.8540000000000001	0.805	0.872	1.105	0.89	0.7120000000000001	0.951	1.0290000000000001	0.489	0.45799999999999996	0.401	0.46	0.447	1.024	0.5529999999999999	0.966	0.924	1.013	0.807	0.95	0.938	1.023	1.028	0.469	0.45399999999999996	0.397	0.451	0.43799999999999994	0.958	0.522	0.93	0.871	1.0	0.902	0.924	0.9079999999999999	0.7859999999999999	1.031	0.45	0.489	0.386	0.446	0.414
34.82	0.516	0.392	0.853	0.802	0.871	1.028	0.8909999999999999	0.711	0.9540000000000001	1.034	0.48700000000000004	0.456	0.39799999999999996	0.457	0.44299999999999995	1.022	0.5539999999999999	0.97	0.9259999999999999	1.0170000000000001	0.855	0.9540000000000001	0.9390000000000001	1.025	1.0290000000000001	0.467	0.45299999999999996	0.395	0.449	0.436	0.9540000000000001	0.521	0.93	0.872	1.005	0.887	0.927	0.9129999999999999	0.7809999999999999	1.0290000000000001	0.447	0.488	0.382	0.44299999999999995	0.41200000000000003
35.08	0.512	0.392	0.852	0.8009999999999999	0.872	0.9179999999999999	0.889	0.708	0.95	1.038	0.485	0.451	0.396	0.45399999999999996	0.441	1.023	0.555	0.9690000000000001	0.925	1.0190000000000001	1.055	0.9540000000000001	0.94	1.026	1.03	0.46799999999999997	0.449	0.392	0.447	0.433	0.951	0.522	0.93	0.871	1.005	1.046	0.929	0.922	0.778	1.03	0.444	0.48200000000000004	0.379	0.442	0.409
35.33	0.51	0.389	0.85	0.8009999999999999	0.87	0.894	0.887	0.7070000000000001	0.9570000000000001	1.033	0.484	0.452	0.39299999999999996	0.452	0.43799999999999994	1.025	0.555	0.9690000000000001	0.925	1.022	0.986	0.956	0.945	1.028	1.032	0.46299999999999997	0.44799999999999995	0.39	0.446	0.431	0.951	0.523	0.932	0.871	1.0090000000000001	0.981	0.9309999999999999	0.925	0.7709999999999999	1.031	0.44299999999999995	0.48100000000000004	0.377	0.439	0.406
35.6	0.51	0.38799999999999996	0.847	0.799	0.873	0.85	0.8859999999999999	0.705	0.955	1.034	0.48100000000000004	0.449	0.391	0.451	0.436	1.0290000000000001	0.557	0.97	0.924	1.025	0.8759999999999999	0.9570000000000001	0.9470000000000001	1.031	1.032	0.46299999999999997	0.445	0.387	0.444	0.429	0.951	0.521	0.9329999999999999	0.87	1.01	1.067	0.932	0.932	0.774	1.028	0.44	0.47600000000000003	0.374	0.435	0.40299999999999997
35.87	0.507	0.387	0.847	0.797	0.87	0.909	0.887	0.706	0.958	1.038	0.47700000000000004	0.44799999999999995	0.38799999999999996	0.44799999999999995	0.43200000000000005	1.031	0.5579999999999999	0.973	0.9259999999999999	1.028	0.976	0.958	0.9490000000000001	1.033	1.032	0.462	0.44299999999999995	0.385	0.442	0.426	0.953	0.522	0.932	0.871	1.013	0.88	0.934	0.93	0.7659999999999999	1.032	0.44	0.47100000000000003	0.37200000000000005	0.434	0.402
36.12	0.502	0.389	0.8440000000000001	0.7979999999999999	0.8690000000000001	1.025	0.887	0.7	0.9590000000000001	1.038	0.475	0.447	0.386	0.447	0.43	1.0290000000000001	0.5579999999999999	0.973	0.927	1.03	0.9670000000000001	0.96	0.945	1.037	1.033	0.45899999999999996	0.44299999999999995	0.38299999999999995	0.441	0.423	0.9490000000000001	0.522	0.9329999999999999	0.87	1.014	0.902	0.9359999999999999	0.929	0.7659999999999999	1.031	0.436	0.46799999999999997	0.368	0.431	0.39799999999999996
36.38	0.496	0.375	0.8390000000000001	0.7959999999999999	0.8690000000000001	1.035	0.883	0.695	0.956	1.042	0.474	0.444	0.384	0.445	0.426	1.026	0.5589999999999999	0.973	0.925	1.033	0.821	0.9620000000000001	0.9520000000000001	1.0390000000000001	1.037	0.45899999999999996	0.44	0.381	0.44	0.42100000000000004	0.943	0.522	0.9359999999999999	0.87	1.0190000000000001	0.8590000000000001	0.9359999999999999	0.927	0.765	1.0290000000000001	0.435	0.467	0.36700000000000005	0.429	0.396
36.65	0.489	0.363	0.83	0.795	0.867	1.03	0.883	0.6970000000000001	0.9590000000000001	1.042	0.473	0.44299999999999995	0.38299999999999995	0.444	0.428	1.0290000000000001	0.564	0.987	0.9359999999999999	1.043	0.9	0.968	0.956	1.042	1.04	0.455	0.43799999999999994	0.381	0.439	0.42	0.94	0.527	0.94	0.879	1.026	1.083	0.946	0.9359999999999999	0.765	1.0290000000000001	0.43	0.46299999999999997	0.365	0.426	0.39399999999999996
36.92	0.484	0.36700000000000005	0.83	0.7909999999999999	0.866	0.987	0.8809999999999999	0.6920000000000001	0.9620000000000001	1.042	0.47	0.44	0.379	0.44	0.423	1.0170000000000001	0.5589999999999999	0.976	0.9279999999999999	1.037	0.863	0.9640000000000001	0.955	1.043	1.04	0.455	0.43700000000000006	0.377	0.436	0.41700000000000004	0.932	0.522	0.9359999999999999	0.872	1.026	1.124	0.94	0.922	0.759	1.0290000000000001	0.428	0.46	0.36200000000000004	0.426	0.39
37.17	0.47700000000000004	0.36700000000000005	0.8270000000000001	0.792	0.8640000000000001	0.9570000000000001	0.879	0.6920000000000001	0.965	1.047	0.466	0.439	0.377	0.43799999999999994	0.419	1.012	0.561	0.975	0.9279999999999999	1.038	0.816	0.968	0.9620000000000001	1.046	1.04	0.452	0.43700000000000006	0.376	0.435	0.415	0.922	0.522	0.937	0.871	1.023	0.882	0.941	0.927	0.759	1.022	0.425	0.455	0.36	0.423	0.387
37.43	0.47	0.355	0.821	0.7909999999999999	0.862	0.914	0.878	0.691	0.9690000000000001	1.043	0.465	0.43799999999999994	0.376	0.43700000000000006	0.418	1.006	0.56	0.976	0.927	1.033	0.835	0.968	0.9590000000000001	1.047	1.043	0.452	0.433	0.374	0.433	0.414	0.9159999999999999	0.523	0.938	0.872	1.024	0.9940000000000001	0.943	0.938	0.755	1.026	0.424	0.45299999999999996	0.358	0.419	0.386
37.7	0.462	0.353	0.813	0.789	0.862	0.934	0.8759999999999999	0.687	0.9670000000000001	1.048	0.465	0.44	0.376	0.43700000000000006	0.419	1.008	0.568	0.986	0.935	1.035	0.843	0.9740000000000001	0.966	1.046	1.045	0.44799999999999995	0.435	0.374	0.433	0.413	0.9079999999999999	0.526	0.946	0.8809999999999999	1.034	1.0090000000000001	0.951	0.9359999999999999	0.7559999999999999	1.028	0.428	0.45299999999999996	0.35600000000000004	0.41700000000000004	0.38299999999999995
37.95	0.457	0.355	0.8079999999999999	0.784	0.8590000000000001	0.8809999999999999	0.877	0.688	0.97	1.046	0.462	0.439	0.374	0.436	0.431	1.0	0.5660000000000001	0.986	0.934	1.031	0.8270000000000001	0.9740000000000001	0.976	1.05	1.0490000000000002	0.447	0.433	0.37200000000000005	0.43200000000000005	0.41200000000000003	0.899	0.525	0.946	0.882	1.0270000000000001	0.993	0.951	0.9359999999999999	0.7559999999999999	1.025	0.419	0.44799999999999995	0.354	0.41700000000000004	0.382
38.22	0.451	0.35700000000000004	0.804	0.7809999999999999	0.858	1.093	0.872	0.684	0.97	1.05	0.46	0.439	0.37200000000000005	0.433	0.415	0.9940000000000001	0.5670000000000001	0.99	0.935	1.025	0.85	0.975	0.9790000000000001	1.053	1.044	0.446	0.433	0.371	0.43	0.41	0.892	0.525	0.9470000000000001	0.88	1.022	1.0959999999999999	0.953	0.946	0.753	1.025	0.41700000000000004	0.446	0.35100000000000003	0.415	0.379
38.48	0.447	0.359	0.8	0.782	0.8540000000000001	0.855	0.868	0.6829999999999999	0.9670000000000001	1.0490000000000002	0.457	0.43700000000000006	0.368	0.43	0.41	0.982	0.563	0.98	0.9279999999999999	1.01	0.861	0.972	0.978	1.053	1.05	0.442	0.429	0.368	0.428	0.40700000000000003	0.88	0.523	0.941	0.871	1.01	0.978	0.9470000000000001	0.9490000000000001	0.75	1.0290000000000001	0.413	0.44299999999999995	0.349	0.41	0.376
38.75	0.44	0.353	0.795	0.779	0.8540000000000001	1.0590000000000002	0.865	0.6779999999999999	0.972	1.052	0.45399999999999996	0.43799999999999994	0.369	0.431	0.41100000000000003	0.982	0.568	0.991	0.935	1.0170000000000001	0.8420000000000001	0.978	0.9740000000000001	1.057	1.053	0.44299999999999995	0.43	0.36700000000000005	0.42700000000000005	0.40700000000000003	0.875	0.527	0.9490000000000001	0.88	1.0090000000000001	0.848	0.956	0.953	0.7509999999999999	1.025	0.409	0.439	0.348	0.41	0.373
39.0	0.435	0.34700000000000003	0.789	0.779	0.847	0.879	0.8640000000000001	0.675	0.972	1.05	0.452	0.435	0.365	0.42700000000000005	0.406	0.9690000000000001	0.561	0.983	0.93	0.9990000000000001	0.9009999999999999	0.977	0.9740000000000001	1.061	1.053	0.442	0.428	0.365	0.426	0.402	0.863	0.521	0.9390000000000001	0.871	1.0	0.889	0.9490000000000001	0.9490000000000001	0.747	1.023	0.41	0.436	0.345	0.408	0.371
39.27	0.429	0.34299999999999997	0.7829999999999999	0.774	0.838	0.934	0.8590000000000001	0.675	0.972	1.046	0.452	0.43700000000000006	0.363	0.425	0.40299999999999997	0.9640000000000001	0.564	0.9840000000000001	0.93	0.997	0.96	0.976	0.983	1.0590000000000002	1.055	0.439	0.428	0.364	0.424	0.402	0.856	0.521	0.941	0.871	0.995	1.07	0.951	0.9520000000000001	0.745	1.022	0.40299999999999997	0.433	0.34299999999999997	0.406	0.368
39.53	0.423	0.336	0.7829999999999999	0.772	0.8270000000000001	0.888	0.857	0.67	0.9740000000000001	1.054	0.44799999999999995	0.43700000000000006	0.36200000000000004	0.424	0.402	0.958	0.565	0.982	0.9279999999999999	0.991	0.875	0.978	0.98	1.063	1.056	0.435	0.428	0.361	0.423	0.401	0.846	0.524	0.941	0.872	0.99	0.9670000000000001	0.951	0.946	0.7440000000000001	1.022	0.40299999999999997	0.429	0.341	0.40399999999999997	0.366
39.78	0.418	0.33299999999999996	0.768	0.77	0.8190000000000001	0.8640000000000001	0.855	0.667	0.978	1.053	0.447	0.431	0.36	0.42200000000000004	0.402	0.951	0.5660000000000001	0.983	0.929	0.985	0.948	0.977	0.9790000000000001	1.062	1.057	0.436	0.429	0.361	0.42200000000000004	0.4	0.836	0.523	0.9420000000000001	0.872	0.986	0.8909999999999999	0.951	0.9570000000000001	0.74	1.022	0.401	0.429	0.33899999999999997	0.402	0.364
40.05	0.41200000000000003	0.32799999999999996	0.772	0.765	0.81	1.008	0.852	0.665	0.978	1.055	0.44799999999999995	0.436	0.359	0.42	0.39899999999999997	0.945	0.5670000000000001	0.9840000000000001	0.93	0.98	0.887	0.978	0.9740000000000001	1.067	1.0590000000000002	0.43200000000000005	0.42700000000000005	0.359	0.42	0.397	0.8270000000000001	0.523	0.941	0.872	0.98	0.897	0.9520000000000001	0.956	0.742	1.02	0.39799999999999996	0.425	0.337	0.401	0.36200000000000004
40.32	0.406	0.32299999999999995	0.76	0.762	0.8	1.0	0.8490000000000001	0.6629999999999999	0.98	1.056	0.445	0.436	0.359	0.42	0.39799999999999996	0.937	0.564	0.9840000000000001	0.9309999999999999	0.9790000000000001	0.861	0.9790000000000001	0.981	1.071	1.058	0.431	0.428	0.358	0.42	0.397	0.8190000000000001	0.518	0.943	0.87	0.973	0.895	0.953	0.958	0.74	1.02	0.396	0.42200000000000004	0.336	0.39899999999999997	0.358
40.58	0.401	0.32	0.757	0.759	0.789	0.8740000000000001	0.8440000000000001	0.6609999999999999	0.977	1.056	0.442	0.43200000000000005	0.35700000000000004	0.41700000000000004	0.395	0.93	0.5670000000000001	0.985	0.9309999999999999	0.973	0.92	0.9790000000000001	0.9790000000000001	1.069	1.06	0.43	0.428	0.35700000000000004	0.418	0.396	0.8079999999999999	0.519	0.943	0.871	0.97	1.064	0.9540000000000001	0.963	0.738	1.0190000000000001	0.39299999999999996	0.42	0.33299999999999996	0.396	0.35600000000000004
40.83	0.395	0.314	0.748	0.754	0.7809999999999999	0.993	0.84	0.657	0.981	1.06	0.43799999999999994	0.439	0.35600000000000004	0.41600000000000004	0.39399999999999996	0.924	0.5660000000000001	0.985	0.9309999999999999	0.968	0.934	0.983	0.973	1.071	1.063	0.425	0.42700000000000005	0.35600000000000004	0.418	0.39399999999999996	0.8	0.521	0.943	0.871	0.965	0.915	0.9540000000000001	0.963	0.737	1.0190000000000001	0.39	0.418	0.332	0.39399999999999996	0.354
41.1	0.39	0.31	0.7440000000000001	0.75	0.7709999999999999	0.937	0.8370000000000001	0.654	0.977	1.0590000000000002	0.43700000000000006	0.435	0.354	0.415	0.39299999999999996	0.9179999999999999	0.5670000000000001	0.9890000000000001	0.9329999999999999	0.9640000000000001	1.219	0.983	0.98	1.073	1.065	0.426	0.429	0.355	0.41600000000000004	0.39299999999999996	0.79	0.52	0.943	0.871	0.96	0.998	0.955	0.9540000000000001	0.737	1.0170000000000001	0.39	0.41600000000000004	0.32899999999999996	0.39299999999999996	0.35200000000000004
41.37	0.386	0.307	0.733	0.7440000000000001	0.763	0.885	0.833	0.6509999999999999	0.983	1.058	0.435	0.43700000000000006	0.353	0.414	0.392	0.9109999999999999	0.5670000000000001	0.988	0.9309999999999999	0.9570000000000001	0.862	0.983	0.973	1.071	1.065	0.42200000000000004	0.43	0.354	0.414	0.391	0.78	0.52	0.9420000000000001	0.871	0.9540000000000001	0.9570000000000001	0.956	0.966	0.737	1.0170000000000001	0.385	0.41100000000000003	0.32799999999999996	0.391	0.35
41.62	0.38	0.303	0.7290000000000001	0.742	0.754	0.872	0.8290000000000001	0.649	0.9840000000000001	1.06	0.43200000000000005	0.44	0.353	0.415	0.391	0.903	0.568	0.987	0.9309999999999999	0.9540000000000001	0.853	0.983	0.99	1.074	1.0659999999999998	0.42200000000000004	0.43	0.353	0.414	0.391	0.77	0.52	0.9440000000000001	0.872	0.951	0.983	0.9540000000000001	0.9520000000000001	0.732	1.013	0.384	0.409	0.326	0.389	0.34700000000000003
41.88	0.375	0.301	0.723	0.736	0.743	1.101	0.8240000000000001	0.6459999999999999	0.981	1.062	0.431	0.439	0.35100000000000003	0.41100000000000003	0.389	0.895	0.5660000000000001	0.987	0.9329999999999999	0.948	0.868	0.983	0.981	1.074	1.069	0.419	0.43	0.353	0.413	0.39	0.76	0.52	0.943	0.872	0.9470000000000001	0.99	0.955	0.951	0.733	1.012	0.38299999999999995	0.40700000000000003	0.325	0.387	0.344
42.15	0.371	0.29600000000000004	0.718	0.732	0.7340000000000001	0.951	0.82	0.643	0.9790000000000001	1.064	0.429	0.439	0.35100000000000003	0.41100000000000003	0.38799999999999996	0.889	0.568	0.9890000000000001	0.934	0.945	0.89	0.983	0.983	1.077	1.073	0.42	0.43200000000000005	0.35200000000000004	0.41200000000000003	0.389	0.7490000000000001	0.519	0.9440000000000001	0.871	0.943	0.883	0.956	0.9390000000000001	0.7340000000000001	1.011	0.379	0.405	0.32299999999999995	0.385	0.34299999999999997
42.42	0.366	0.302	0.721	0.7290000000000001	0.728	1.179	0.816	0.64	0.983	1.065	0.428	0.447	0.35200000000000004	0.41100000000000003	0.38799999999999996	0.8859999999999999	0.573	0.9990000000000001	0.94	0.948	0.982	0.987	0.9840000000000001	1.0759999999999998	1.073	0.41700000000000004	0.433	0.353	0.41200000000000003	0.389	0.743	0.523	0.95	0.88	0.9440000000000001	1.005	0.963	0.968	0.7340000000000001	1.012	0.377	0.40299999999999997	0.321	0.382	0.34
42.67	0.363	0.29100000000000004	0.706	0.723	0.7140000000000001	0.838	0.812	0.637	0.98	1.067	0.42200000000000004	0.442	0.35	0.41	0.385	0.8759999999999999	0.568	0.99	0.934	0.934	0.8740000000000001	0.986	0.996	1.075	1.073	0.414	0.434	0.35100000000000003	0.41100000000000003	0.386	0.73	0.519	0.9440000000000001	0.8690000000000001	0.9329999999999999	0.9840000000000001	0.9570000000000001	0.96	0.7340000000000001	1.0090000000000001	0.374	0.4	0.319	0.38	0.337
42.93	0.35700000000000004	0.287	0.6990000000000001	0.718	0.703	0.8859999999999999	0.8079999999999999	0.634	0.985	1.065	0.42200000000000004	0.444	0.35	0.40700000000000003	0.38299999999999995	0.87	0.5670000000000001	0.991	0.9329999999999999	0.932	1.2309999999999999	0.987	0.985	1.081	1.075	0.41200000000000003	0.436	0.35100000000000003	0.408	0.386	0.721	0.52	0.9440000000000001	0.871	0.93	0.868	0.9570000000000001	0.9690000000000001	0.7340000000000001	0.9990000000000001	0.369	0.4	0.318	0.38	0.335
43.2	0.35200000000000004	0.28300000000000003	0.6970000000000001	0.7140000000000001	0.695	0.9229999999999999	0.804	0.632	0.981	1.064	0.42	0.44799999999999995	0.349	0.406	0.38299999999999995	0.863	0.569	0.9890000000000001	0.934	0.927	0.8420000000000001	0.985	0.986	1.079	1.077	0.41200000000000003	0.435	0.349	0.408	0.384	0.711	0.516	0.9440000000000001	0.871	0.924	1.148	0.9570000000000001	0.951	0.732	0.998	0.369	0.396	0.318	0.37799999999999995	0.33299999999999996
43.45	0.348	0.281	0.69	0.71	0.687	0.96	0.7979999999999999	0.63	0.981	1.068	0.41700000000000004	0.451	0.348	0.406	0.382	0.856	0.568	0.99	0.934	0.922	0.868	0.985	0.985	1.08	1.077	0.408	0.43799999999999994	0.349	0.406	0.384	0.7020000000000001	0.518	0.945	0.871	0.919	0.97	0.9570000000000001	0.9570000000000001	0.732	0.992	0.36700000000000005	0.39399999999999996	0.315	0.374	0.33
43.72	0.344	0.278	0.685	0.705	0.675	0.992	0.795	0.626	0.978	1.07	0.418	0.45	0.348	0.405	0.381	0.85	0.57	0.99	0.9329999999999999	0.917	1.031	0.987	0.9940000000000001	1.0859999999999999	1.073	0.406	0.439	0.349	0.406	0.382	0.6940000000000001	0.518	0.946	0.872	0.915	0.93	0.9590000000000001	0.9620000000000001	0.733	0.9840000000000001	0.364	0.392	0.313	0.374	0.32799999999999996
43.98	0.33799999999999997	0.28	0.684	0.705	0.672	1.015	0.789	0.622	0.975	1.07	0.41600000000000004	0.456	0.35	0.405	0.382	0.846	0.575	1.0	0.943	0.925	1.0859999999999999	0.9890000000000001	0.995	1.085	1.067	0.405	0.44299999999999995	0.35	0.40700000000000003	0.384	0.6859999999999999	0.52	0.951	0.882	0.917	1.05	0.963	0.95	0.731	0.976	0.36	0.391	0.311	0.37	0.324
44.25	0.335	0.27	0.6759999999999999	0.696	0.659	0.971	0.787	0.622	0.977	1.062	0.41200000000000003	0.45299999999999996	0.34700000000000003	0.402	0.37799999999999995	0.838	0.568	0.993	0.9359999999999999	0.9109999999999999	0.8170000000000001	0.987	0.9890000000000001	1.08	1.064	0.40399999999999997	0.44299999999999995	0.349	0.405	0.381	0.675	0.515	0.943	0.871	0.9059999999999999	0.996	0.9570000000000001	0.9640000000000001	0.7290000000000001	0.965	0.359	0.389	0.311	0.368	0.322
44.5	0.33	0.26899999999999996	0.6709999999999999	0.691	0.652	0.91	0.782	0.62	0.972	1.053	0.408	0.45399999999999996	0.34700000000000003	0.402	0.37799999999999995	0.831	0.5710000000000001	0.992	0.935	0.9079999999999999	0.8240000000000001	0.987	0.992	1.085	1.062	0.402	0.446	0.349	0.40299999999999997	0.381	0.6679999999999999	0.515	0.9440000000000001	0.871	0.9009999999999999	0.972	0.9590000000000001	0.951	0.7290000000000001	0.971	0.355	0.386	0.309	0.36700000000000005	0.319
44.77	0.32299999999999995	0.267	0.665	0.684	0.642	0.937	0.778	0.616	0.965	1.055	0.40700000000000003	0.46	0.34700000000000003	0.401	0.377	0.825	0.569	0.991	0.937	0.903	0.899	0.988	0.986	1.0859999999999999	1.063	0.39899999999999997	0.445	0.34700000000000003	0.402	0.379	0.6579999999999999	0.515	0.945	0.872	0.897	0.887	0.958	0.9470000000000001	0.727	0.97	0.353	0.385	0.308	0.363	0.316
45.03	0.319	0.264	0.66	0.68	0.635	1.002	0.773	0.613	0.9690000000000001	1.053	0.40700000000000003	0.465	0.34700000000000003	0.4	0.376	0.8190000000000001	0.569	0.991	0.9359999999999999	0.899	0.9109999999999999	0.9890000000000001	0.976	1.089	1.06	0.395	0.45	0.348	0.40299999999999997	0.379	0.65	0.515	0.945	0.871	0.894	1.069	0.9590000000000001	0.973	0.7240000000000001	0.9590000000000001	0.35100000000000003	0.382	0.307	0.363	0.315
45.28	0.314	0.263	0.6559999999999999	0.674	0.628	0.9359999999999999	0.77	0.611	0.966	1.0490000000000002	0.40399999999999997	0.462	0.34600000000000003	0.39799999999999996	0.374	0.813	0.57	0.993	0.937	0.895	0.8440000000000001	0.9890000000000001	0.991	1.088	1.06	0.396	0.452	0.34700000000000003	0.402	0.379	0.6409999999999999	0.514	0.946	0.871	0.8909999999999999	0.9470000000000001	0.9590000000000001	0.96	0.7240000000000001	0.956	0.35	0.379	0.305	0.36	0.312
45.55	0.309	0.26	0.652	0.67	0.62	0.812	0.765	0.608	0.968	1.0490000000000002	0.4	0.467	0.34600000000000003	0.39799999999999996	0.374	0.8059999999999999	0.57	0.9940000000000001	0.9359999999999999	0.8909999999999999	0.945	0.987	0.9690000000000001	1.091	1.061	0.39399999999999996	0.45399999999999996	0.34700000000000003	0.4	0.37799999999999995	0.633	0.515	0.945	0.872	0.888	1.165	0.9590000000000001	0.953	0.723	0.951	0.349	0.37799999999999995	0.302	0.358	0.31
45.82	0.303	0.258	0.649	0.6629999999999999	0.613	0.934	0.76	0.605	0.96	1.0490000000000002	0.39899999999999997	0.47	0.34600000000000003	0.397	0.373	0.8	0.57	0.992	0.9359999999999999	0.889	0.873	0.9890000000000001	0.9670000000000001	1.095	1.06	0.392	0.45399999999999996	0.348	0.401	0.379	0.625	0.515	0.9470000000000001	0.871	0.884	1.105	0.9590000000000001	0.958	0.722	0.94	0.34299999999999997	0.376	0.302	0.35600000000000004	0.306
46.07	0.299	0.255	0.644	0.657	0.608	0.87	0.757	0.601	0.9670000000000001	1.044	0.397	0.47100000000000003	0.34600000000000003	0.397	0.373	0.7929999999999999	0.569	0.9940000000000001	0.937	0.885	0.8	0.988	0.972	1.088	1.056	0.391	0.457	0.34600000000000003	0.39799999999999996	0.377	0.618	0.514	0.945	0.873	0.88	1.01	0.958	0.95	0.72	0.927	0.344	0.376	0.3	0.354	0.304
46.33	0.293	0.253	0.64	0.6509999999999999	0.6	0.8290000000000001	0.753	0.599	0.96	1.045	0.395	0.467	0.345	0.395	0.37200000000000005	0.7879999999999999	0.5720000000000001	0.996	0.9390000000000001	0.8809999999999999	0.828	0.9890000000000001	0.961	1.0859999999999999	1.0590000000000002	0.389	0.45899999999999996	0.34700000000000003	0.39899999999999997	0.377	0.611	0.512	0.945	0.871	0.875	1.067	0.9590000000000001	0.927	0.7190000000000001	0.925	0.337	0.373	0.299	0.35	0.301
46.6	0.28800000000000003	0.251	0.636	0.6459999999999999	0.593	0.846	0.748	0.6	0.955	1.043	0.395	0.47200000000000003	0.345	0.39299999999999996	0.37	0.782	0.5710000000000001	0.9940000000000001	0.938	0.877	1.081	0.9890000000000001	0.961	1.071	1.055	0.38799999999999996	0.46	0.34700000000000003	0.39799999999999996	0.376	0.604	0.514	0.945	0.8740000000000001	0.871	1.0070000000000001	0.9590000000000001	0.932	0.718	0.919	0.336	0.37	0.297	0.349	0.298
46.87	0.28300000000000003	0.25	0.632	0.64	0.588	0.927	0.746	0.593	0.958	1.038	0.395	0.47600000000000003	0.345	0.39399999999999996	0.37	0.777	0.5710000000000001	0.993	0.9390000000000001	0.875	0.978	0.9890000000000001	0.955	1.068	1.052	0.387	0.465	0.348	0.39799999999999996	0.376	0.596	0.514	0.945	0.872	0.8690000000000001	1.025	0.958	0.917	0.718	0.91	0.33399999999999996	0.369	0.295	0.34600000000000003	0.295
47.12	0.27899999999999997	0.249	0.628	0.636	0.583	0.831	0.742	0.596	0.94	1.0390000000000001	0.39	0.483	0.34600000000000003	0.39299999999999996	0.37	0.77	0.5720000000000001	0.995	0.938	0.87	0.852	0.9890000000000001	0.9520000000000001	1.065	1.048	0.385	0.46	0.34700000000000003	0.396	0.374	0.59	0.512	0.9440000000000001	0.871	0.8640000000000001	0.877	0.958	0.924	0.716	0.9079999999999999	0.33299999999999996	0.366	0.294	0.344	0.293
47.38	0.273	0.247	0.632	0.632	0.579	0.889	0.737	0.588	0.958	1.031	0.389	0.485	0.349	0.39399999999999996	0.37200000000000005	0.767	0.5760000000000001	1.004	0.9470000000000001	0.8740000000000001	0.787	0.9940000000000001	0.9520000000000001	1.064	1.05	0.38299999999999995	0.466	0.349	0.397	0.377	0.586	0.515	0.9520000000000001	0.88	0.866	0.903	0.965	0.9129999999999999	0.7140000000000001	0.8959999999999999	0.32899999999999996	0.361	0.292	0.342	0.29
47.65	0.27	0.243	0.624	0.623	0.5710000000000001	0.838	0.735	0.5870000000000001	0.95	1.033	0.387	0.48200000000000004	0.34600000000000003	0.392	0.368	0.758	0.57	0.995	0.9390000000000001	0.861	0.9129999999999999	0.99	0.946	1.06	1.047	0.38	0.467	0.348	0.396	0.375	0.5770000000000001	0.51	0.943	0.872	0.856	0.8909999999999999	0.958	0.9179999999999999	0.713	0.894	0.32899999999999996	0.36200000000000004	0.29	0.34	0.289
47.9	0.264	0.244	0.619	0.62	0.5660000000000001	0.934	0.731	0.583	0.948	1.0270000000000001	0.382	0.486	0.34700000000000003	0.391	0.36700000000000005	0.752	0.5710000000000001	0.9940000000000001	0.9390000000000001	0.856	0.8320000000000001	0.991	0.934	1.055	1.043	0.379	0.47	0.34700000000000003	0.39399999999999996	0.374	0.5720000000000001	0.51	0.943	0.871	0.852	0.9520000000000001	0.958	0.919	0.711	0.8859999999999999	0.324	0.361	0.29	0.336	0.285
48.17	0.26	0.242	0.614	0.613	0.561	0.8420000000000001	0.726	0.5820000000000001	0.95	1.0270000000000001	0.38299999999999995	0.49	0.34700000000000003	0.391	0.36700000000000005	0.748	0.573	0.993	0.941	0.85	0.879	0.992	0.94	1.05	1.043	0.37799999999999995	0.47600000000000003	0.348	0.395	0.375	0.5670000000000001	0.51	0.943	0.873	0.846	1.042	0.9590000000000001	0.892	0.71	0.878	0.32	0.358	0.28800000000000003	0.335	0.28300000000000003
48.43	0.254	0.24	0.611	0.608	0.556	0.8490000000000001	0.7240000000000001	0.575	0.934	1.024	0.381	0.489	0.348	0.39	0.366	0.742	0.5720000000000001	0.9940000000000001	0.9390000000000001	0.846	0.797	0.991	0.937	1.047	1.042	0.37799999999999995	0.479	0.349	0.39299999999999996	0.374	0.561	0.51	0.943	0.871	0.8420000000000001	0.904	0.958	0.892	0.7070000000000001	0.873	0.32	0.35700000000000004	0.28600000000000003	0.331	0.28
48.7	0.252	0.23800000000000002	0.607	0.602	0.551	0.895	0.72	0.575	0.9329999999999999	1.022	0.382	0.494	0.348	0.39	0.376	0.737	0.573	0.993	0.94	0.8390000000000001	0.8809999999999999	0.991	0.9259999999999999	1.04	1.038	0.375	0.47700000000000004	0.348	0.39299999999999996	0.373	0.5539999999999999	0.507	0.941	0.873	0.8390000000000001	0.9209999999999999	0.9590000000000001	0.903	0.706	0.866	0.316	0.355	0.284	0.32899999999999996	0.278
48.95	0.247	0.23600000000000002	0.606	0.597	0.546	0.7759999999999999	0.7170000000000001	0.568	0.938	1.02	0.37799999999999995	0.49700000000000005	0.349	0.387	0.364	0.7290000000000001	0.57	0.991	0.9420000000000001	0.833	0.985	0.993	0.927	1.035	1.0390000000000001	0.37200000000000005	0.48100000000000004	0.349	0.39299999999999996	0.374	0.5489999999999999	0.509	0.937	0.873	0.8340000000000001	0.991	0.958	0.897	0.705	0.86	0.316	0.35200000000000004	0.282	0.327	0.275
49.22	0.242	0.23399999999999999	0.602	0.593	0.542	0.877	0.713	0.5660000000000001	0.934	1.0170000000000001	0.375	0.505	0.349	0.389	0.366	0.72	0.5710000000000001	0.988	0.9420000000000001	0.825	0.843	0.992	0.922	1.032	1.034	0.371	0.475	0.349	0.39299999999999996	0.373	0.542	0.507	0.9359999999999999	0.8740000000000001	0.828	1.0070000000000001	0.9590000000000001	0.888	0.705	0.855	0.31	0.35200000000000004	0.28	0.325	0.273
49.48	0.237	0.23	0.601	0.59	0.5379999999999999	0.861	0.71	0.556	0.92	1.016	0.373	0.503	0.35200000000000004	0.39	0.366	0.715	0.578	0.995	0.95	0.8270000000000001	0.84	0.996	0.915	1.0270000000000001	1.036	0.369	0.49200000000000005	0.35200000000000004	0.39399999999999996	0.374	0.539	0.51	0.9420000000000001	0.883	0.828	0.94	0.966	0.882	0.6970000000000001	0.85	0.31	0.35	0.278	0.321	0.271
49.73	0.23399999999999999	0.22899999999999998	0.594	0.585	0.5329999999999999	0.8370000000000001	0.708	0.5479999999999999	0.9	1.0090000000000001	0.371	0.502	0.349	0.38799999999999996	0.364	0.7070000000000001	0.57	0.986	0.943	0.8109999999999999	1.0070000000000001	0.992	0.909	1.025	1.032	0.37	0.489	0.35100000000000003	0.391	0.37200000000000005	0.531	0.506	0.9359999999999999	0.875	0.8170000000000001	0.914	0.9590000000000001	0.87	0.6940000000000001	0.841	0.308	0.345	0.27699999999999997	0.318	0.26899999999999996
50.0	0.228	0.228	0.589	0.58	0.528	0.797	0.705	0.541	0.903	1.0070000000000001	0.37	0.5	0.35	0.387	0.363	0.6970000000000001	0.57	0.988	0.9440000000000001	0.805	0.8009999999999999	0.9940000000000001	0.91	1.022	1.0290000000000001	0.36700000000000005	0.489	0.35100000000000003	0.392	0.373	0.525	0.507	0.934	0.875	0.8109999999999999	0.862	0.958	0.861	0.6970000000000001	0.8340000000000001	0.303	0.345	0.275	0.317	0.266
50.27	0.22399999999999998	0.22699999999999998	0.586	0.5760000000000001	0.523	0.7909999999999999	0.7	0.531	0.893	1.003	0.366	0.513	0.35	0.385	0.36200000000000004	0.6890000000000001	0.5720000000000001	0.985	0.9440000000000001	0.797	0.7879999999999999	0.9940000000000001	0.917	1.0190000000000001	1.028	0.363	0.495	0.35100000000000003	0.39	0.37200000000000005	0.52	0.505	0.9329999999999999	0.8740000000000001	0.804	0.895	0.96	0.867	0.6890000000000001	0.8270000000000001	0.303	0.345	0.273	0.314	0.264
50.53	0.218	0.225	0.585	0.5760000000000001	0.519	0.713	0.6970000000000001	0.519	0.888	1.002	0.374	0.516	0.353	0.38799999999999996	0.364	0.679	0.578	0.993	0.9520000000000001	0.7959999999999999	0.955	0.998	0.907	1.015	1.026	0.365	0.503	0.354	0.391	0.374	0.515	0.507	0.937	0.885	0.8029999999999999	0.919	0.965	0.862	0.69	0.825	0.301	0.342	0.272	0.312	0.262
