Time	L1D1-100_1	L1D3-100_1	L1P1-100_1	L1P2-100_1	L1P3-100_1	L1P4-100_1	L1P5-100_1	L1D1-100_2	L1D3-100_2	L1P1-100_2	L1P2-100_2	L1P3-100_2	L1P4-100_2	L1P5-100_2	L1D1-100_3	L1D3-100_3	L1P1-100_3	L1P2-100_3	L1P3-100_3	L1P4-100_3	L1P5-100_3	L1D2-100_1	L2B1-100_1	L2B2-100_1	L2B3-100_1	L2B4-100_1	L2B5-100_1	L1D2-100_2	L2B1-100_2	L2B2-100_2	L2B3-100_2	L2B4-100_2	L2B5-100_2	L1D2-100_3	L2B1-100_3	L2B2-100_3	L2B3-100_3	L2B4-100_3	L2B5-100_3
0.0	0.043	0.04	0.046	0.048	0.045	0.048	0.045	0.042	0.040999999999999995	0.044000000000000004	0.043	0.045	0.047	0.047	0.04	0.043	0.045	0.044000000000000004	0.045	0.043	0.048	0.04	0.043	0.052000000000000005	0.042	0.043	0.046	0.039	0.043	0.040999999999999995	0.042	0.040999999999999995	0.040999999999999995	0.042	0.045	0.052000000000000005	0.049	0.054000000000000006	0.05
0.25	0.042	0.040999999999999995	0.047	0.048	0.047	0.049	0.049	0.043	0.043	0.046	0.047	0.047	0.047	0.049	0.043	0.043	0.047	0.048	0.046	0.047	0.049	0.042	0.051	0.044000000000000004	0.047	0.049	0.052000000000000005	0.042	0.054000000000000006	0.047	0.047	0.049	0.052000000000000005	0.043	0.048	0.047	0.046	0.049	0.05
0.52	0.042	0.040999999999999995	0.048	0.049	0.048	0.05	0.051	0.043	0.043	0.047	0.048	0.048	0.049	0.051	0.042	0.043	0.048	0.049	0.047	0.048	0.05	0.042	0.052000000000000005	0.047	0.048	0.049	0.052000000000000005	0.042	0.053	0.047	0.048	0.051	0.053	0.043	0.051	0.047	0.047	0.05	0.052000000000000005
0.78	0.042	0.040999999999999995	0.049	0.049	0.048	0.051	0.051	0.043	0.043	0.047	0.048	0.049	0.05	0.052000000000000005	0.043	0.043	0.049	0.05	0.048	0.049	0.052000000000000005	0.042	0.05	0.046	0.049	0.05	0.053	0.042	0.052000000000000005	0.048	0.11900000000000001	0.051	0.053	0.043	0.066	0.048	0.047	0.05	0.052000000000000005
1.03	0.042	0.040999999999999995	0.05	0.05	0.05	0.052000000000000005	0.053	0.043	0.043	0.048	0.049	0.051	0.05	0.054000000000000006	0.043	0.043	0.05	0.05	0.048	0.051	0.053	0.042	0.055	0.048	0.05	0.051	0.054000000000000006	0.042	0.052000000000000005	0.049	0.05	0.051	0.055	0.043	0.055	0.049	0.048	0.052000000000000005	0.054000000000000006
1.3	0.042	0.042	0.052000000000000005	0.051	0.051	0.053	0.055	0.043	0.043	0.049	0.05	0.052000000000000005	0.052000000000000005	0.055999999999999994	0.043	0.044000000000000004	0.051	0.051	0.05	0.052000000000000005	0.055	0.042	0.052000000000000005	0.048	0.051	0.052000000000000005	0.055999999999999994	0.042	0.055999999999999994	0.05	0.05	0.055	0.055	0.043	0.052000000000000005	0.05	0.049	0.053	0.055
1.57	0.042	0.042	0.053	0.053	0.052000000000000005	0.055	0.057	0.043	0.043	0.051	0.051	0.053	0.054000000000000006	0.057999999999999996	0.043	0.044000000000000004	0.053	0.053	0.051	0.053	0.057	0.042	0.054000000000000006	0.049	0.052000000000000005	0.053	0.057999999999999996	0.043	0.057	0.052000000000000005	0.054000000000000006	0.055999999999999994	0.057999999999999996	0.043	0.054000000000000006	0.051	0.05	0.055	0.057999999999999996
1.82	0.043	0.042	0.055	0.055	0.053	0.057	0.059000000000000004	0.043	0.043	0.052000000000000005	0.053	0.055	0.055999999999999994	0.061	0.043	0.044000000000000004	0.055	0.054000000000000006	0.053	0.055999999999999994	0.059000000000000004	0.042	0.055999999999999994	0.051	0.053	0.055999999999999994	0.061	0.043	0.057999999999999996	0.052000000000000005	0.054000000000000006	0.057	0.06	0.043	0.068	0.052000000000000005	0.051	0.055999999999999994	0.057999999999999996
2.08	0.043	0.042	0.057	0.057	0.055999999999999994	0.059000000000000004	0.062	0.043	0.043	0.053	0.055	0.057	0.057999999999999996	0.064	0.043	0.044000000000000004	0.057	0.055999999999999994	0.055	0.057999999999999996	0.062	0.042	0.061	0.052000000000000005	0.055	0.057999999999999996	0.063	0.043	0.06	0.054000000000000006	0.059000000000000004	0.059000000000000004	0.063	0.043	0.059000000000000004	0.053	0.053	0.059000000000000004	0.059000000000000004
2.35	0.043	0.042	0.059000000000000004	0.059000000000000004	0.057999999999999996	0.062	0.065	0.044000000000000004	0.043	0.055999999999999994	0.057	0.06	0.061	0.069	0.043	0.044000000000000004	0.059000000000000004	0.057999999999999996	0.057	0.061	0.065	0.042	0.064	0.054000000000000006	0.057999999999999996	0.06	0.066	0.043	0.066	0.055999999999999994	0.102	0.063	0.066	0.043	0.064	0.055	0.055	0.063	0.064
2.62	0.043	0.042	0.063	0.062	0.061	0.065	0.07	0.044000000000000004	0.043	0.057999999999999996	0.059000000000000004	0.064	0.064	0.07400000000000001	0.044000000000000004	0.045	0.062	0.061	0.061	0.064	0.07	0.042	0.069	0.055999999999999994	0.061	0.064	0.07	0.043	0.071	0.057999999999999996	0.287	0.067	0.07	0.044000000000000004	0.07	0.055999999999999994	0.055999999999999994	0.066	0.065
2.87	0.043	0.042	0.066	0.065	0.065	0.07	0.075	0.044000000000000004	0.044000000000000004	0.061	0.063	0.068	0.069	0.081	0.044000000000000004	0.045	0.067	0.064	0.064	0.069	0.075	0.043	0.076	0.057999999999999996	0.064	0.068	0.075	0.044000000000000004	0.073	0.061	0.068	0.07200000000000001	0.075	0.044000000000000004	0.07200000000000001	0.059000000000000004	0.059000000000000004	0.071	0.07
3.13	0.043	0.042	0.07	0.069	0.07	0.07400000000000001	0.08199999999999999	0.044000000000000004	0.044000000000000004	0.065	0.067	0.07400000000000001	0.07400000000000001	0.08800000000000001	0.044000000000000004	0.045	0.071	0.068	0.069	0.07400000000000001	0.081	0.043	0.081	0.062	0.068	0.07200000000000001	0.081	0.044000000000000004	0.079	0.065	0.073	0.078	0.081	0.044000000000000004	0.084	0.062	0.062	0.077	0.076
3.4	0.044000000000000004	0.043	0.075	0.07400000000000001	0.077	0.08	0.08900000000000001	0.045	0.044000000000000004	0.069	0.071	0.08	0.08	0.098	0.044000000000000004	0.045	0.077	0.073	0.07400000000000001	0.081	0.08900000000000001	0.043	0.08800000000000001	0.066	0.07200000000000001	0.077	0.09	0.044000000000000004	0.08800000000000001	0.068	0.121	0.085	0.08900000000000001	0.044000000000000004	0.08900000000000001	0.066	0.066	0.084	0.081
3.65	0.044000000000000004	0.043	0.081	0.08	0.083	0.087	0.099	0.045	0.044000000000000004	0.07400000000000001	0.077	0.08900000000000001	0.08800000000000001	0.109	0.044000000000000004	0.046	0.083	0.078	0.08199999999999999	0.09	0.098	0.043	0.09699999999999999	0.07	0.078	0.085	0.09699999999999999	0.044000000000000004	0.09699999999999999	0.07400000000000001	0.087	0.094	0.09699999999999999	0.045	0.09699999999999999	0.069	0.071	0.095	0.09
3.92	0.044000000000000004	0.043	0.08900000000000001	0.08800000000000001	0.092	0.09699999999999999	0.11	0.045	0.044000000000000004	0.08	0.084	0.099	0.099	0.122	0.045	0.046	0.092	0.086	0.091	0.102	0.11	0.043	0.10800000000000001	0.07400000000000001	0.084	0.09300000000000001	0.10800000000000001	0.044000000000000004	0.10800000000000001	0.078	0.174	0.10400000000000001	0.107	0.045	0.107	0.07400000000000001	0.076	0.10400000000000001	0.1
4.18	0.044000000000000004	0.043	0.098	0.09699999999999999	0.10400000000000001	0.109	0.124	0.045	0.045	0.08800000000000001	0.092	0.11	0.113	0.135	0.045	0.047	0.10099999999999999	0.095	0.102	0.115	0.12300000000000001	0.043	0.121	0.08	0.09300000000000001	0.105	0.11900000000000001	0.045	0.12	0.08199999999999999	0.106	0.115	0.11699999999999999	0.045	0.11900000000000001	0.079	0.08199999999999999	0.115	0.109
4.45	0.044000000000000004	0.043	0.10800000000000001	0.10800000000000001	0.11699999999999999	0.12300000000000001	0.139	0.046	0.045	0.09699999999999999	0.102	0.124	0.128	0.153	0.045	0.047	0.11199999999999999	0.105	0.115	0.131	0.139	0.044000000000000004	0.135	0.086	0.10300000000000001	0.115	0.131	0.045	0.133	0.08800000000000001	0.138	0.13	0.13	0.045	0.134	0.084	0.09	0.13	0.121
4.7	0.045	0.044000000000000004	0.122	0.121	0.134	0.14	0.159	0.046	0.045	0.10800000000000001	0.115	0.14300000000000002	0.147	0.177	0.046	0.047	0.128	0.11800000000000001	0.133	0.15	0.16	0.044000000000000004	0.15	0.094	0.114	0.127	0.145	0.045	0.14800000000000002	0.09699999999999999	0.128	0.141	0.14300000000000002	0.046	0.14800000000000002	0.092	0.099	0.142	0.135
4.97	0.045	0.044000000000000004	0.139	0.138	0.157	0.162	0.187	0.047	0.046	0.122	0.131	0.16899999999999998	0.172	0.21	0.046	0.048	0.14800000000000002	0.136	0.157	0.175	0.19	0.044000000000000004	0.163	0.10300000000000001	0.126	0.14	0.158	0.046	0.161	0.106	0.267	0.152	0.157	0.046	0.161	0.10099999999999999	0.109	0.155	0.145
5.23	0.045	0.044000000000000004	0.161	0.161	0.185	0.19	0.221	0.047	0.046	0.14	0.152	0.201	0.203	0.248	0.046	0.048	0.174	0.16	0.188	0.209	0.22699999999999998	0.044000000000000004	0.179	0.113	0.139	0.152	0.168	0.046	0.177	0.11800000000000001	0.153	0.16399999999999998	0.16699999999999998	0.046	0.175	0.111	0.121	0.166	0.158
5.48	0.045	0.044000000000000004	0.19	0.191	0.22	0.226	0.261	0.047	0.046	0.16399999999999998	0.179	0.239	0.24100000000000002	0.292	0.047	0.048	0.205	0.18899999999999997	0.223	0.247	0.272	0.044000000000000004	0.195	0.126	0.153	0.163	0.183	0.046	0.19399999999999998	0.131	0.406	0.177	0.18100000000000002	0.047	0.193	0.12300000000000001	0.134	0.18	0.17
5.75	0.046	0.045	0.226	0.225	0.259	0.261	0.308	0.048	0.046	0.195	0.212	0.282	0.28300000000000003	0.34	0.047	0.049	0.243	0.226	0.265	0.29	0.322	0.045	0.21	0.14	0.165	0.177	0.19899999999999998	0.047	0.20800000000000002	0.145	0.177	0.192	0.19699999999999998	0.047	0.20800000000000002	0.136	0.146	0.19699999999999998	0.184
6.02	0.046	0.045	0.268	0.27	0.307	0.309	0.36200000000000004	0.048	0.047	0.23199999999999998	0.252	0.33299999999999996	0.335	0.395	0.048	0.049	0.287	0.268	0.314	0.341	0.381	0.045	0.228	0.153	0.175	0.193	0.213	0.048	0.225	0.158	0.192	0.20600000000000002	0.21100000000000002	0.048	0.22699999999999998	0.149	0.157	0.21100000000000002	0.2
6.28	0.046	0.045	0.315	0.319	0.36	0.359	0.423	0.048	0.047	0.275	0.301	0.387	0.38799999999999996	0.45899999999999996	0.048	0.05	0.336	0.317	0.36700000000000005	0.397	0.442	0.045	0.24	0.16699999999999998	0.18899999999999997	0.205	0.228	0.048	0.23800000000000002	0.172	0.203	0.217	0.222	0.048	0.24	0.163	0.16899999999999998	0.221	0.212
6.53	0.047	0.045	0.365	0.37	0.41600000000000004	0.413	0.494	0.049	0.048	0.319	0.353	0.449	0.445	0.527	0.048	0.05	0.385	0.371	0.426	0.457	0.513	0.046	0.249	0.18100000000000002	0.204	0.21600000000000003	0.237	0.049	0.247	0.18600000000000003	0.212	0.22399999999999998	0.23199999999999998	0.048	0.25	0.175	0.182	0.23	0.22399999999999998
6.8	0.047	0.046	0.418	0.42700000000000005	0.475	0.47200000000000003	0.562	0.05	0.048	0.368	0.409	0.504	0.507	0.597	0.049	0.051	0.43799999999999994	0.429	0.484	0.52	0.578	0.046	0.257	0.19699999999999998	0.21600000000000003	0.223	0.243	0.049	0.254	0.203	0.218	0.22399999999999998	0.23600000000000002	0.049	0.258	0.19	0.196	0.23	0.23199999999999998
7.07	0.047	0.046	0.473	0.48700000000000004	0.531	0.5329999999999999	0.634	0.05	0.048	0.419	0.47100000000000003	0.555	0.5660000000000001	0.674	0.049	0.051	0.49	0.49	0.537	0.5820000000000001	0.6579999999999999	0.047	0.255	0.213	0.226	0.222	0.24100000000000002	0.05	0.254	0.215	0.21600000000000003	0.221	0.233	0.049	0.258	0.20600000000000002	0.20600000000000002	0.22399999999999998	0.231
7.32	0.048	0.047	0.523	0.542	0.574	0.589	0.7	0.051	0.049	0.473	0.524	0.599	0.618	0.7170000000000001	0.05	0.052000000000000005	0.534	0.545	0.579	0.631	0.705	0.047	0.252	0.225	0.231	0.217	0.23800000000000002	0.05	0.251	0.225	0.212	0.217	0.233	0.05	0.255	0.217	0.217	0.222	0.22899999999999998
7.58	0.048	0.047	0.5670000000000001	0.589	0.618	0.638	0.728	0.051	0.049	0.516	0.569	0.635	0.6629999999999999	0.743	0.05	0.053	0.573	0.594	0.618	0.675	0.731	0.047	0.25	0.23399999999999999	0.226	0.214	0.237	0.051	0.25	0.23600000000000002	0.261	0.21600000000000003	0.231	0.05	0.254	0.22899999999999998	0.222	0.21899999999999997	0.226
7.85	0.049	0.047	0.606	0.636	0.649	0.684	0.75	0.052000000000000005	0.05	0.5579999999999999	0.622	0.665	0.693	0.7609999999999999	0.051	0.054000000000000006	0.603	0.644	0.652	0.7070000000000001	0.747	0.048	0.247	0.237	0.222	0.212	0.23600000000000002	0.051	0.248	0.23800000000000002	0.20800000000000002	0.213	0.231	0.051	0.252	0.235	0.218	0.217	0.226
8.12	0.049	0.048	0.638	0.669	0.675	0.72	0.762	0.053	0.05	0.591	0.659	0.6920000000000001	0.728	0.78	0.052000000000000005	0.054000000000000006	0.633	0.677	0.6729999999999999	0.737	0.7609999999999999	0.048	0.247	0.23600000000000002	0.21899999999999997	0.209	0.235	0.052000000000000005	0.24600000000000002	0.23800000000000002	0.207	0.21100000000000002	0.22899999999999998	0.051	0.252	0.235	0.215	0.21600000000000003	0.225
8.37	0.05	0.048	0.648	0.701	0.6940000000000001	0.7440000000000001	0.7709999999999999	0.053	0.051	0.619	0.6859999999999999	0.715	0.738	0.789	0.052000000000000005	0.055	0.657	0.7020000000000001	0.691	0.757	0.769	0.049	0.24600000000000002	0.233	0.218	0.207	0.235	0.053	0.245	0.233	0.32299999999999995	0.21	0.22899999999999998	0.052000000000000005	0.252	0.23199999999999998	0.21100000000000002	0.214	0.22399999999999998
8.63	0.05	0.049	0.672	0.716	0.7090000000000001	0.763	0.778	0.054000000000000006	0.051	0.64	0.7040000000000001	0.732	0.757	0.792	0.053	0.055999999999999994	0.6709999999999999	0.72	0.708	0.774	0.777	0.049	0.243	0.23	0.21600000000000003	0.205	0.23399999999999999	0.053	0.244	0.23199999999999998	0.205	0.20800000000000002	0.22899999999999998	0.052000000000000005	0.251	0.231	0.21	0.212	0.22399999999999998
8.9	0.051	0.049	0.6890000000000001	0.727	0.721	0.778	0.7829999999999999	0.055	0.052000000000000005	0.6609999999999999	0.72	0.745	0.773	0.7979999999999999	0.054000000000000006	0.057	0.687	0.738	0.7240000000000001	0.7829999999999999	0.7829999999999999	0.05	0.24	0.22899999999999998	0.215	0.203	0.233	0.054000000000000006	0.242	0.23	0.203	0.205	0.226	0.054000000000000006	0.249	0.22699999999999998	0.207	0.209	0.223
9.15	0.051	0.049	0.705	0.741	0.736	0.7979999999999999	0.792	0.055999999999999994	0.052000000000000005	0.677	0.7340000000000001	0.7559999999999999	0.7859999999999999	0.804	0.055	0.057999999999999996	0.705	0.75	0.738	0.7979999999999999	0.792	0.05	0.24100000000000002	0.228	0.214	0.201	0.23399999999999999	0.055	0.242	0.231	0.204	0.203	0.228	0.054000000000000006	0.25	0.22899999999999998	0.207	0.207	0.22399999999999998
9.42	0.052000000000000005	0.05	0.7190000000000001	0.759	0.7509999999999999	0.812	0.8029999999999999	0.057	0.053	0.6920000000000001	0.7490000000000001	0.774	0.8079999999999999	0.823	0.055999999999999994	0.059000000000000004	0.7170000000000001	0.764	0.747	0.8140000000000001	0.802	0.051	0.239	0.22899999999999998	0.213	0.19899999999999998	0.23399999999999999	0.055999999999999994	0.24	0.231	0.23199999999999998	0.203	0.22699999999999998	0.055	0.249	0.22899999999999998	0.20600000000000002	0.205	0.223
9.68	0.052000000000000005	0.05	0.732	0.769	0.7659999999999999	0.828	0.812	0.057999999999999996	0.054000000000000006	0.703	0.76	0.7809999999999999	0.8190000000000001	0.8220000000000001	0.055999999999999994	0.059000000000000004	0.7290000000000001	0.774	0.765	0.83	0.809	0.052000000000000005	0.23800000000000002	0.228	0.212	0.196	0.233	0.057	0.24100000000000002	0.231	0.20199999999999999	0.2	0.22699999999999998	0.055999999999999994	0.25	0.22699999999999998	0.204	0.203	0.223
9.93	0.052000000000000005	0.051	0.745	0.778	0.7809999999999999	0.843	0.8170000000000001	0.059000000000000004	0.054000000000000006	0.72	0.772	0.8009999999999999	0.8390000000000001	0.8290000000000001	0.057999999999999996	0.06	0.7390000000000001	0.79	0.779	0.843	0.818	0.052000000000000005	0.23600000000000002	0.228	0.21100000000000002	0.19399999999999998	0.23199999999999998	0.057999999999999996	0.239	0.22899999999999998	0.201	0.198	0.225	0.057	0.249	0.22699999999999998	0.204	0.201	0.222
10.2	0.053	0.052000000000000005	0.758	0.7909999999999999	0.797	0.857	0.825	0.06	0.055	0.73	0.7859999999999999	0.8190000000000001	0.8440000000000001	0.84	0.057999999999999996	0.062	0.759	0.805	0.797	0.856	0.8270000000000001	0.053	0.23800000000000002	0.228	0.21	0.191	0.233	0.057999999999999996	0.239	0.22899999999999998	0.19899999999999998	0.195	0.226	0.057999999999999996	0.249	0.22699999999999998	0.203	0.19699999999999998	0.222
10.47	0.054000000000000006	0.052000000000000005	0.773	0.8059999999999999	0.81	0.871	0.8370000000000001	0.061	0.055999999999999994	0.7440000000000001	0.7909999999999999	0.831	0.857	0.852	0.06	0.063	0.765	0.818	0.812	0.866	0.8370000000000001	0.054000000000000006	0.237	0.228	0.209	0.18899999999999997	0.231	0.059000000000000004	0.23800000000000002	0.231	0.33299999999999996	0.192	0.22399999999999998	0.057999999999999996	0.249	0.228	0.20199999999999999	0.196	0.221
10.73	0.055	0.053	0.785	0.8170000000000001	0.8240000000000001	0.8809999999999999	0.8490000000000001	0.063	0.057	0.763	0.81	0.8440000000000001	0.87	0.868	0.061	0.064	0.784	0.836	0.825	0.877	0.851	0.055	0.23600000000000002	0.22699999999999998	0.20800000000000002	0.18600000000000003	0.231	0.061	0.23800000000000002	0.22899999999999998	0.305	0.19	0.22399999999999998	0.059000000000000004	0.251	0.228	0.201	0.193	0.221
10.98	0.055	0.053	0.794	0.83	0.838	0.892	0.873	0.064	0.057999999999999996	0.7759999999999999	0.82	0.862	0.884	0.89	0.062	0.065	0.7979999999999999	0.841	0.8390000000000001	0.894	0.873	0.055999999999999994	0.237	0.228	0.20600000000000002	0.185	0.22899999999999998	0.061	0.239	0.22899999999999998	0.24100000000000002	0.188	0.225	0.06	0.251	0.22699999999999998	0.201	0.19	0.22
11.25	0.055999999999999994	0.054000000000000006	0.805	0.838	0.853	0.91	0.898	0.065	0.059000000000000004	0.7829999999999999	0.833	0.88	0.898	0.915	0.063	0.067	0.816	0.8590000000000001	0.853	0.91	0.9	0.055999999999999994	0.23800000000000002	0.226	0.20600000000000002	0.18100000000000002	0.23	0.063	0.24	0.22899999999999998	0.268	0.18600000000000003	0.223	0.061	0.252	0.226	0.19899999999999998	0.188	0.21899999999999997
11.52	0.057	0.055	0.821	0.853	0.87	0.929	0.9259999999999999	0.067	0.059000000000000004	0.807	0.843	0.903	0.917	0.943	0.065	0.068	0.836	0.872	0.8759999999999999	0.929	0.9279999999999999	0.057999999999999996	0.237	0.225	0.205	0.18	0.228	0.064	0.239	0.226	0.193	0.184	0.223	0.063	0.252	0.22399999999999998	0.198	0.18600000000000003	0.22
11.77	0.057999999999999996	0.055999999999999994	0.847	0.871	0.899	0.9490000000000001	0.9570000000000001	0.068	0.061	0.825	0.8590000000000001	0.9259999999999999	0.937	0.97	0.066	0.07	0.863	0.892	0.9	0.9490000000000001	0.9570000000000001	0.057999999999999996	0.239	0.225	0.204	0.17800000000000002	0.228	0.066	0.24100000000000002	0.226	0.192	0.182	0.223	0.064	0.252	0.225	0.19699999999999998	0.184	0.218
12.03	0.059000000000000004	0.057	0.872	0.8909999999999999	0.9209999999999999	0.97	0.986	0.07	0.061	0.851	0.884	0.945	0.958	0.992	0.068	0.071	0.8909999999999999	0.914	0.9209999999999999	0.9690000000000001	0.9790000000000001	0.059000000000000004	0.23800000000000002	0.225	0.203	0.175	0.228	0.066	0.24100000000000002	0.22699999999999998	0.19	0.18100000000000002	0.223	0.065	0.255	0.22399999999999998	0.195	0.182	0.21899999999999997
12.3	0.06	0.057	0.899	0.915	0.941	0.99	0.993	0.071	0.063	0.879	0.9059999999999999	0.9640000000000001	0.977	0.998	0.069	0.073	0.919	0.9359999999999999	0.9390000000000001	0.987	0.9890000000000001	0.06	0.24	0.225	0.20199999999999999	0.17300000000000001	0.226	0.067	0.242	0.226	0.27399999999999997	0.177	0.221	0.067	0.254	0.223	0.195	0.179	0.217
12.57	0.061	0.057999999999999996	0.93	0.941	0.9620000000000001	1.0070000000000001	1.001	0.073	0.064	0.91	0.9309999999999999	0.982	0.9940000000000001	1.004	0.071	0.075	0.945	0.9590000000000001	0.9570000000000001	1.005	0.997	0.062	0.24	0.22399999999999998	0.2	0.171	0.226	0.069	0.242	0.225	0.19	0.17600000000000002	0.221	0.068	0.255	0.222	0.19399999999999998	0.17800000000000002	0.215
12.82	0.062	0.059000000000000004	0.9540000000000001	0.9640000000000001	0.976	1.023	1.0070000000000001	0.075	0.065	0.9359999999999999	0.955	0.998	1.0090000000000001	1.008	0.073	0.077	0.9690000000000001	0.9740000000000001	0.9740000000000001	1.0190000000000001	1.0	0.063	0.24100000000000002	0.22399999999999998	0.19899999999999998	0.17	0.226	0.07	0.244	0.225	0.188	0.175	0.22	0.07	0.258	0.222	0.192	0.17600000000000002	0.215
13.08	0.063	0.06	0.977	0.987	0.988	1.036	1.013	0.077	0.067	0.961	0.977	1.008	1.018	1.014	0.07400000000000001	0.079	0.9890000000000001	0.996	0.986	1.0270000000000001	1.006	0.065	0.242	0.223	0.198	0.168	0.22699999999999998	0.071	0.24600000000000002	0.22399999999999998	0.39299999999999996	0.172	0.21899999999999997	0.071	0.258	0.221	0.191	0.174	0.215
13.35	0.064	0.061	0.998	1.002	0.9940000000000001	1.043	1.05	0.079	0.068	0.975	0.995	1.012	1.023	1.02	0.076	0.081	1.004	1.012	0.99	1.031	1.011	0.066	0.243	0.222	0.196	0.16699999999999998	0.22399999999999998	0.073	0.24600000000000002	0.22399999999999998	0.185	0.171	0.21899999999999997	0.07200000000000001	0.259	0.22	0.19	0.17300000000000001	0.214
13.6	0.065	0.063	1.008	1.01	1.0090000000000001	1.0490000000000002	1.028	0.081	0.07	0.993	1.004	1.0170000000000001	1.028	1.028	0.079	0.083	1.01	1.021	0.9940000000000001	1.036	1.018	0.067	0.244	0.222	0.195	0.165	0.223	0.075	0.245	0.223	0.183	0.16899999999999998	0.218	0.07400000000000001	0.26	0.21899999999999997	0.18899999999999997	0.175	0.212
13.87	0.067	0.064	1.015	1.018	1.0090000000000001	1.042	1.035	0.083	0.071	1.004	1.011	1.021	1.032	1.033	0.081	0.086	1.016	1.0270000000000001	0.998	1.04	1.024	0.068	0.245	0.22	0.19399999999999998	0.163	0.225	0.077	0.248	0.222	0.183	0.168	0.218	0.075	0.262	0.22	0.188	0.16899999999999998	0.212
14.13	0.068	0.065	1.02	1.023	1.014	1.0490000000000002	1.041	0.085	0.073	1.01	1.018	1.026	1.037	1.041	0.08199999999999999	0.08800000000000001	1.022	1.034	1.001	1.046	1.03	0.07	0.24600000000000002	0.221	0.19399999999999998	0.162	0.22399999999999998	0.078	0.249	0.221	0.182	0.166	0.217	0.077	0.263	0.21899999999999997	0.187	0.168	0.212
14.4	0.07	0.066	1.0270000000000001	1.0290000000000001	1.018	1.053	1.0490000000000002	0.087	0.075	1.014	1.023	1.031	1.042	1.047	0.085	0.09	1.028	1.04	1.006	1.051	1.037	0.07200000000000001	0.248	0.221	0.192	0.16	0.221	0.081	0.251	0.22	0.33299999999999996	0.165	0.21600000000000003	0.079	0.264	0.218	0.185	0.166	0.21100000000000002
14.65	0.071	0.068	1.024	1.037	1.022	1.0590000000000002	1.0390000000000001	0.09	0.077	1.02	1.0290000000000001	1.037	1.0490000000000002	1.054	0.08800000000000001	0.094	1.035	1.046	1.011	1.056	1.044	0.07400000000000001	0.25	0.22	0.192	0.159	0.221	0.083	0.252	0.221	0.21100000000000002	0.16399999999999998	0.21600000000000003	0.081	0.267	0.217	0.184	0.165	0.21
14.92	0.073	0.069	1.03	1.044	1.026	1.065	1.045	0.09300000000000001	0.078	1.026	1.036	1.047	1.055	1.06	0.09	0.09699999999999999	1.042	1.053	1.016	1.062	1.05	0.076	0.251	0.21899999999999997	0.191	0.158	0.221	0.085	0.253	0.21899999999999997	0.24	0.163	0.21600000000000003	0.083	0.268	0.217	0.183	0.16399999999999998	0.21
15.18	0.07400000000000001	0.071	1.037	1.053	1.031	1.069	1.0490000000000002	0.096	0.081	1.033	1.043	1.047	1.061	1.0659999999999998	0.09300000000000001	0.1	1.0490000000000002	1.06	1.02	1.068	1.056	0.078	0.254	0.218	0.18899999999999997	0.157	0.222	0.086	0.255	0.221	0.337	0.163	0.215	0.085	0.272	0.217	0.18100000000000002	0.16399999999999998	0.21
15.43	0.076	0.07200000000000001	1.044	1.061	1.036	1.0759999999999998	1.056	0.099	0.08199999999999999	1.041	1.06	1.053	1.0659999999999998	1.074	0.096	0.102	1.056	1.067	1.026	1.075	1.064	0.08	0.255	0.218	0.188	0.156	0.221	0.08800000000000001	0.256	0.21899999999999997	0.317	0.161	0.21600000000000003	0.087	0.272	0.21600000000000003	0.182	0.162	0.209
15.7	0.077	0.073	1.052	1.069	1.041	1.084	1.062	0.102	0.085	1.048	1.058	1.0590000000000002	1.073	1.079	0.098	0.106	1.064	1.0759999999999998	1.031	1.081	1.07	0.08199999999999999	0.256	0.217	0.187	0.155	0.221	0.091	0.26	0.22	0.23199999999999998	0.16	0.215	0.08900000000000001	0.275	0.215	0.18100000000000002	0.161	0.207
15.97	0.08	0.075	1.0590000000000002	1.0759999999999998	1.048	1.092	1.068	0.106	0.087	1.054	1.0659999999999998	1.0659999999999998	1.08	1.0859999999999999	0.102	0.11	1.071	1.083	1.038	1.089	1.077	0.084	0.258	0.21600000000000003	0.187	0.154	0.22	0.094	0.26	0.217	0.17600000000000002	0.158	0.212	0.092	0.276	0.214	0.18	0.16	0.20800000000000002
16.23	0.08199999999999999	0.077	1.065	1.085	1.053	1.0979999999999999	1.072	0.109	0.08900000000000001	1.062	1.073	1.072	1.088	1.091	0.105	0.113	1.078	1.091	1.044	1.097	1.083	0.086	0.26	0.21600000000000003	0.185	0.154	0.21899999999999997	0.09699999999999999	0.262	0.217	0.175	0.157	0.214	0.095	0.278	0.213	0.17800000000000002	0.158	0.207
16.48	0.086	0.078	1.072	1.081	1.06	1.1059999999999999	1.077	0.11199999999999999	0.092	1.069	1.08	1.079	1.095	1.095	0.109	0.11699999999999999	1.0859999999999999	1.099	1.05	1.104	1.089	0.08900000000000001	0.264	0.21600000000000003	0.185	0.153	0.21899999999999997	0.099	0.265	0.217	0.175	0.156	0.212	0.098	0.28	0.213	0.177	0.158	0.20600000000000002
16.75	0.087	0.08	1.079	1.088	1.067	1.113	1.079	0.11599999999999999	0.094	1.0759999999999998	1.088	1.085	1.103	1.0959999999999999	0.11199999999999999	0.121	1.093	1.1059999999999999	1.057	1.112	1.089	0.091	0.266	0.21600000000000003	0.184	0.152	0.218	0.102	0.267	0.215	0.218	0.157	0.213	0.1	0.282	0.212	0.17600000000000002	0.157	0.20600000000000002
17.02	0.08800000000000001	0.08199999999999999	1.085	1.094	1.072	1.119	1.0759999999999998	0.11900000000000001	0.09699999999999999	1.083	1.094	1.092	1.1079999999999999	1.092	0.11599999999999999	0.125	1.099	1.113	1.064	1.1179999999999999	1.088	0.094	0.26899999999999996	0.21600000000000003	0.183	0.152	0.22	0.105	0.271	0.217	0.17300000000000001	0.155	0.214	0.10300000000000001	0.285	0.212	0.17600000000000002	0.157	0.20600000000000002
17.27	0.091	0.085	1.094	1.102	1.08	1.127	1.074	0.124	0.1	1.091	1.109	1.099	1.115	1.09	0.12	0.129	1.107	1.12	1.071	1.126	1.0859999999999999	0.09699999999999999	0.272	0.215	0.182	0.152	0.21899999999999997	0.109	0.273	0.215	0.17300000000000001	0.155	0.212	0.107	0.28800000000000003	0.21	0.175	0.156	0.204
17.53	0.094	0.086	1.0979999999999999	1.107	1.084	1.13	1.07	0.127	0.10300000000000001	1.097	1.1079999999999999	1.104	1.119	1.085	0.124	0.134	1.112	1.126	1.0759999999999998	1.13	1.081	0.1	0.276	0.21600000000000003	0.182	0.152	0.218	0.11199999999999999	0.27699999999999997	0.215	0.193	0.154	0.213	0.11	0.29100000000000004	0.21	0.175	0.154	0.204
17.8	0.09699999999999999	0.08900000000000001	1.104	1.111	1.088	1.133	1.0659999999999998	0.131	0.106	1.104	1.113	1.1079999999999999	1.12	1.081	0.128	0.13699999999999998	1.1159999999999999	1.1320000000000001	1.081	1.133	1.077	0.10300000000000001	0.27899999999999997	0.215	0.18	0.153	0.218	0.115	0.281	0.215	0.172	0.154	0.212	0.114	0.293	0.21100000000000002	0.174	0.154	0.203
18.07	0.099	0.092	1.107	1.114	1.091	1.133	1.061	0.135	0.11	1.11	1.117	1.11	1.119	1.078	0.132	0.142	1.1159999999999999	1.135	1.084	1.131	1.075	0.106	0.28300000000000003	0.214	0.18	0.153	0.21899999999999997	0.11800000000000001	0.284	0.214	0.171	0.153	0.21100000000000002	0.12	0.297	0.21	0.174	0.154	0.204
18.32	0.102	0.094	1.107	1.114	1.091	1.131	1.055	0.138	0.114	1.113	1.117	1.109	1.115	1.074	0.13699999999999998	0.147	1.113	1.135	1.084	1.128	1.071	0.109	0.28800000000000003	0.214	0.18	0.153	0.21899999999999997	0.122	0.287	0.214	0.171	0.154	0.21100000000000002	0.12300000000000001	0.297	0.209	0.172	0.153	0.20199999999999999
18.58	0.106	0.096	1.103	1.112	1.09	1.127	1.051	0.14300000000000002	0.11699999999999999	1.111	1.115	1.107	1.111	1.071	0.142	0.152	1.109	1.1320000000000001	1.081	1.123	1.068	0.11199999999999999	0.29100000000000004	0.213	0.179	0.155	0.218	0.125	0.29100000000000004	0.212	0.171	0.153	0.21	0.128	0.301	0.20800000000000002	0.172	0.153	0.20199999999999999
18.85	0.10800000000000001	0.098	1.0979999999999999	1.107	1.0859999999999999	1.123	1.048	0.147	0.121	1.1079999999999999	1.111	1.102	1.1059999999999999	1.0659999999999998	0.146	0.157	1.104	1.127	1.077	1.119	1.064	0.11599999999999999	0.294	0.214	0.179	0.156	0.218	0.13	0.293	0.213	0.175	0.152	0.209	0.131	0.305	0.207	0.172	0.152	0.2
19.1	0.111	0.10099999999999999	1.093	1.103	1.08	1.117	1.042	0.15	0.125	1.103	1.107	1.0959999999999999	1.101	1.061	0.151	0.161	1.1	1.122	1.071	1.113	1.06	0.12	0.3	0.213	0.17800000000000002	0.157	0.218	0.134	0.298	0.212	0.325	0.153	0.21	0.135	0.307	0.20600000000000002	0.17	0.151	0.201
19.37	0.115	0.10300000000000001	1.09	1.099	1.075	1.112	1.036	0.154	0.129	1.099	1.102	1.091	1.097	1.057	0.156	0.166	1.0959999999999999	1.1179999999999999	1.0659999999999998	1.109	1.055	0.124	0.305	0.213	0.177	0.159	0.21899999999999997	0.138	0.3	0.21100000000000002	0.168	0.153	0.21	0.139	0.311	0.207	0.16899999999999998	0.151	0.19899999999999998
19.63	0.11900000000000001	0.106	1.085	1.094	1.067	1.105	1.03	0.158	0.133	1.094	1.0979999999999999	1.084	1.091	1.051	0.16	0.17	1.093	1.113	1.06	1.105	1.051	0.129	0.31	0.213	0.177	0.161	0.22	0.141	0.307	0.214	0.226	0.153	0.21100000000000002	0.142	0.313	0.20600000000000002	0.168	0.151	0.19899999999999998
19.88	0.122	0.109	1.084	1.09	1.061	1.1	1.025	0.16	0.138	1.093	1.097	1.079	1.0859999999999999	1.048	0.16399999999999998	0.174	1.09	1.114	1.056	1.1	1.047	0.131	0.316	0.213	0.177	0.16399999999999998	0.22	0.14300000000000002	0.309	0.212	0.207	0.153	0.21	0.146	0.315	0.20600000000000002	0.168	0.151	0.19899999999999998
20.15	0.126	0.11199999999999999	1.077	1.084	1.055	1.093	1.02	0.16399999999999998	0.141	1.088	1.09	1.073	1.081	1.043	0.16699999999999998	0.17800000000000002	1.085	1.1079999999999999	1.05	1.095	1.043	0.136	0.321	0.213	0.17800000000000002	0.16699999999999998	0.22	0.147	0.315	0.213	0.168	0.153	0.21100000000000002	0.149	0.321	0.205	0.168	0.151	0.19899999999999998
20.42	0.13	0.115	1.071	1.079	1.048	1.087	1.014	0.166	0.146	1.083	1.085	1.067	1.075	1.038	0.17	0.183	1.081	1.103	1.045	1.09	1.0390000000000001	0.139	0.327	0.213	0.177	0.171	0.221	0.15	0.322	0.213	0.226	0.154	0.21100000000000002	0.153	0.322	0.20600000000000002	0.168	0.151	0.198
20.68	0.134	0.11800000000000001	1.0659999999999998	1.075	1.043	1.082	1.01	0.17	0.149	1.079	1.082	1.063	1.07	1.035	0.175	0.187	1.077	1.099	1.042	1.085	1.034	0.14400000000000002	0.331	0.213	0.17600000000000002	0.175	0.222	0.155	0.322	0.21100000000000002	0.16699999999999998	0.154	0.21	0.158	0.324	0.205	0.16699999999999998	0.151	0.198
20.93	0.138	0.121	1.062	1.07	1.037	1.0759999999999998	1.005	0.174	0.154	1.074	1.0759999999999998	1.0590000000000002	1.065	1.03	0.179	0.191	1.073	1.095	1.037	1.08	1.031	0.149	0.336	0.213	0.177	0.179	0.22399999999999998	0.159	0.327	0.212	0.254	0.155	0.21	0.161	0.32799999999999996	0.204	0.166	0.151	0.19899999999999998
21.2	0.142	0.125	1.058	1.067	1.033	1.071	1.0	0.17800000000000002	0.157	1.07	1.073	1.054	1.06	1.028	0.183	0.19399999999999998	1.07	1.091	1.033	1.0759999999999998	1.0270000000000001	0.153	0.34	0.215	0.177	0.185	0.223	0.163	0.332	0.212	0.168	0.157	0.21	0.16699999999999998	0.32899999999999996	0.203	0.165	0.15	0.19699999999999998
21.47	0.145	0.128	1.053	1.062	1.028	1.065	0.996	0.18100000000000002	0.161	1.0659999999999998	1.068	1.0490000000000002	1.055	1.024	0.188	0.196	1.065	1.087	1.028	1.071	1.023	0.157	0.345	0.214	0.17800000000000002	0.18899999999999997	0.225	0.166	0.336	0.21100000000000002	0.16699999999999998	0.158	0.21	0.171	0.33299999999999996	0.204	0.16399999999999998	0.151	0.198
21.72	0.15	0.131	1.048	1.056	1.023	1.0590000000000002	0.991	0.184	0.16399999999999998	1.062	1.063	1.044	1.05	1.0190000000000001	0.19	0.198	1.062	1.083	1.024	1.067	1.02	0.16	0.348	0.215	0.179	0.19399999999999998	0.248	0.16899999999999998	0.33899999999999997	0.21100000000000002	0.179	0.159	0.21100000000000002	0.174	0.33399999999999996	0.205	0.16399999999999998	0.151	0.198
21.98	0.154	0.135	1.044	1.053	1.018	1.054	0.987	0.187	0.16699999999999998	1.0590000000000002	1.0590000000000002	1.04	1.046	1.016	0.19399999999999998	0.201	1.058	1.08	1.0190000000000001	1.063	1.0170000000000001	0.16399999999999998	0.354	0.21600000000000003	0.179	0.19899999999999998	0.22699999999999998	0.172	0.34	0.21100000000000002	0.37799999999999995	0.161	0.21100000000000002	0.17800000000000002	0.336	0.204	0.16399999999999998	0.152	0.19699999999999998
22.25	0.157	0.138	1.04	1.0490000000000002	1.014	1.0490000000000002	0.983	0.19	0.171	1.055	1.055	1.035	1.041	1.012	0.19699999999999998	0.203	1.055	1.0759999999999998	1.015	1.058	1.014	0.16699999999999998	0.355	0.217	0.18	0.204	0.22899999999999998	0.17600000000000002	0.342	0.212	0.166	0.16399999999999998	0.212	0.18100000000000002	0.33799999999999997	0.20199999999999999	0.163	0.152	0.19699999999999998
22.52	0.161	0.141	1.035	1.044	1.0090000000000001	1.044	0.978	0.193	0.174	1.051	1.052	1.03	1.037	1.0090000000000001	0.201	0.20600000000000002	1.051	1.072	1.011	1.054	1.01	0.172	0.359	0.21899999999999997	0.18100000000000002	0.21	0.22899999999999998	0.179	0.34700000000000003	0.21100000000000002	0.168	0.165	0.213	0.185	0.33899999999999997	0.203	0.162	0.153	0.19899999999999998
22.77	0.16399999999999998	0.14300000000000002	1.032	1.041	1.004	1.04	0.975	0.196	0.17800000000000002	1.048	1.048	1.026	1.033	1.006	0.204	0.20800000000000002	1.048	1.069	1.0070000000000001	1.051	1.008	0.175	0.364	0.22	0.184	0.215	0.231	0.18	0.35	0.212	0.18100000000000002	0.16699999999999998	0.213	0.18899999999999997	0.33799999999999997	0.203	0.162	0.154	0.196
23.03	0.168	0.147	1.028	1.037	1.0	1.036	0.971	0.198	0.18100000000000002	1.044	1.044	1.022	1.0290000000000001	1.003	0.207	0.21100000000000002	1.045	1.065	1.003	1.047	1.004	0.17800000000000002	0.364	0.221	0.18600000000000003	0.218	0.233	0.182	0.35	0.21100000000000002	0.168	0.16899999999999998	0.213	0.19	0.341	0.203	0.161	0.155	0.19699999999999998
23.3	0.171	0.149	1.024	1.033	0.995	1.031	0.9670000000000001	0.2	0.184	1.041	1.041	1.018	1.025	1.0	0.21	0.214	1.042	1.062	0.9990000000000001	1.043	1.002	0.18100000000000002	0.36700000000000005	0.223	0.187	0.223	0.235	0.185	0.35200000000000004	0.212	0.16699999999999998	0.171	0.214	0.193	0.34299999999999997	0.20199999999999999	0.161	0.156	0.196
23.55	0.174	0.153	1.02	1.0290000000000001	0.99	1.028	0.965	0.203	0.188	1.037	1.038	1.015	1.022	0.998	0.214	0.217	1.0390000000000001	1.0590000000000002	0.996	1.04	0.9990000000000001	0.184	0.368	0.225	0.19	0.225	0.23600000000000002	0.18899999999999997	0.353	0.21100000000000002	0.168	0.17300000000000001	0.214	0.196	0.34299999999999997	0.201	0.161	0.157	0.19699999999999998
23.82	0.17800000000000002	0.154	1.018	1.026	0.987	1.024	0.9620000000000001	0.205	0.19	1.034	1.034	1.01	1.0190000000000001	0.995	0.217	0.22	1.036	1.056	0.993	1.037	0.996	0.188	0.37200000000000005	0.22699999999999998	0.193	0.228	0.24	0.19	0.355	0.21899999999999997	0.168	0.175	0.214	0.201	0.344	0.201	0.16	0.157	0.19699999999999998
24.08	0.18100000000000002	0.158	1.014	1.022	0.983	1.02	0.9570000000000001	0.20800000000000002	0.19	1.031	1.031	1.0070000000000001	1.016	0.991	0.218	0.222	1.034	1.053	0.9890000000000001	1.034	0.9940000000000001	0.188	0.375	0.22899999999999998	0.195	0.23	0.24100000000000002	0.192	0.35700000000000004	0.212	0.168	0.177	0.21600000000000003	0.205	0.344	0.20199999999999999	0.16	0.158	0.196
24.35	0.18600000000000003	0.16	1.011	1.0190000000000001	0.9790000000000001	1.016	0.9540000000000001	0.21	0.192	1.0290000000000001	1.028	1.004	1.013	0.9890000000000001	0.22	0.22399999999999998	1.031	1.051	0.986	1.031	0.991	0.19	0.376	0.231	0.198	0.23199999999999998	0.243	0.195	0.36	0.212	0.168	0.17800000000000002	0.21600000000000003	0.20800000000000002	0.34600000000000003	0.201	0.159	0.16	0.19699999999999998
24.6	0.19	0.16399999999999998	1.0070000000000001	1.016	0.976	1.013	0.951	0.213	0.193	1.026	1.026	1.001	1.01	0.986	0.223	0.228	1.028	1.048	0.9840000000000001	1.028	0.9890000000000001	0.193	0.377	0.237	0.20199999999999999	0.233	0.245	0.19699999999999998	0.361	0.212	0.275	0.18100000000000002	0.217	0.21100000000000002	0.34700000000000003	0.201	0.158	0.16	0.196
24.87	0.193	0.166	1.004	1.013	0.972	1.01	0.948	0.214	0.195	1.023	1.022	0.997	1.0070000000000001	0.9840000000000001	0.225	0.228	1.026	1.045	0.98	1.025	0.986	0.196	0.38	0.23800000000000002	0.205	0.23800000000000002	0.248	0.2	0.36	0.214	0.25	0.183	0.21600000000000003	0.215	0.348	0.201	0.158	0.162	0.19699999999999998
25.13	0.19699999999999998	0.168	1.001	1.0090000000000001	0.9690000000000001	1.005	0.9440000000000001	0.21600000000000003	0.19699999999999998	1.02	1.0190000000000001	0.9940000000000001	1.004	0.981	0.226	0.23	1.023	1.043	0.977	1.022	0.9840000000000001	0.196	0.381	0.24	0.20800000000000002	0.23800000000000002	0.25	0.203	0.363	0.215	0.17	0.18600000000000003	0.217	0.21899999999999997	0.35	0.201	0.158	0.163	0.19699999999999998
25.38	0.19899999999999998	0.17	0.998	1.0070000000000001	0.966	1.003	0.941	0.21899999999999997	0.19899999999999998	1.018	1.0170000000000001	0.991	1.001	0.9790000000000001	0.22899999999999998	0.233	1.021	1.04	0.975	1.0190000000000001	0.982	0.19899999999999998	0.38299999999999995	0.245	0.21	0.24	0.251	0.203	0.366	0.21600000000000003	0.348	0.18600000000000003	0.218	0.222	0.35100000000000003	0.20199999999999999	0.158	0.165	0.19699999999999998
25.65	0.204	0.172	0.995	1.004	0.9620000000000001	0.9990000000000001	0.938	0.221	0.2	1.015	1.014	0.988	0.998	0.977	0.231	0.23399999999999999	1.018	1.038	0.972	1.0170000000000001	0.9790000000000001	0.201	0.384	0.247	0.214	0.243	0.255	0.205	0.368	0.21600000000000003	0.226	0.188	0.21899999999999997	0.225	0.35100000000000003	0.203	0.158	0.166	0.19699999999999998
25.92	0.207	0.174	0.992	1.001	0.958	0.996	0.9359999999999999	0.222	0.20199999999999999	1.012	1.012	0.985	0.995	0.9740000000000001	0.233	0.23399999999999999	1.016	1.036	0.9690000000000001	1.014	0.977	0.203	0.387	0.252	0.218	0.24600000000000002	0.256	0.207	0.368	0.218	0.17300000000000001	0.19	0.22	0.228	0.353	0.204	0.157	0.16699999999999998	0.198
26.18	0.21	0.17600000000000002	0.9890000000000001	0.9990000000000001	0.956	0.993	0.932	0.225	0.205	1.01	1.0090000000000001	0.982	0.993	0.972	0.23600000000000002	0.23800000000000002	1.013	1.033	0.9670000000000001	1.012	0.975	0.20600000000000002	0.38799999999999996	0.253	0.221	0.249	0.259	0.21	0.37	0.217	0.175	0.191	0.222	0.23199999999999998	0.353	0.20199999999999999	0.157	0.16699999999999998	0.19699999999999998
26.43	0.213	0.179	0.987	0.997	0.9540000000000001	0.99	0.93	0.22699999999999998	0.207	1.008	1.0070000000000001	0.98	0.991	0.97	0.23600000000000002	0.239	1.011	1.031	0.9640000000000001	1.01	0.973	0.20600000000000002	0.391	0.253	0.225	0.25	0.259	0.21100000000000002	0.37200000000000005	0.21899999999999997	0.218	0.192	0.222	0.23399999999999999	0.35200000000000004	0.20199999999999999	0.156	0.168	0.198
26.7	0.215	0.18	0.9840000000000001	0.9940000000000001	0.951	0.987	0.927	0.22899999999999998	0.20800000000000002	1.005	1.005	0.978	0.9890000000000001	0.968	0.23800000000000002	0.24100000000000002	1.0090000000000001	1.0290000000000001	0.9620000000000001	1.0070000000000001	0.971	0.209	0.39399999999999996	0.26	0.22699999999999998	0.254	0.262	0.213	0.373	0.221	0.289	0.19399999999999998	0.222	0.237	0.354	0.201	0.157	0.17	0.19699999999999998
26.97	0.218	0.18100000000000002	0.983	0.996	0.948	0.9840000000000001	0.9229999999999999	0.231	0.209	1.004	1.005	0.978	0.986	0.966	0.239	0.24	1.0090000000000001	1.0290000000000001	0.9590000000000001	1.005	0.9690000000000001	0.21	0.395	0.264	0.228	0.256	0.265	0.215	0.374	0.222	0.17800000000000002	0.19699999999999998	0.22399999999999998	0.237	0.35600000000000004	0.204	0.158	0.171	0.19899999999999998
27.22	0.221	0.184	0.981	0.992	0.945	0.981	0.9209999999999999	0.23199999999999998	0.21	1.002	1.002	0.975	0.9840000000000001	0.9640000000000001	0.242	0.24100000000000002	1.0070000000000001	1.026	0.9570000000000001	1.003	0.9670000000000001	0.213	0.395	0.266	0.23199999999999998	0.258	0.267	0.21600000000000003	0.375	0.22399999999999998	0.284	0.198	0.22399999999999998	0.239	0.35600000000000004	0.203	0.157	0.172	0.19699999999999998
27.48	0.222	0.18600000000000003	0.978	0.991	0.9420000000000001	0.9790000000000001	0.9179999999999999	0.233	0.21100000000000002	1.0	1.0	0.972	0.982	0.9620000000000001	0.243	0.242	1.005	1.025	0.955	1.001	0.965	0.214	0.397	0.26899999999999996	0.235	0.261	0.27	0.218	0.377	0.225	0.18100000000000002	0.2	0.226	0.242	0.35700000000000004	0.203	0.157	0.17300000000000001	0.198
27.75	0.226	0.188	0.975	0.9890000000000001	0.94	0.976	0.915	0.23399999999999999	0.212	0.998	0.997	0.97	0.98	0.96	0.245	0.243	1.003	1.023	0.953	0.998	0.963	0.21600000000000003	0.39899999999999997	0.271	0.237	0.262	0.271	0.22	0.379	0.228	0.452	0.201	0.226	0.243	0.358	0.204	0.158	0.174	0.198
28.02	0.22699999999999998	0.19	0.972	0.987	0.937	0.9740000000000001	0.912	0.23600000000000002	0.215	0.996	0.996	0.968	0.978	0.958	0.247	0.244	1.001	1.021	0.951	0.996	0.961	0.218	0.402	0.276	0.239	0.266	0.27399999999999997	0.221	0.379	0.235	0.183	0.201	0.23	0.247	0.358	0.204	0.158	0.175	0.198
28.27	0.23	0.192	0.97	0.9840000000000001	0.935	0.972	0.91	0.237	0.21600000000000003	0.9940000000000001	0.993	0.965	0.976	0.956	0.247	0.24600000000000002	0.9990000000000001	1.0190000000000001	0.9490000000000001	0.9940000000000001	0.96	0.21899999999999997	0.401	0.27899999999999997	0.242	0.26899999999999996	0.27399999999999997	0.222	0.381	0.23	0.21	0.203	0.22899999999999998	0.248	0.36	0.205	0.158	0.17600000000000002	0.2
28.53	0.23199999999999998	0.195	0.9670000000000001	0.981	0.9309999999999999	0.968	0.907	0.239	0.217	0.992	0.991	0.963	0.9740000000000001	0.9540000000000001	0.248	0.24600000000000002	0.997	1.0170000000000001	0.946	0.992	0.958	0.221	0.402	0.27899999999999997	0.244	0.27	0.276	0.223	0.382	0.23199999999999998	0.18600000000000003	0.204	0.23	0.25	0.361	0.20600000000000002	0.16	0.17600000000000002	0.2
28.8	0.235	0.196	0.965	0.9790000000000001	0.93	0.966	0.905	0.24	0.21899999999999997	0.99	0.99	0.9620000000000001	0.972	0.953	0.251	0.247	0.995	1.015	0.945	0.99	0.956	0.222	0.40299999999999997	0.282	0.24600000000000002	0.273	0.27899999999999997	0.225	0.381	0.23399999999999999	0.18899999999999997	0.205	0.231	0.252	0.359	0.20600000000000002	0.16	0.177	0.2
29.05	0.237	0.19899999999999998	0.963	0.977	0.9279999999999999	0.9640000000000001	0.902	0.24100000000000002	0.22	0.988	0.988	0.9590000000000001	0.97	0.951	0.251	0.249	0.993	1.013	0.943	0.9890000000000001	0.9540000000000001	0.223	0.405	0.285	0.248	0.275	0.28	0.22699999999999998	0.38299999999999995	0.23600000000000002	0.18899999999999997	0.20600000000000002	0.231	0.258	0.36	0.20600000000000002	0.161	0.179	0.2
29.32	0.23800000000000002	0.2	0.961	0.9740000000000001	0.925	0.9620000000000001	0.899	0.24	0.221	0.986	0.985	0.956	0.968	0.9490000000000001	0.253	0.251	0.991	1.011	0.941	0.987	0.953	0.22399999999999998	0.409	0.289	0.25	0.27699999999999997	0.28300000000000003	0.228	0.385	0.23800000000000002	0.191	0.207	0.233	0.26	0.363	0.20600000000000002	0.162	0.18	0.201
29.58	0.23800000000000002	0.201	0.958	0.971	0.922	0.958	0.895	0.24100000000000002	0.222	0.9840000000000001	0.983	0.955	0.966	0.946	0.251	0.249	0.9890000000000001	1.01	0.9390000000000001	0.985	0.951	0.22399999999999998	0.409	0.295	0.252	0.278	0.285	0.22899999999999998	0.386	0.239	0.19899999999999998	0.20800000000000002	0.233	0.262	0.36200000000000004	0.20800000000000002	0.162	0.18	0.201
29.85	0.24	0.203	0.955	0.968	0.92	0.956	0.893	0.24100000000000002	0.221	0.983	0.981	0.953	0.965	0.945	0.251	0.249	0.988	1.008	0.937	0.983	0.9490000000000001	0.22399999999999998	0.41	0.297	0.254	0.281	0.287	0.23	0.38799999999999996	0.24100000000000002	0.397	0.21	0.23600000000000002	0.264	0.363	0.20800000000000002	0.16399999999999998	0.182	0.20199999999999999
30.1	0.24100000000000002	0.20600000000000002	0.953	0.966	0.917	0.953	0.8909999999999999	0.242	0.222	0.981	0.98	0.951	0.963	0.943	0.253	0.25	0.986	1.006	0.935	0.981	0.948	0.226	0.41200000000000003	0.29600000000000004	0.256	0.28300000000000003	0.29	0.23199999999999998	0.389	0.24100000000000002	0.193	0.21100000000000002	0.23600000000000002	0.265	0.363	0.21100000000000002	0.16399999999999998	0.183	0.203
30.37	0.242	0.20600000000000002	0.951	0.9640000000000001	0.915	0.951	0.888	0.242	0.22399999999999998	0.9790000000000001	0.977	0.9490000000000001	0.961	0.9420000000000001	0.253	0.25	0.9840000000000001	1.004	0.9329999999999999	0.98	0.946	0.228	0.415	0.3	0.257	0.284	0.29	0.23199999999999998	0.392	0.243	0.198	0.21	0.23800000000000002	0.266	0.364	0.21	0.165	0.182	0.20199999999999999
30.63	0.243	0.20800000000000002	0.948	0.961	0.912	0.9490000000000001	0.885	0.243	0.225	0.978	0.975	0.9470000000000001	0.96	0.9390000000000001	0.255	0.25	0.982	1.003	0.932	0.978	0.9440000000000001	0.228	0.41600000000000004	0.303	0.259	0.285	0.293	0.233	0.39299999999999996	0.249	0.42	0.212	0.23800000000000002	0.266	0.364	0.21100000000000002	0.166	0.184	0.20199999999999999
30.88	0.242	0.209	0.946	0.958	0.91	0.946	0.882	0.243	0.226	0.976	0.9740000000000001	0.946	0.958	0.938	0.255	0.249	0.981	1.001	0.93	0.976	0.943	0.22899999999999998	0.418	0.306	0.263	0.28600000000000003	0.295	0.233	0.39399999999999996	0.24600000000000002	0.195	0.212	0.24	0.268	0.364	0.213	0.168	0.184	0.20199999999999999
31.15	0.243	0.21	0.9440000000000001	0.9570000000000001	0.909	0.9440000000000001	0.88	0.244	0.225	0.9740000000000001	0.971	0.9440000000000001	0.956	0.9359999999999999	0.255	0.25	0.9790000000000001	1.0	0.9279999999999999	0.975	0.941	0.22899999999999998	0.419	0.307	0.263	0.289	0.29600000000000004	0.235	0.396	0.247	0.196	0.213	0.24100000000000002	0.268	0.366	0.213	0.16899999999999998	0.18600000000000003	0.204
31.42	0.242	0.212	0.9420000000000001	0.9540000000000001	0.9059999999999999	0.9420000000000001	0.877	0.244	0.226	0.973	0.97	0.9420000000000001	0.955	0.934	0.256	0.25	0.977	0.998	0.927	0.973	0.94	0.23	0.423	0.308	0.265	0.289	0.298	0.23600000000000002	0.39799999999999996	0.249	0.19699999999999998	0.215	0.242	0.26899999999999996	0.36700000000000005	0.213	0.171	0.18600000000000003	0.204
31.68	0.244	0.21600000000000003	0.94	0.9520000000000001	0.905	0.941	0.875	0.247	0.22699999999999998	0.971	0.968	0.941	0.953	0.934	0.257	0.251	0.976	0.997	0.925	0.972	0.9390000000000001	0.23199999999999998	0.423	0.311	0.266	0.29100000000000004	0.3	0.237	0.39799999999999996	0.25	0.235	0.215	0.243	0.27	0.36700000000000005	0.213	0.17	0.18600000000000003	0.204
31.93	0.245	0.217	0.938	0.95	0.903	0.9390000000000001	0.872	0.247	0.22899999999999998	0.97	0.9670000000000001	0.9390000000000001	0.9520000000000001	0.932	0.258	0.252	0.9740000000000001	0.995	0.924	0.97	0.937	0.233	0.425	0.311	0.268	0.292	0.3	0.23800000000000002	0.39799999999999996	0.253	0.20800000000000002	0.214	0.243	0.27	0.369	0.213	0.172	0.18600000000000003	0.204
32.2	0.245	0.218	0.935	0.9470000000000001	0.9009999999999999	0.937	0.87	0.248	0.23	0.968	0.965	0.938	0.951	0.93	0.257	0.252	0.973	0.9940000000000001	0.922	0.9690000000000001	0.9359999999999999	0.23199999999999998	0.42700000000000005	0.311	0.26899999999999996	0.292	0.301	0.239	0.401	0.252	0.198	0.215	0.243	0.271	0.37	0.215	0.172	0.187	0.205
32.47	0.245	0.21899999999999997	0.9329999999999999	0.946	0.899	0.934	0.866	0.248	0.23	0.966	0.963	0.9359999999999999	0.9490000000000001	0.9279999999999999	0.257	0.252	0.971	0.992	0.92	0.9670000000000001	0.934	0.233	0.429	0.311	0.27	0.293	0.303	0.239	0.402	0.252	0.446	0.21600000000000003	0.245	0.271	0.369	0.218	0.17300000000000001	0.187	0.20600000000000002
32.72	0.24600000000000002	0.221	0.9309999999999999	0.943	0.8959999999999999	0.932	0.863	0.248	0.22899999999999998	0.965	0.96	0.934	0.948	0.927	0.257	0.252	0.97	0.99	0.919	0.966	0.9329999999999999	0.233	0.433	0.317	0.271	0.293	0.304	0.24	0.405	0.255	0.19899999999999998	0.217	0.24600000000000002	0.271	0.37200000000000005	0.21899999999999997	0.175	0.188	0.20600000000000002
32.98	0.244	0.221	0.927	0.94	0.893	0.9279999999999999	0.8590000000000001	0.248	0.22699999999999998	0.963	0.958	0.932	0.945	0.924	0.257	0.25	0.968	0.9890000000000001	0.917	0.9640000000000001	0.9309999999999999	0.23399999999999999	0.433	0.32	0.272	0.295	0.304	0.24	0.408	0.258	0.201	0.218	0.247	0.27	0.37200000000000005	0.218	0.174	0.18899999999999997	0.20600000000000002
33.25	0.24600000000000002	0.222	0.925	0.937	0.8909999999999999	0.9259999999999999	0.856	0.249	0.22699999999999998	0.9620000000000001	0.9570000000000001	0.93	0.9440000000000001	0.9229999999999999	0.257	0.249	0.966	0.987	0.915	0.9620000000000001	0.93	0.23399999999999999	0.436	0.317	0.273	0.295	0.306	0.24	0.409	0.257	0.201	0.21899999999999997	0.248	0.26899999999999996	0.37200000000000005	0.22	0.17600000000000002	0.18899999999999997	0.207
33.52	0.24600000000000002	0.222	0.9229999999999999	0.935	0.889	0.924	0.853	0.249	0.228	0.96	0.955	0.929	0.943	0.9209999999999999	0.258	0.25	0.965	0.986	0.914	0.961	0.9279999999999999	0.23399999999999999	0.439	0.316	0.27399999999999997	0.295	0.304	0.24100000000000002	0.41	0.259	0.456	0.21899999999999997	0.25	0.27	0.373	0.22	0.17600000000000002	0.18899999999999997	0.20600000000000002
33.77	0.247	0.223	0.9209999999999999	0.9329999999999999	0.888	0.922	0.851	0.251	0.228	0.9590000000000001	0.9540000000000001	0.9279999999999999	0.941	0.919	0.258	0.251	0.963	0.9840000000000001	0.912	0.96	0.927	0.23399999999999999	0.441	0.32	0.275	0.29600000000000004	0.306	0.243	0.409	0.258	0.467	0.22	0.249	0.27	0.373	0.222	0.17600000000000002	0.18899999999999997	0.207
34.03	0.248	0.22399999999999998	0.919	0.9309999999999999	0.8859999999999999	0.92	0.848	0.251	0.228	0.9570000000000001	0.9520000000000001	0.9259999999999999	0.94	0.9179999999999999	0.258	0.252	0.9620000000000001	0.983	0.9109999999999999	0.958	0.925	0.23600000000000002	0.442	0.318	0.27699999999999997	0.295	0.306	0.243	0.41	0.26	0.308	0.21899999999999997	0.25	0.26899999999999996	0.37200000000000005	0.22	0.177	0.19	0.209
34.3	0.247	0.225	0.917	0.929	0.884	0.9179999999999999	0.8440000000000001	0.251	0.23	0.956	0.951	0.925	0.9390000000000001	0.9159999999999999	0.259	0.253	0.96	0.981	0.909	0.9570000000000001	0.924	0.23600000000000002	0.44299999999999995	0.317	0.276	0.295	0.305	0.244	0.41200000000000003	0.26	0.444	0.22	0.251	0.27	0.373	0.221	0.177	0.19	0.209
34.55	0.247	0.22399999999999998	0.915	0.9259999999999999	0.882	0.915	0.8420000000000001	0.251	0.23	0.9540000000000001	0.948	0.9229999999999999	0.937	0.914	0.26	0.253	0.9590000000000001	0.9790000000000001	0.9079999999999999	0.955	0.9229999999999999	0.235	0.444	0.319	0.27699999999999997	0.293	0.306	0.243	0.415	0.261	0.45899999999999996	0.221	0.251	0.268	0.374	0.222	0.177	0.19	0.21
34.82	0.25	0.226	0.912	0.9229999999999999	0.879	0.9129999999999999	0.8390000000000001	0.253	0.23	0.953	0.9470000000000001	0.9209999999999999	0.935	0.9129999999999999	0.261	0.252	0.9570000000000001	0.978	0.9059999999999999	0.9540000000000001	0.9209999999999999	0.235	0.44799999999999995	0.318	0.278	0.294	0.305	0.244	0.415	0.261	0.21100000000000002	0.221	0.253	0.27	0.375	0.22399999999999998	0.17800000000000002	0.18899999999999997	0.209
35.08	0.248	0.226	0.91	0.922	0.878	0.9109999999999999	0.835	0.252	0.23	0.951	0.945	0.92	0.935	0.9109999999999999	0.261	0.252	0.956	0.976	0.905	0.953	0.92	0.23600000000000002	0.449	0.319	0.27699999999999997	0.293	0.306	0.244	0.41700000000000004	0.263	0.20600000000000002	0.221	0.253	0.26899999999999996	0.375	0.223	0.179	0.19	0.209
35.33	0.247	0.226	0.907	0.919	0.875	0.9079999999999999	0.8320000000000001	0.252	0.23	0.9490000000000001	0.943	0.9179999999999999	0.9329999999999999	0.909	0.261	0.253	0.9540000000000001	0.975	0.904	0.951	0.9179999999999999	0.23600000000000002	0.451	0.319	0.27899999999999997	0.293	0.307	0.245	0.42100000000000004	0.265	0.235	0.222	0.255	0.26899999999999996	0.375	0.225	0.179	0.191	0.21100000000000002
35.6	0.24600000000000002	0.226	0.905	0.917	0.873	0.9059999999999999	0.8290000000000001	0.254	0.231	0.948	0.9420000000000001	0.917	0.932	0.9079999999999999	0.262	0.253	0.953	0.9740000000000001	0.902	0.95	0.917	0.237	0.452	0.318	0.28	0.292	0.306	0.245	0.42200000000000004	0.265	0.21	0.222	0.255	0.26899999999999996	0.376	0.223	0.18100000000000002	0.19	0.212
35.87	0.24600000000000002	0.226	0.903	0.914	0.871	0.903	0.826	0.254	0.23	0.9470000000000001	0.94	0.915	0.93	0.9059999999999999	0.263	0.253	0.9520000000000001	0.973	0.9009999999999999	0.9490000000000001	0.9159999999999999	0.239	0.455	0.317	0.28	0.292	0.306	0.245	0.423	0.265	0.212	0.222	0.257	0.26899999999999996	0.375	0.22399999999999998	0.18	0.19	0.212
36.13	0.245	0.226	0.9	0.912	0.8690000000000001	0.9009999999999999	0.823	0.254	0.231	0.945	0.938	0.914	0.9279999999999999	0.905	0.263	0.253	0.95	0.971	0.899	0.948	0.915	0.239	0.456	0.316	0.281	0.292	0.307	0.247	0.424	0.265	0.20800000000000002	0.222	0.257	0.27	0.376	0.225	0.18100000000000002	0.19	0.213
36.38	0.245	0.226	0.898	0.909	0.867	0.898	0.82	0.255	0.231	0.9440000000000001	0.937	0.912	0.927	0.903	0.263	0.253	0.9490000000000001	0.9690000000000001	0.898	0.946	0.914	0.23800000000000002	0.45799999999999996	0.315	0.281	0.29100000000000004	0.307	0.24600000000000002	0.424	0.267	0.24600000000000002	0.222	0.257	0.27	0.375	0.225	0.182	0.19	0.21100000000000002
36.65	0.244	0.22699999999999998	0.8959999999999999	0.9079999999999999	0.865	0.897	0.8170000000000001	0.256	0.23199999999999998	0.9420000000000001	0.9359999999999999	0.9109999999999999	0.927	0.902	0.264	0.254	0.9470000000000001	0.968	0.897	0.9440000000000001	0.912	0.24	0.456	0.313	0.281	0.289	0.306	0.247	0.424	0.264	0.21	0.222	0.257	0.272	0.376	0.225	0.183	0.19	0.213
36.92	0.243	0.22699999999999998	0.895	0.9059999999999999	0.8640000000000001	0.8959999999999999	0.815	0.256	0.231	0.94	0.934	0.91	0.925	0.9009999999999999	0.266	0.253	0.946	0.966	0.895	0.943	0.91	0.24	0.457	0.312	0.28	0.28800000000000003	0.307	0.248	0.425	0.264	0.38	0.222	0.257	0.272	0.375	0.22699999999999998	0.183	0.19	0.214
37.17	0.243	0.228	0.892	0.904	0.862	0.893	0.8109999999999999	0.256	0.231	0.9390000000000001	0.932	0.909	0.924	0.899	0.266	0.254	0.9440000000000001	0.965	0.893	0.9420000000000001	0.909	0.242	0.45899999999999996	0.315	0.281	0.28800000000000003	0.307	0.25	0.426	0.265	0.209	0.222	0.259	0.272	0.376	0.226	0.185	0.19	0.214
37.43	0.242	0.22699999999999998	0.889	0.9009999999999999	0.8590000000000001	0.8909999999999999	0.8079999999999999	0.257	0.23199999999999998	0.937	0.93	0.9079999999999999	0.922	0.898	0.268	0.255	0.943	0.963	0.892	0.94	0.9079999999999999	0.243	0.46	0.314	0.281	0.287	0.307	0.25	0.42700000000000005	0.266	0.27899999999999997	0.222	0.258	0.272	0.375	0.22699999999999998	0.18600000000000003	0.19	0.21600000000000003
37.7	0.242	0.228	0.887	0.899	0.857	0.888	0.805	0.258	0.23199999999999998	0.9359999999999999	0.929	0.9059999999999999	0.9209999999999999	0.8959999999999999	0.26899999999999996	0.254	0.941	0.9620000000000001	0.8909999999999999	0.9390000000000001	0.9059999999999999	0.243	0.462	0.312	0.281	0.28600000000000003	0.307	0.25	0.428	0.265	0.305	0.222	0.259	0.272	0.376	0.225	0.18600000000000003	0.18899999999999997	0.21600000000000003
37.97	0.24100000000000002	0.226	0.884	0.8959999999999999	0.8540000000000001	0.885	0.8	0.258	0.231	0.935	0.927	0.905	0.919	0.894	0.268	0.253	0.94	0.96	0.889	0.938	0.905	0.243	0.46299999999999997	0.311	0.281	0.285	0.308	0.252	0.43	0.267	0.21	0.223	0.26	0.26899999999999996	0.376	0.226	0.187	0.18899999999999997	0.21600000000000003
38.22	0.24	0.226	0.8809999999999999	0.892	0.851	0.882	0.797	0.258	0.23199999999999998	0.9329999999999999	0.925	0.903	0.9179999999999999	0.892	0.27	0.253	0.938	0.9590000000000001	0.888	0.937	0.905	0.243	0.46399999999999997	0.312	0.281	0.285	0.308	0.253	0.431	0.267	0.23800000000000002	0.223	0.261	0.271	0.374	0.225	0.185	0.18899999999999997	0.217
38.48	0.24	0.22699999999999998	0.879	0.8909999999999999	0.85	0.88	0.794	0.258	0.23199999999999998	0.932	0.924	0.9009999999999999	0.917	0.8909999999999999	0.27	0.252	0.937	0.958	0.8859999999999999	0.935	0.903	0.244	0.465	0.312	0.28	0.284	0.308	0.253	0.431	0.26899999999999996	0.457	0.223	0.261	0.26899999999999996	0.375	0.22699999999999998	0.18600000000000003	0.18899999999999997	0.21600000000000003
38.75	0.23800000000000002	0.226	0.877	0.888	0.847	0.878	0.7909999999999999	0.258	0.23199999999999998	0.9309999999999999	0.922	0.9	0.915	0.889	0.27	0.252	0.9359999999999999	0.956	0.885	0.934	0.902	0.244	0.46799999999999997	0.311	0.28	0.284	0.309	0.253	0.43200000000000005	0.268	0.213	0.222	0.261	0.27	0.374	0.22699999999999998	0.18600000000000003	0.18899999999999997	0.217
39.0	0.23800000000000002	0.22699999999999998	0.875	0.8859999999999999	0.846	0.875	0.787	0.26	0.23199999999999998	0.93	0.9209999999999999	0.899	0.914	0.888	0.271	0.253	0.935	0.955	0.884	0.9329999999999999	0.9009999999999999	0.244	0.467	0.312	0.281	0.28300000000000003	0.309	0.253	0.434	0.271	0.359	0.222	0.261	0.27	0.375	0.228	0.187	0.18899999999999997	0.218
39.27	0.23600000000000002	0.22699999999999998	0.872	0.884	0.843	0.873	0.784	0.26	0.233	0.9279999999999999	0.919	0.898	0.9129999999999999	0.8859999999999999	0.26899999999999996	0.253	0.9329999999999999	0.9540000000000001	0.883	0.932	0.9	0.244	0.46799999999999997	0.311	0.28	0.28300000000000003	0.311	0.254	0.433	0.26899999999999996	0.21	0.223	0.262	0.27	0.374	0.226	0.188	0.188	0.217
39.53	0.23600000000000002	0.22699999999999998	0.87	0.8809999999999999	0.841	0.871	0.7809999999999999	0.261	0.23199999999999998	0.927	0.919	0.8959999999999999	0.9109999999999999	0.885	0.26899999999999996	0.254	0.932	0.953	0.882	0.93	0.898	0.244	0.469	0.312	0.27899999999999997	0.282	0.309	0.255	0.433	0.26899999999999996	0.231	0.223	0.261	0.26899999999999996	0.373	0.225	0.187	0.188	0.218
39.8	0.235	0.22699999999999998	0.867	0.879	0.8390000000000001	0.868	0.777	0.261	0.233	0.9259999999999999	0.917	0.895	0.91	0.882	0.27	0.253	0.9309999999999999	0.9520000000000001	0.88	0.929	0.897	0.24600000000000002	0.47	0.31	0.27899999999999997	0.281	0.31	0.255	0.435	0.26899999999999996	0.212	0.223	0.261	0.268	0.374	0.226	0.188	0.188	0.21899999999999997
40.05	0.23399999999999999	0.228	0.865	0.877	0.8370000000000001	0.866	0.774	0.262	0.233	0.924	0.9159999999999999	0.894	0.909	0.882	0.27	0.253	0.93	0.951	0.879	0.929	0.895	0.24600000000000002	0.47	0.31	0.278	0.281	0.311	0.255	0.433	0.268	0.217	0.222	0.261	0.267	0.37200000000000005	0.22699999999999998	0.188	0.188	0.21899999999999997
40.32	0.23399999999999999	0.228	0.862	0.873	0.835	0.8640000000000001	0.77	0.262	0.233	0.9229999999999999	0.914	0.893	0.9079999999999999	0.8809999999999999	0.271	0.253	0.929	0.95	0.878	0.927	0.895	0.247	0.47100000000000003	0.309	0.27699999999999997	0.28	0.311	0.255	0.434	0.27	0.20800000000000002	0.223	0.262	0.267	0.37	0.226	0.188	0.188	0.21899999999999997
40.58	0.23399999999999999	0.228	0.86	0.87	0.833	0.862	0.769	0.263	0.23399999999999999	0.922	0.912	0.892	0.907	0.879	0.273	0.254	0.927	0.9470000000000001	0.8759999999999999	0.9259999999999999	0.893	0.249	0.46799999999999997	0.31	0.27399999999999997	0.28	0.309	0.257	0.43200000000000005	0.267	0.20800000000000002	0.222	0.259	0.268	0.37	0.226	0.188	0.187	0.22
40.83	0.233	0.22899999999999998	0.858	0.8690000000000001	0.8320000000000001	0.86	0.765	0.264	0.235	0.9209999999999999	0.9109999999999999	0.8909999999999999	0.905	0.878	0.273	0.255	0.9259999999999999	0.946	0.875	0.924	0.892	0.248	0.46799999999999997	0.31	0.27399999999999997	0.27699999999999997	0.309	0.258	0.435	0.26899999999999996	0.33799999999999997	0.221	0.26	0.267	0.369	0.22699999999999998	0.188	0.187	0.21899999999999997
41.1	0.23199999999999998	0.23	0.855	0.867	0.83	0.857	0.762	0.264	0.235	0.919	0.909	0.889	0.904	0.8759999999999999	0.27399999999999997	0.254	0.924	0.945	0.8740000000000001	0.9229999999999999	0.89	0.249	0.467	0.311	0.273	0.27699999999999997	0.313	0.257	0.43200000000000005	0.268	0.413	0.222	0.26	0.265	0.36700000000000005	0.228	0.188	0.187	0.218
41.37	0.23	0.228	0.853	0.865	0.8270000000000001	0.8540000000000001	0.757	0.264	0.237	0.9179999999999999	0.907	0.888	0.902	0.8740000000000001	0.273	0.255	0.9229999999999999	0.9440000000000001	0.873	0.922	0.889	0.248	0.469	0.31	0.27399999999999997	0.27699999999999997	0.312	0.257	0.435	0.268	0.255	0.221	0.26	0.263	0.366	0.22699999999999998	0.188	0.18600000000000003	0.218
41.63	0.23	0.22899999999999998	0.85	0.863	0.825	0.851	0.755	0.267	0.23600000000000002	0.9159999999999999	0.907	0.887	0.9009999999999999	0.873	0.275	0.256	0.9209999999999999	0.943	0.871	0.9209999999999999	0.888	0.25	0.469	0.309	0.271	0.27699999999999997	0.312	0.26	0.433	0.267	0.207	0.221	0.26	0.264	0.365	0.225	0.188	0.187	0.21899999999999997
41.88	0.228	0.22699999999999998	0.8490000000000001	0.861	0.823	0.8490000000000001	0.7509999999999999	0.266	0.235	0.915	0.905	0.885	0.9009999999999999	0.871	0.273	0.255	0.9209999999999999	0.9420000000000001	0.87	0.92	0.887	0.25	0.467	0.309	0.27	0.275	0.312	0.258	0.436	0.268	0.207	0.221	0.261	0.261	0.363	0.226	0.187	0.18600000000000003	0.218
42.15	0.226	0.22899999999999998	0.845	0.858	0.82	0.846	0.747	0.267	0.235	0.914	0.903	0.884	0.899	0.8690000000000001	0.27399999999999997	0.255	0.919	0.94	0.8690000000000001	0.919	0.8859999999999999	0.251	0.469	0.308	0.27	0.275	0.312	0.259	0.435	0.268	0.355	0.221	0.26	0.26	0.365	0.225	0.188	0.185	0.218
42.42	0.225	0.228	0.843	0.857	0.818	0.843	0.743	0.267	0.235	0.9129999999999999	0.903	0.882	0.898	0.868	0.273	0.254	0.9179999999999999	0.94	0.868	0.917	0.884	0.251	0.469	0.31	0.267	0.27399999999999997	0.313	0.26	0.436	0.268	0.20600000000000002	0.21899999999999997	0.261	0.26	0.361	0.225	0.187	0.185	0.215
42.67	0.223	0.22699999999999998	0.841	0.855	0.816	0.841	0.74	0.268	0.237	0.912	0.902	0.8809999999999999	0.897	0.866	0.27399999999999997	0.254	0.917	0.9390000000000001	0.867	0.9159999999999999	0.883	0.251	0.46799999999999997	0.307	0.267	0.27399999999999997	0.313	0.26	0.434	0.268	0.40700000000000003	0.22	0.261	0.258	0.359	0.225	0.187	0.185	0.214
42.93	0.221	0.22699999999999998	0.8390000000000001	0.851	0.813	0.838	0.737	0.26899999999999996	0.237	0.9109999999999999	0.899	0.88	0.895	0.865	0.275	0.254	0.9159999999999999	0.937	0.865	0.915	0.882	0.252	0.46799999999999997	0.307	0.265	0.27399999999999997	0.312	0.262	0.434	0.267	0.44	0.22	0.26	0.257	0.358	0.22399999999999998	0.187	0.185	0.215
43.2	0.221	0.22699999999999998	0.835	0.848	0.8109999999999999	0.8370000000000001	0.7340000000000001	0.26899999999999996	0.237	0.909	0.897	0.879	0.894	0.863	0.275	0.255	0.914	0.935	0.8640000000000001	0.914	0.88	0.252	0.466	0.304	0.265	0.272	0.311	0.261	0.43200000000000005	0.265	0.204	0.21899999999999997	0.26	0.257	0.35600000000000004	0.226	0.187	0.185	0.214
43.47	0.21899999999999997	0.22699999999999998	0.8340000000000001	0.847	0.809	0.8340000000000001	0.73	0.268	0.237	0.9079999999999999	0.8959999999999999	0.877	0.892	0.861	0.275	0.255	0.9129999999999999	0.934	0.863	0.9129999999999999	0.88	0.253	0.466	0.306	0.264	0.272	0.312	0.262	0.433	0.267	0.441	0.21899999999999997	0.261	0.255	0.354	0.22399999999999998	0.187	0.185	0.213
43.72	0.218	0.226	0.831	0.845	0.807	0.8320000000000001	0.727	0.27	0.237	0.9059999999999999	0.894	0.8759999999999999	0.8909999999999999	0.86	0.27699999999999997	0.256	0.9109999999999999	0.9329999999999999	0.861	0.9109999999999999	0.878	0.254	0.46399999999999997	0.304	0.263	0.272	0.31	0.262	0.43	0.264	0.24600000000000002	0.217	0.26	0.255	0.35100000000000003	0.223	0.18600000000000003	0.184	0.212
43.98	0.217	0.22699999999999998	0.8290000000000001	0.843	0.805	0.8290000000000001	0.723	0.27	0.237	0.905	0.894	0.875	0.89	0.8590000000000001	0.276	0.255	0.91	0.9309999999999999	0.86	0.91	0.877	0.255	0.46299999999999997	0.305	0.262	0.27	0.311	0.262	0.43	0.263	0.20600000000000002	0.217	0.26	0.255	0.35	0.22399999999999998	0.18600000000000003	0.184	0.21
44.25	0.215	0.226	0.8270000000000001	0.841	0.802	0.825	0.72	0.27	0.23600000000000002	0.904	0.892	0.873	0.888	0.856	0.27699999999999997	0.255	0.909	0.93	0.8590000000000001	0.91	0.8759999999999999	0.253	0.46299999999999997	0.305	0.259	0.27	0.312	0.262	0.431	0.264	0.204	0.218	0.261	0.253	0.348	0.223	0.18600000000000003	0.183	0.21
44.5	0.213	0.225	0.8240000000000001	0.84	0.8	0.823	0.716	0.27	0.237	0.902	0.8909999999999999	0.872	0.887	0.8540000000000001	0.27699999999999997	0.255	0.9079999999999999	0.929	0.858	0.9079999999999999	0.875	0.254	0.46299999999999997	0.303	0.259	0.27	0.312	0.264	0.43200000000000005	0.263	0.242	0.217	0.261	0.252	0.345	0.222	0.18600000000000003	0.183	0.20800000000000002
44.77	0.212	0.223	0.8220000000000001	0.8390000000000001	0.7979999999999999	0.82	0.713	0.271	0.237	0.9009999999999999	0.892	0.871	0.8859999999999999	0.853	0.27699999999999997	0.255	0.907	0.929	0.856	0.907	0.873	0.254	0.46299999999999997	0.305	0.258	0.26899999999999996	0.311	0.264	0.43	0.262	0.41	0.217	0.262	0.251	0.345	0.222	0.18600000000000003	0.182	0.20800000000000002
45.03	0.209	0.225	0.82	0.8370000000000001	0.7959999999999999	0.818	0.7090000000000001	0.271	0.237	0.9	0.89	0.8690000000000001	0.884	0.851	0.278	0.254	0.9059999999999999	0.9279999999999999	0.855	0.9059999999999999	0.873	0.254	0.461	0.306	0.258	0.26899999999999996	0.312	0.264	0.43	0.262	0.408	0.21600000000000003	0.261	0.25	0.34299999999999997	0.22	0.185	0.182	0.207
45.3	0.20800000000000002	0.225	0.8170000000000001	0.836	0.794	0.815	0.706	0.271	0.237	0.9	0.889	0.868	0.883	0.8490000000000001	0.27899999999999997	0.256	0.904	0.927	0.8540000000000001	0.905	0.871	0.254	0.461	0.307	0.257	0.26899999999999996	0.313	0.264	0.429	0.26	0.22	0.215	0.261	0.249	0.341	0.22	0.183	0.18100000000000002	0.20600000000000002
45.55	0.207	0.225	0.815	0.835	0.792	0.812	0.7020000000000001	0.27	0.23600000000000002	0.898	0.889	0.867	0.882	0.847	0.27899999999999997	0.255	0.903	0.9259999999999999	0.853	0.903	0.87	0.255	0.461	0.308	0.256	0.268	0.313	0.264	0.428	0.26	0.431	0.214	0.261	0.248	0.33899999999999997	0.22	0.184	0.18100000000000002	0.20600000000000002
45.82	0.205	0.225	0.813	0.8340000000000001	0.79	0.81	0.6990000000000001	0.272	0.237	0.897	0.888	0.866	0.8809999999999999	0.846	0.28	0.255	0.902	0.9259999999999999	0.852	0.903	0.8690000000000001	0.255	0.46	0.309	0.254	0.26899999999999996	0.311	0.264	0.428	0.261	0.268	0.214	0.261	0.248	0.337	0.218	0.183	0.18	0.204
46.08	0.203	0.22399999999999998	0.81	0.8320000000000001	0.7879999999999999	0.8079999999999999	0.698	0.272	0.23800000000000002	0.8959999999999999	0.887	0.865	0.88	0.845	0.28	0.256	0.902	0.925	0.85	0.9009999999999999	0.868	0.256	0.457	0.309	0.253	0.268	0.311	0.266	0.424	0.259	0.373	0.212	0.26	0.248	0.335	0.218	0.184	0.18	0.204
46.33	0.201	0.228	0.8079999999999999	0.83	0.7859999999999999	0.805	0.693	0.272	0.237	0.895	0.8859999999999999	0.8640000000000001	0.878	0.843	0.28	0.256	0.9	0.924	0.8490000000000001	0.9	0.867	0.255	0.457	0.311	0.253	0.267	0.311	0.265	0.426	0.259	0.38799999999999996	0.212	0.261	0.245	0.33399999999999996	0.218	0.182	0.18	0.203
46.6	0.198	0.226	0.8059999999999999	0.828	0.7829999999999999	0.8009999999999999	0.6890000000000001	0.272	0.237	0.894	0.885	0.862	0.877	0.841	0.28	0.257	0.899	0.9229999999999999	0.848	0.899	0.865	0.256	0.45799999999999996	0.311	0.251	0.267	0.313	0.264	0.425	0.258	0.22899999999999998	0.212	0.262	0.243	0.331	0.217	0.182	0.17800000000000002	0.20199999999999999
46.87	0.196	0.22699999999999998	0.8029999999999999	0.826	0.7809999999999999	0.799	0.6859999999999999	0.271	0.23600000000000002	0.893	0.884	0.861	0.8759999999999999	0.84	0.28	0.258	0.898	0.922	0.847	0.898	0.8640000000000001	0.256	0.456	0.312	0.251	0.266	0.312	0.264	0.425	0.258	0.405	0.212	0.262	0.24100000000000002	0.32899999999999996	0.21600000000000003	0.182	0.17800000000000002	0.20199999999999999
47.13	0.19399999999999998	0.22699999999999998	0.8009999999999999	0.8240000000000001	0.779	0.7959999999999999	0.682	0.272	0.237	0.8909999999999999	0.884	0.86	0.875	0.838	0.28	0.257	0.897	0.922	0.846	0.897	0.863	0.256	0.455	0.311	0.25	0.265	0.312	0.264	0.424	0.258	0.23	0.21100000000000002	0.262	0.24	0.32799999999999996	0.215	0.18100000000000002	0.17800000000000002	0.20199999999999999
47.38	0.19399999999999998	0.226	0.7979999999999999	0.821	0.777	0.794	0.68	0.271	0.237	0.89	0.883	0.8590000000000001	0.8740000000000001	0.836	0.282	0.257	0.8959999999999999	0.9209999999999999	0.845	0.8959999999999999	0.862	0.257	0.45399999999999996	0.31	0.248	0.265	0.31	0.265	0.42200000000000004	0.257	0.265	0.209	0.262	0.239	0.326	0.215	0.18	0.177	0.201
47.65	0.191	0.22399999999999998	0.7959999999999999	0.8190000000000001	0.775	0.792	0.6759999999999999	0.272	0.239	0.889	0.882	0.858	0.872	0.835	0.28300000000000003	0.257	0.894	0.92	0.8440000000000001	0.895	0.86	0.258	0.452	0.31	0.247	0.265	0.312	0.265	0.42	0.256	0.418	0.209	0.26	0.24	0.325	0.214	0.18100000000000002	0.177	0.2
47.92	0.191	0.22399999999999998	0.7929999999999999	0.8170000000000001	0.773	0.7879999999999999	0.672	0.272	0.23800000000000002	0.887	0.8809999999999999	0.856	0.87	0.833	0.281	0.256	0.894	0.919	0.843	0.894	0.8590000000000001	0.258	0.45399999999999996	0.309	0.247	0.265	0.312	0.265	0.42100000000000004	0.257	0.23800000000000002	0.20800000000000002	0.26	0.23600000000000002	0.32299999999999995	0.212	0.179	0.175	0.19899999999999998
48.17	0.18899999999999997	0.22399999999999998	0.7909999999999999	0.815	0.7709999999999999	0.787	0.67	0.272	0.239	0.887	0.879	0.856	0.87	0.8320000000000001	0.285	0.258	0.892	0.9179999999999999	0.8420000000000001	0.893	0.858	0.259	0.452	0.313	0.24600000000000002	0.264	0.311	0.267	0.418	0.254	0.34	0.20800000000000002	0.258	0.237	0.322	0.213	0.18	0.175	0.19899999999999998
48.43	0.188	0.223	0.789	0.813	0.769	0.784	0.6659999999999999	0.271	0.23800000000000002	0.8859999999999999	0.878	0.855	0.8690000000000001	0.831	0.284	0.258	0.8909999999999999	0.9179999999999999	0.841	0.892	0.857	0.259	0.452	0.311	0.245	0.264	0.311	0.267	0.418	0.255	0.19699999999999998	0.207	0.259	0.235	0.32	0.213	0.17800000000000002	0.175	0.19699999999999998
48.7	0.18600000000000003	0.222	0.7859999999999999	0.81	0.7659999999999999	0.78	0.6629999999999999	0.271	0.237	0.884	0.877	0.853	0.867	0.828	0.28300000000000003	0.257	0.89	0.917	0.8390000000000001	0.89	0.856	0.259	0.452	0.312	0.244	0.262	0.312	0.265	0.419	0.255	0.344	0.207	0.259	0.23199999999999998	0.318	0.21100000000000002	0.179	0.17300000000000001	0.198
48.97	0.184	0.221	0.7829999999999999	0.8079999999999999	0.764	0.779	0.659	0.272	0.239	0.884	0.877	0.852	0.867	0.826	0.285	0.259	0.889	0.917	0.838	0.889	0.855	0.259	0.451	0.309	0.243	0.262	0.312	0.265	0.41700000000000004	0.253	0.402	0.20600000000000002	0.258	0.23199999999999998	0.316	0.21	0.177	0.17300000000000001	0.19699999999999998
49.22	0.18	0.22	0.7809999999999999	0.805	0.762	0.7759999999999999	0.655	0.271	0.23800000000000002	0.883	0.875	0.851	0.8640000000000001	0.8240000000000001	0.284	0.257	0.888	0.915	0.8370000000000001	0.888	0.853	0.259	0.449	0.31	0.24100000000000002	0.261	0.312	0.266	0.418	0.255	0.195	0.20600000000000002	0.259	0.23	0.314	0.20800000000000002	0.177	0.172	0.19699999999999998
49.48	0.17800000000000002	0.218	0.779	0.8029999999999999	0.76	0.773	0.652	0.272	0.23800000000000002	0.882	0.8740000000000001	0.85	0.8640000000000001	0.823	0.28600000000000003	0.259	0.887	0.914	0.836	0.887	0.852	0.26	0.447	0.306	0.24100000000000002	0.261	0.312	0.266	0.414	0.253	0.19699999999999998	0.205	0.257	0.23	0.313	0.207	0.17600000000000002	0.172	0.196
49.75	0.175	0.217	0.775	0.8	0.758	0.7709999999999999	0.65	0.273	0.239	0.8809999999999999	0.873	0.8490000000000001	0.863	0.8220000000000001	0.287	0.259	0.8859999999999999	0.9129999999999999	0.835	0.8859999999999999	0.851	0.261	0.44799999999999995	0.305	0.24	0.26	0.311	0.266	0.414	0.252	0.19399999999999998	0.204	0.257	0.23	0.312	0.20600000000000002	0.175	0.171	0.196
50.0	0.172	0.217	0.773	0.7979999999999999	0.7559999999999999	0.768	0.6459999999999999	0.272	0.239	0.879	0.872	0.848	0.862	0.82	0.287	0.259	0.884	0.912	0.833	0.885	0.85	0.261	0.44799999999999995	0.303	0.239	0.26	0.311	0.266	0.414	0.252	0.195	0.204	0.257	0.22699999999999998	0.311	0.20600000000000002	0.175	0.171	0.195
50.27	0.17	0.21600000000000003	0.77	0.794	0.753	0.764	0.642	0.272	0.239	0.878	0.87	0.847	0.86	0.818	0.28800000000000003	0.259	0.883	0.9109999999999999	0.8320000000000001	0.884	0.848	0.262	0.447	0.303	0.237	0.259	0.312	0.265	0.413	0.252	0.193	0.203	0.256	0.226	0.31	0.204	0.174	0.16899999999999998	0.195
50.53	0.166	0.215	0.7659999999999999	0.7909999999999999	0.7509999999999999	0.7609999999999999	0.638	0.272	0.24	0.877	0.8690000000000001	0.845	0.8590000000000001	0.816	0.289	0.259	0.882	0.91	0.831	0.883	0.848	0.262	0.446	0.302	0.237	0.259	0.312	0.266	0.41100000000000003	0.251	0.196	0.20199999999999999	0.255	0.22399999999999998	0.309	0.203	0.17300000000000001	0.16899999999999998	0.195
