Time	L2D1-100_1	L2D1-100_2	L2D1-100_3	L2F1-100_1	L2F1-100_2	L2F1-100_3	L2J1-100_1	L2J1-100_2	L2D2-100_1	L2D2-100_2	L2D2-100_3	L2F2-100_1	L2F2-100_2	L2F2-100_3	L2J2-100_1	L2J2-100_2	L2D3-100_1	L2D3-100_2	L2D3-100_3	L2F3-100_1	L2F3-100_2	L2F3-100_3	L2J3-100_1	L2J3-100_2	L2D4-100_1	L2D4-100_2	L2D4-100_3	L2F4-100_1	L2F4-100_2	L2F4-100_3	L2J4-100_1	L2J4-100_2	L2D5-100_1	L2D5-100_2	L2D5-100_3	L2F5-100_1	L2F5-100_2	L2F5-100_3	L2J5-100_1	L2J5-100_2	L2J1-100_3	L2J2-100_3	L2J3-100_3	L2J4-100_3	L2J5-100_3
0.0	0.042	0.04	0.047	0.043	0.040999999999999995	0.043	0.042	0.040999999999999995	0.040999999999999995	0.042	0.04	0.044000000000000004	0.068	0.043	0.23199999999999998	0.146	0.040999999999999995	0.042	0.04	0.045	0.045	0.055	0.043	0.04	0.042	0.043	0.039	0.042	0.044000000000000004	0.044000000000000004	0.059000000000000004	0.045	0.042	0.065	0.04	0.052000000000000005	0.039	0.077	0.061	0.051	0.048	0.057999999999999996	0.08	0.063	0.055999999999999994
0.25	0.043	0.042	0.043	0.049	0.05	0.051	0.063	0.06	0.044000000000000004	0.044000000000000004	0.044000000000000004	0.047	0.048	0.048	0.054000000000000006	0.054000000000000006	0.042	0.042	0.042	0.051	0.051	0.051	0.062	0.063	0.046	0.046	0.046	0.049	0.049	0.049	0.061	0.063	0.044000000000000004	0.045	0.045	0.047	0.047	0.048	0.065	0.08900000000000001	0.063	0.057	0.062	0.062	0.064
0.52	0.043	0.042	0.043	0.049	0.05	0.051	0.063	0.061	0.044000000000000004	0.044000000000000004	0.044000000000000004	0.048	0.048	0.048	0.053	0.053	0.042	0.042	0.043	0.051	0.052000000000000005	0.051	0.065	0.066	0.046	0.046	0.046	0.049	0.049	0.05	0.061	0.063	0.044000000000000004	0.045	0.045	0.047	0.047	0.048	0.068	0.094	0.063	0.057	0.065	0.063	0.067
0.78	0.043	0.042	0.043	0.05	0.051	0.053	0.062	0.063	0.044000000000000004	0.044000000000000004	0.044000000000000004	0.048	0.049	0.049	0.052000000000000005	0.054000000000000006	0.042	0.042	0.043	0.052000000000000005	0.052000000000000005	0.052000000000000005	0.067	0.068	0.046	0.046	0.046	0.049	0.05	0.05	0.062	0.064	0.044000000000000004	0.045	0.045	0.048	0.047	0.048	0.07	0.099	0.066	0.057999999999999996	0.067	0.064	0.07
1.03	0.043	0.042	0.043	0.051	0.052000000000000005	0.052000000000000005	0.065	0.064	0.044000000000000004	0.044000000000000004	0.044000000000000004	0.049	0.05	0.05	0.052000000000000005	0.052000000000000005	0.042	0.042	0.043	0.052000000000000005	0.053	0.052000000000000005	0.069	0.07200000000000001	0.046	0.046	0.046	0.05	0.051	0.051	0.064	0.066	0.044000000000000004	0.044000000000000004	0.045	0.049	0.048	0.049	0.073	0.105	0.067	0.057999999999999996	0.07	0.066	0.073
1.3	0.043	0.042	0.043	0.052000000000000005	0.053	0.053	0.068	0.067	0.044000000000000004	0.044000000000000004	0.044000000000000004	0.05	0.05	0.051	0.052000000000000005	0.052000000000000005	0.042	0.043	0.043	0.053	0.054000000000000006	0.053	0.07200000000000001	0.075	0.046	0.046	0.046	0.051	0.051	0.052000000000000005	0.066	0.068	0.044000000000000004	0.044000000000000004	0.045	0.05	0.049	0.05	0.077	0.111	0.071	0.057999999999999996	0.073	0.068	0.076
1.57	0.043	0.042	0.043	0.052000000000000005	0.054000000000000006	0.055	0.073	0.07	0.044000000000000004	0.045	0.045	0.051	0.051	0.052000000000000005	0.051	0.053	0.043	0.043	0.043	0.054000000000000006	0.055	0.055	0.076	0.078	0.046	0.046	0.047	0.052000000000000005	0.052000000000000005	0.053	0.068	0.069	0.044000000000000004	0.045	0.045	0.05	0.05	0.051	0.081	0.11900000000000001	0.073	0.06	0.077	0.07	0.08
1.82	0.043	0.042	0.043	0.054000000000000006	0.055	0.055999999999999994	0.076	0.075	0.045	0.045	0.045	0.052000000000000005	0.052000000000000005	0.053	0.051	0.06	0.043	0.043	0.043	0.055	0.055999999999999994	0.055	0.08	0.08199999999999999	0.047	0.047	0.047	0.053	0.053	0.054000000000000006	0.069	0.071	0.044000000000000004	0.045	0.046	0.051	0.051	0.052000000000000005	0.086	0.127	0.076	0.06	0.081	0.07200000000000001	0.084
2.08	0.043	0.043	0.043	0.055	0.055999999999999994	0.057	0.078	0.077	0.045	0.045	0.045	0.053	0.053	0.054000000000000006	0.052000000000000005	0.055999999999999994	0.043	0.043	0.043	0.057	0.057	0.057	0.084	0.087	0.047	0.047	0.047	0.054000000000000006	0.055	0.055	0.071	0.07400000000000001	0.045	0.045	0.046	0.052000000000000005	0.052000000000000005	0.053	0.09	0.13699999999999998	0.079	0.061	0.085	0.075	0.08900000000000001
2.35	0.043	0.043	0.043	0.055999999999999994	0.057	0.057999999999999996	0.083	0.08199999999999999	0.045	0.045	0.045	0.055	0.055	0.055	0.052000000000000005	0.069	0.043	0.043	0.043	0.057999999999999996	0.057999999999999996	0.057	0.08800000000000001	0.092	0.047	0.047	0.047	0.055999999999999994	0.055999999999999994	0.055999999999999994	0.07400000000000001	0.076	0.045	0.045	0.046	0.054000000000000006	0.053	0.054000000000000006	0.096	0.147	0.08199999999999999	0.087	0.09	0.077	0.095
2.62	0.043	0.043	0.043	0.057999999999999996	0.059000000000000004	0.06	0.086	0.085	0.045	0.045	0.046	0.055999999999999994	0.055999999999999994	0.057	0.051	0.053	0.043	0.043	0.043	0.059000000000000004	0.06	0.059000000000000004	0.094	0.098	0.047	0.047	0.047	0.057	0.057	0.057999999999999996	0.076	0.079	0.045	0.045	0.046	0.055	0.054000000000000006	0.055999999999999994	0.102	0.159	0.085	0.084	0.095	0.08	0.10099999999999999
2.87	0.043	0.043	0.043	0.059000000000000004	0.061	0.061	0.09	0.09	0.045	0.046	0.046	0.057999999999999996	0.057999999999999996	0.059000000000000004	0.085	0.073	0.043	0.043	0.044000000000000004	0.06	0.061	0.062	0.1	0.105	0.047	0.047	0.047	0.059000000000000004	0.059000000000000004	0.059000000000000004	0.08	0.08199999999999999	0.045	0.046	0.047	0.057	0.055999999999999994	0.057	0.109	0.17300000000000001	0.09300000000000001	0.063	0.102	0.083	0.10800000000000001
3.13	0.044000000000000004	0.043	0.044000000000000004	0.061	0.062	0.064	0.098	0.09699999999999999	0.046	0.046	0.046	0.059000000000000004	0.059000000000000004	0.06	0.055	0.09	0.043	0.044000000000000004	0.044000000000000004	0.062	0.063	0.062	0.107	0.113	0.047	0.047	0.048	0.06	0.061	0.061	0.083	0.086	0.045	0.046	0.047	0.057999999999999996	0.057999999999999996	0.059000000000000004	0.11800000000000001	0.18899999999999997	0.096	0.066	0.11	0.087	0.11699999999999999
3.4	0.044000000000000004	0.043	0.043	0.062	0.064	0.066	0.10099999999999999	0.10099999999999999	0.046	0.046	0.047	0.061	0.061	0.062	0.054000000000000006	0.106	0.044000000000000004	0.044000000000000004	0.044000000000000004	0.064	0.064	0.063	0.11699999999999999	0.122	0.048	0.048	0.048	0.062	0.063	0.063	0.087	0.08900000000000001	0.046	0.046	0.047	0.06	0.059000000000000004	0.061	0.129	0.20800000000000002	0.102	0.133	0.11900000000000001	0.091	0.127
3.65	0.044000000000000004	0.043	0.044000000000000004	0.064	0.067	0.068	0.107	0.106	0.046	0.047	0.047	0.063	0.063	0.064	0.147	0.055999999999999994	0.044000000000000004	0.044000000000000004	0.044000000000000004	0.065	0.066	0.065	0.127	0.133	0.048	0.048	0.048	0.064	0.065	0.065	0.091	0.094	0.046	0.047	0.047	0.062	0.061	0.063	0.141	0.22899999999999998	0.107	0.067	0.131	0.096	0.14
3.92	0.044000000000000004	0.044000000000000004	0.044000000000000004	0.067	0.069	0.07	0.115	0.115	0.047	0.047	0.047	0.065	0.065	0.066	0.055999999999999994	0.057	0.044000000000000004	0.044000000000000004	0.044000000000000004	0.067	0.068	0.067	0.14	0.146	0.048	0.048	0.049	0.066	0.067	0.067	0.096	0.1	0.046	0.047	0.048	0.064	0.063	0.065	0.156	0.254	0.115	0.068	0.14400000000000002	0.102	0.154
4.18	0.044000000000000004	0.044000000000000004	0.044000000000000004	0.069	0.07200000000000001	0.073	0.124	0.129	0.047	0.047	0.047	0.068	0.068	0.069	0.14400000000000002	0.06	0.044000000000000004	0.044000000000000004	0.044000000000000004	0.069	0.071	0.068	0.155	0.162	0.049	0.049	0.049	0.069	0.07	0.07	0.102	0.105	0.047	0.047	0.048	0.066	0.066	0.067	0.172	0.28300000000000003	0.129	0.07	0.16	0.10800000000000001	0.171
4.45	0.044000000000000004	0.044000000000000004	0.044000000000000004	0.07200000000000001	0.075	0.076	0.13	0.13699999999999998	0.048	0.048	0.048	0.07	0.07	0.071	0.063	0.063	0.044000000000000004	0.044000000000000004	0.045	0.071	0.07400000000000001	0.071	0.172	0.179	0.049	0.049	0.049	0.071	0.07200000000000001	0.073	0.10800000000000001	0.11199999999999999	0.047	0.048	0.049	0.069	0.068	0.07	0.192	0.313	0.138	0.07200000000000001	0.177	0.11699999999999999	0.18899999999999997
4.7	0.044000000000000004	0.044000000000000004	0.045	0.075	0.078	0.08	0.14300000000000002	0.14400000000000002	0.048	0.048	0.048	0.073	0.073	0.075	0.168	0.11	0.044000000000000004	0.045	0.045	0.07400000000000001	0.076	0.073	0.19	0.2	0.05	0.05	0.05	0.075	0.076	0.076	0.11599999999999999	0.121	0.048	0.048	0.049	0.071	0.07200000000000001	0.073	0.213	0.348	0.153	0.12300000000000001	0.198	0.126	0.21
4.97	0.045	0.044000000000000004	0.045	0.079	0.083	0.084	0.16	0.162	0.049	0.049	0.049	0.077	0.077	0.079	0.078	0.067	0.045	0.045	0.045	0.077	0.078	0.077	0.21100000000000002	0.222	0.05	0.05	0.05	0.079	0.08	0.08	0.126	0.13	0.048	0.049	0.05	0.075	0.075	0.077	0.237	0.389	0.16899999999999998	0.092	0.221	0.13699999999999998	0.23399999999999999
5.23	0.045	0.044000000000000004	0.045	0.083	0.087	0.08800000000000001	0.184	0.17	0.049	0.049	0.049	0.08199999999999999	0.081	0.083	0.11900000000000001	0.087	0.045	0.045	0.045	0.08	0.08199999999999999	0.079	0.23800000000000002	0.248	0.051	0.051	0.051	0.083	0.084	0.085	0.13699999999999998	0.14400000000000002	0.049	0.049	0.05	0.08	0.08	0.081	0.264	0.435	0.188	0.096	0.247	0.151	0.261
5.48	0.045	0.045	0.045	0.109	0.092	0.094	0.196	0.196	0.05	0.05	0.05	0.086	0.086	0.08800000000000001	0.08900000000000001	0.083	0.045	0.045	0.046	0.084	0.086	0.083	0.266	0.27899999999999997	0.051	0.051	0.051	0.08800000000000001	0.08900000000000001	0.08900000000000001	0.152	0.16	0.049	0.05	0.051	0.084	0.084	0.086	0.29600000000000004	0.485	0.21100000000000002	0.102	0.27699999999999997	0.16699999999999998	0.292
5.75	0.045	0.045	0.045	0.092	0.098	0.1	0.221	0.225	0.05	0.05	0.05	0.091	0.091	0.09300000000000001	0.129	0.114	0.045	0.046	0.045	0.087	0.09	0.087	0.298	0.313	0.052000000000000005	0.052000000000000005	0.052000000000000005	0.09300000000000001	0.094	0.095	0.168	0.177	0.05	0.05	0.051	0.08900000000000001	0.08900000000000001	0.091	0.33	0.536	0.24100000000000002	0.121	0.309	0.18600000000000003	0.326
6.02	0.045	0.045	0.045	0.099	0.105	0.106	0.261	0.248	0.051	0.051	0.051	0.098	0.09699999999999999	0.099	0.11699999999999999	0.099	0.045	0.046	0.046	0.09300000000000001	0.095	0.091	0.335	0.35	0.052000000000000005	0.052000000000000005	0.053	0.099	0.10099999999999999	0.10099999999999999	0.19	0.19899999999999998	0.05	0.05	0.052000000000000005	0.095	0.095	0.09699999999999999	0.37200000000000005	0.591	0.268	0.158	0.349	0.207	0.366
6.28	0.045	0.045	0.046	0.106	0.11199999999999999	0.114	0.287	0.284	0.051	0.051	0.051	0.105	0.10400000000000001	0.106	0.168	0.09300000000000001	0.045	0.046	0.046	0.098	0.1	0.096	0.37799999999999995	0.395	0.053	0.053	0.053	0.106	0.10800000000000001	0.109	0.213	0.226	0.051	0.051	0.052000000000000005	0.10099999999999999	0.102	0.10400000000000001	0.42	0.645	0.313	0.14300000000000002	0.39399999999999996	0.23399999999999999	0.414
6.53	0.046	0.046	0.046	0.114	0.121	0.122	0.32799999999999996	0.314	0.052000000000000005	0.052000000000000005	0.052000000000000005	0.11199999999999999	0.111	0.114	0.18899999999999997	0.24100000000000002	0.046	0.046	0.046	0.10300000000000001	0.107	0.10099999999999999	0.426	0.447	0.054000000000000006	0.054000000000000006	0.054000000000000006	0.115	0.11599999999999999	0.11699999999999999	0.242	0.259	0.051	0.052000000000000005	0.053	0.109	0.11	0.111	0.475	0.693	0.34299999999999997	0.156	0.447	0.264	0.466
6.8	0.046	0.046	0.046	0.122	0.131	0.131	0.369	0.35100000000000003	0.053	0.053	0.053	0.121	0.11900000000000001	0.12300000000000001	0.131	0.158	0.046	0.047	0.047	0.11	0.113	0.10800000000000001	0.48	0.501	0.055	0.054000000000000006	0.055	0.12300000000000001	0.125	0.125	0.27699999999999997	0.294	0.052000000000000005	0.052000000000000005	0.054000000000000006	0.11699999999999999	0.11800000000000001	0.12	0.529	0.73	0.395	0.27	0.503	0.298	0.521
7.07	0.046	0.046	0.046	0.132	0.142	0.142	0.41	0.39899999999999997	0.053	0.053	0.053	0.13	0.129	0.133	0.18100000000000002	0.198	0.046	0.047	0.047	0.11699999999999999	0.12	0.114	0.534	0.557	0.055	0.055	0.055999999999999994	0.133	0.135	0.135	0.317	0.33	0.052000000000000005	0.053	0.054000000000000006	0.127	0.13	0.13	0.585	0.773	0.44299999999999995	0.174	0.5579999999999999	0.337	0.575
7.32	0.046	0.046	0.047	0.14300000000000002	0.154	0.154	0.46399999999999997	0.447	0.054000000000000006	0.054000000000000006	0.054000000000000006	0.141	0.139	0.14400000000000002	0.165	0.151	0.046	0.047	0.047	0.125	0.129	0.121	0.5870000000000001	0.609	0.055999999999999994	0.055999999999999994	0.057	0.14400000000000002	0.146	0.146	0.36	0.374	0.053	0.054000000000000006	0.055	0.136	0.13699999999999998	0.14	0.638	0.82	0.48100000000000004	0.179	0.61	0.37799999999999995	0.629
7.58	0.047	0.046	0.047	0.22399999999999998	0.16699999999999998	0.16699999999999998	0.514	0.498	0.055	0.055	0.055	0.153	0.151	0.156	0.21100000000000002	0.23399999999999999	0.047	0.047	0.047	0.133	0.138	0.129	0.635	0.655	0.057	0.057	0.057999999999999996	0.156	0.159	0.158	0.406	0.42	0.054000000000000006	0.054000000000000006	0.055999999999999994	0.14800000000000002	0.149	0.152	0.68	0.867	0.526	0.155	0.6509999999999999	0.424	0.669
7.85	0.047	0.047	0.047	0.16699999999999998	0.18100000000000002	0.18	0.5660000000000001	0.542	0.055	0.055	0.055999999999999994	0.166	0.16399999999999998	0.17	0.21100000000000002	0.21600000000000003	0.047	0.048	0.048	0.142	0.146	0.13699999999999998	0.6729999999999999	0.693	0.057999999999999996	0.057999999999999996	0.059000000000000004	0.17	0.17300000000000001	0.172	0.45399999999999996	0.473	0.055	0.055	0.057	0.161	0.162	0.165	0.72	0.9079999999999999	0.579	0.299	0.691	0.474	0.7090000000000001
8.12	0.047	0.047	0.047	0.196	0.19699999999999998	0.196	0.622	0.596	0.055999999999999994	0.055999999999999994	0.055999999999999994	0.18100000000000002	0.17800000000000002	0.185	0.213	0.21600000000000003	0.047	0.048	0.048	0.152	0.157	0.147	0.718	0.741	0.059000000000000004	0.059000000000000004	0.06	0.184	0.187	0.187	0.505	0.508	0.055	0.055999999999999994	0.057999999999999996	0.174	0.17600000000000002	0.179	0.765	0.948	0.629	0.281	0.735	0.519	0.753
8.37	0.047	0.047	0.048	0.198	0.213	0.214	0.659	0.633	0.057	0.057	0.057	0.196	0.19399999999999998	0.201	0.23399999999999999	0.21600000000000003	0.048	0.048	0.048	0.162	0.168	0.157	0.764	0.789	0.06	0.06	0.061	0.2	0.204	0.204	0.5539999999999999	0.563	0.055999999999999994	0.057	0.057999999999999996	0.19	0.191	0.19399999999999998	0.8140000000000001	0.9890000000000001	0.657	0.245	0.782	0.5670000000000001	0.799
8.63	0.048	0.047	0.048	0.217	0.23199999999999998	0.231	0.6859999999999999	0.6679999999999999	0.057999999999999996	0.057999999999999996	0.057999999999999996	0.215	0.21	0.22	0.263	0.32	0.048	0.049	0.049	0.175	0.18	0.168	0.8140000000000001	0.8370000000000001	0.061	0.061	0.062	0.218	0.221	0.22	0.615	0.618	0.057	0.057999999999999996	0.059000000000000004	0.207	0.20800000000000002	0.21100000000000002	0.862	1.03	0.684	0.27699999999999997	0.828	0.62	0.845
8.9	0.048	0.047	0.048	0.23199999999999998	0.251	0.25	0.723	0.696	0.057999999999999996	0.059000000000000004	0.059000000000000004	0.231	0.228	0.237	0.253	0.231	0.048	0.049	0.049	0.188	0.193	0.18	0.8590000000000001	0.88	0.062	0.062	0.063	0.235	0.24	0.23800000000000002	0.644	0.655	0.057999999999999996	0.057999999999999996	0.06	0.225	0.226	0.22899999999999998	0.902	1.073	0.722	0.278	0.866	0.6559999999999999	0.8809999999999999
9.15	0.048	0.048	0.048	0.256	0.271	0.26899999999999996	0.755	0.7190000000000001	0.059000000000000004	0.06	0.059000000000000004	0.253	0.247	0.259	0.295	0.28300000000000003	0.048	0.049	0.049	0.203	0.20600000000000002	0.19399999999999998	0.8959999999999999	0.919	0.063	0.063	0.065	0.255	0.26	0.258	0.68	0.6940000000000001	0.059000000000000004	0.059000000000000004	0.061	0.244	0.26	0.249	0.941	1.112	0.748	0.315	0.903	0.698	0.917
9.42	0.048	0.048	0.049	0.276	0.289	0.28800000000000003	0.7829999999999999	0.746	0.061	0.06	0.061	0.273	0.267	0.27899999999999997	0.344	0.315	0.049	0.049	0.05	0.21600000000000003	0.22	0.20800000000000002	0.935	0.9570000000000001	0.065	0.064	0.066	0.275	0.28	0.27699999999999997	0.731	0.74	0.059000000000000004	0.06	0.062	0.264	0.264	0.268	0.978	1.155	0.785	0.32799999999999996	0.937	0.7390000000000001	0.9540000000000001
9.68	0.048	0.048	0.049	0.294	0.31	0.309	0.8029999999999999	0.773	0.061	0.062	0.062	0.295	0.28600000000000003	0.29600000000000004	0.354	0.336	0.049	0.05	0.05	0.228	0.23399999999999999	0.221	0.9690000000000001	0.991	0.066	0.065	0.067	0.29600000000000004	0.3	0.29600000000000004	0.774	0.7829999999999999	0.06	0.061	0.063	0.284	0.284	0.28800000000000003	1.015	1.199	0.807	0.36200000000000004	0.971	0.784	0.9890000000000001
9.93	0.049	0.048	0.049	0.315	0.33	0.32899999999999996	0.852	0.7979999999999999	0.063	0.063	0.063	0.313	0.306	0.318	0.382	0.361	0.049	0.05	0.05	0.242	0.25	0.23600000000000002	1.004	1.028	0.068	0.066	0.068	0.314	0.319	0.317	0.8140000000000001	0.826	0.061	0.062	0.064	0.305	0.304	0.307	1.053	1.244	0.85	0.39799999999999996	1.006	0.8290000000000001	1.025
10.2	0.049	0.049	0.049	0.33399999999999996	0.349	0.34700000000000003	0.88	0.8370000000000001	0.064	0.064	0.064	0.33399999999999996	0.325	0.337	0.405	0.377	0.05	0.05	0.051	0.257	0.264	0.252	1.041	1.065	0.069	0.069	0.07	0.332	0.33899999999999997	0.33799999999999997	0.862	0.865	0.062	0.063	0.065	0.325	0.322	0.327	1.091	1.2890000000000001	0.889	0.434	1.045	0.862	1.063
10.47	0.05	0.049	0.05	0.35100000000000003	0.368	0.365	0.9309999999999999	0.871	0.065	0.066	0.065	0.353	0.345	0.35600000000000004	0.447	0.41700000000000004	0.05	0.051	0.051	0.275	0.282	0.267	1.078	1.105	0.07	0.07	0.071	0.35200000000000004	0.358	0.359	0.89	0.9059999999999999	0.063	0.064	0.066	0.34600000000000003	0.342	0.345	1.133	1.334	0.9209999999999999	0.466	1.082	0.903	1.103
10.73	0.05	0.049	0.05	0.369	0.385	0.384	0.958	0.917	0.066	0.067	0.067	0.37	0.365	0.376	0.49700000000000005	0.444	0.051	0.051	0.051	0.29100000000000004	0.3	0.284	1.119	1.1440000000000001	0.07200000000000001	0.071	0.073	0.37200000000000005	0.376	0.377	0.925	0.94	0.064	0.065	0.067	0.364	0.36	0.363	1.175	1.379	0.961	0.494	1.119	0.9440000000000001	1.1440000000000001
10.98	0.05	0.05	0.05	0.385	0.401	0.39899999999999997	0.991	0.9520000000000001	0.067	0.068	0.068	0.39	0.38299999999999995	0.392	0.512	0.498	0.051	0.052000000000000005	0.052000000000000005	0.309	0.318	0.303	1.16	1.188	0.073	0.073	0.075	0.391	0.396	0.39399999999999996	0.968	0.978	0.065	0.066	0.069	0.381	0.37799999999999995	0.38	1.22	1.4269999999999998	1.0270000000000001	0.529	1.163	0.976	1.187
11.25	0.05	0.05	0.051	0.39799999999999996	0.414	0.414	1.024	0.9840000000000001	0.069	0.07	0.069	0.40700000000000003	0.4	0.409	0.532	0.515	0.051	0.052000000000000005	0.052000000000000005	0.325	0.33399999999999996	0.32	1.2009999999999998	1.226	0.075	0.075	0.077	0.406	0.414	0.41	1.011	1.015	0.066	0.067	0.069	0.4	0.39399999999999996	0.396	1.263	1.466	1.0290000000000001	0.5670000000000001	1.206	1.015	1.23
11.52	0.051	0.05	0.051	0.41200000000000003	0.42700000000000005	0.42700000000000005	1.065	1.0170000000000001	0.07	0.071	0.071	0.423	0.415	0.42700000000000005	0.5770000000000001	0.5379999999999999	0.052000000000000005	0.052000000000000005	0.052000000000000005	0.341	0.35	0.336	1.2409999999999999	1.268	0.077	0.077	0.079	0.42100000000000004	0.43	0.424	1.041	1.051	0.068	0.069	0.071	0.415	0.41600000000000004	0.41100000000000003	1.308	1.51	1.089	0.594	1.246	1.051	1.275
11.77	0.051	0.051	0.051	0.42700000000000005	0.441	0.44	1.099	1.051	0.07200000000000001	0.073	0.07200000000000001	0.435	0.428	0.44	0.607	0.5760000000000001	0.052000000000000005	0.053	0.053	0.35600000000000004	0.365	0.35100000000000003	1.285	1.311	0.079	0.079	0.081	0.436	0.442	0.43799999999999994	1.0759999999999998	1.088	0.069	0.07	0.07200000000000001	0.429	0.42200000000000004	0.424	1.3530000000000002	1.527	1.092	0.623	1.29	1.087	1.32
12.03	0.051	0.051	0.052000000000000005	0.441	0.455	0.455	1.133	1.0859999999999999	0.07400000000000001	0.07400000000000001	0.07400000000000001	0.452	0.446	0.457	0.632	0.612	0.053	0.053	0.053	0.37200000000000005	0.382	0.368	1.3259999999999998	1.354	0.081	0.081	0.083	0.451	0.45799999999999996	0.45399999999999996	1.113	1.123	0.07	0.071	0.07400000000000001	0.446	0.45299999999999996	0.439	1.3969999999999998	1.5430000000000001	1.133	0.657	1.334	1.119	1.3630000000000002
12.3	0.051	0.051	0.052000000000000005	0.451	0.465	0.46	1.161	1.124	0.076	0.076	0.076	0.456	0.456	0.46799999999999997	0.665	0.63	0.053	0.054000000000000006	0.054000000000000006	0.385	0.39299999999999996	0.38	1.3730000000000002	1.4	0.083	0.083	0.086	0.46299999999999997	0.467	0.462	1.148	1.1540000000000001	0.071	0.073	0.075	0.456	0.447	0.449	1.439	1.556	1.1640000000000001	0.6809999999999999	1.3730000000000002	1.153	1.411
12.57	0.052000000000000005	0.051	0.052000000000000005	0.461	0.473	0.473	1.193	1.151	0.077	0.079	0.078	0.473	0.46799999999999997	0.479	0.691	0.6659999999999999	0.054000000000000006	0.055	0.054000000000000006	0.39899999999999997	0.408	0.395	1.416	1.44	0.085	0.086	0.08800000000000001	0.475	0.48	0.47600000000000003	1.177	1.187	0.07200000000000001	0.07400000000000001	0.077	0.46799999999999997	0.46	0.46	1.479	1.556	1.186	0.71	1.415	1.188	1.4509999999999998
12.82	0.052000000000000005	0.052000000000000005	0.052000000000000005	0.473	0.484	0.485	1.227	1.186	0.08	0.081	0.08	0.484	0.48	0.49200000000000005	0.722	0.691	0.054000000000000006	0.055	0.055	0.41200000000000003	0.42	0.408	1.45	1.47	0.08800000000000001	0.08800000000000001	0.09	0.486	0.494	0.48700000000000004	1.215	1.226	0.07400000000000001	0.076	0.079	0.48	0.47	0.47	1.504	1.55	1.21	0.726	1.445	1.216	1.472
13.08	0.053	0.052000000000000005	0.053	0.48200000000000004	0.494	0.495	1.247	1.214	0.081	0.083	0.083	0.495	0.491	0.504	0.7340000000000001	0.711	0.055	0.055999999999999994	0.055	0.426	0.433	0.42100000000000004	1.466	1.483	0.091	0.09	0.09300000000000001	0.498	0.505	0.499	1.232	1.253	0.075	0.077	0.081	0.491	0.48100000000000004	0.48	1.5219999999999998	1.547	1.248	0.746	1.463	1.249	1.4909999999999999
13.35	0.053	0.052000000000000005	0.053	0.493	0.502	0.503	1.3	1.253	0.084	0.085	0.085	0.507	0.502	0.515	0.76	0.7390000000000001	0.055999999999999994	0.055999999999999994	0.055999999999999994	0.43799999999999994	0.447	0.435	1.4809999999999999	1.4969999999999999	0.09300000000000001	0.09300000000000001	0.096	0.51	0.515	0.511	1.272	1.286	0.076	0.079	0.083	0.501	0.491	0.491	1.535	1.5430000000000001	1.291	0.763	1.476	1.2819999999999998	1.504
13.6	0.053	0.053	0.053	0.504	0.515	0.518	1.325	1.274	0.086	0.087	0.087	0.52	0.516	0.528	0.7829999999999999	0.754	0.055999999999999994	0.057	0.055999999999999994	0.455	0.461	0.45	1.4909999999999999	1.505	0.096	0.095	0.098	0.522	0.529	0.524	1.297	1.318	0.078	0.081	0.085	0.514	0.503	0.502	1.545	1.54	1.2770000000000001	0.779	1.482	1.314	1.515
13.87	0.054000000000000006	0.053	0.054000000000000006	0.512	0.524	0.526	1.348	1.301	0.087	0.08900000000000001	0.08900000000000001	0.528	0.528	0.539	0.8029999999999999	0.77	0.055999999999999994	0.057	0.057	0.465	0.474	0.46299999999999997	1.489	1.5	0.098	0.098	0.10099999999999999	0.532	0.54	0.5329999999999999	1.3330000000000002	1.351	0.079	0.083	0.087	0.524	0.514	0.513	1.545	1.54	1.301	0.794	1.476	1.348	1.514
14.13	0.054000000000000006	0.053	0.055	0.519	0.529	0.531	1.3559999999999999	1.319	0.09	0.091	0.092	0.536	0.535	0.5479999999999999	0.815	0.78	0.057	0.057999999999999996	0.057999999999999996	0.47600000000000003	0.484	0.474	1.486	1.496	0.10099999999999999	0.10099999999999999	0.105	0.542	0.5489999999999999	0.5429999999999999	1.365	1.383	0.081	0.085	0.08900000000000001	0.532	0.522	0.52	1.5419999999999998	1.538	1.294	0.802	1.473	1.3840000000000001	1.5119999999999998
14.4	0.055	0.054000000000000006	0.055	0.528	0.5379999999999999	0.539	1.3519999999999999	1.3230000000000002	0.09300000000000001	0.094	0.094	0.55	0.546	0.557	0.833	0.8009999999999999	0.057	0.057999999999999996	0.057999999999999996	0.489	0.49700000000000005	0.486	1.4809999999999999	1.49	0.10400000000000001	0.10400000000000001	0.107	0.5529999999999999	0.56	0.5539999999999999	1.392	1.413	0.08199999999999999	0.087	0.092	0.542	0.532	0.53	1.537	1.535	1.32	0.813	1.47	1.416	1.506
14.65	0.055	0.055	0.055	0.536	0.545	0.5479999999999999	1.358	1.294	0.095	0.09699999999999999	0.09699999999999999	0.561	0.5579999999999999	0.568	0.846	0.812	0.057999999999999996	0.059000000000000004	0.059000000000000004	0.501	0.508	0.498	1.474	1.485	0.10800000000000001	0.10800000000000001	0.111	0.564	0.57	0.564	1.423	1.433	0.084	0.08900000000000001	0.094	0.552	0.541	0.539	1.535	1.5319999999999998	1.304	0.831	1.464	1.435	1.504
14.92	0.055999999999999994	0.055	0.055999999999999994	0.544	0.555	0.556	1.361	1.296	0.098	0.099	0.1	0.568	0.5670000000000001	0.579	0.8690000000000001	0.833	0.059000000000000004	0.06	0.059000000000000004	0.512	0.52	0.51	1.47	1.48	0.111	0.111	0.115	0.574	0.581	0.575	1.433	1.44	0.086	0.092	0.09699999999999999	0.561	0.55	0.5479999999999999	1.531	1.53	1.29	0.8390000000000001	1.4609999999999999	1.4409999999999998	1.5
15.18	0.055999999999999994	0.055	0.055999999999999994	0.552	0.563	0.564	1.351	1.2919999999999998	0.10099999999999999	0.102	0.10300000000000001	0.5760000000000001	0.574	0.588	0.88	0.8390000000000001	0.059000000000000004	0.06	0.06	0.523	0.532	0.522	1.465	1.476	0.115	0.114	0.11900000000000001	0.585	0.591	0.584	1.432	1.4340000000000002	0.08900000000000001	0.094	0.099	0.5710000000000001	0.5589999999999999	0.557	1.528	1.524	1.286	0.856	1.455	1.431	1.494
15.43	0.057	0.055	0.055999999999999994	0.56	0.5720000000000001	0.574	1.349	1.2819999999999998	0.10400000000000001	0.105	0.106	0.586	0.584	0.598	0.9	0.862	0.06	0.061	0.061	0.535	0.5429999999999999	0.534	1.4609999999999999	1.4709999999999999	0.11800000000000001	0.11800000000000001	0.122	0.595	0.602	0.594	1.425	1.429	0.09	0.09699999999999999	0.10099999999999999	0.58	0.5670000000000001	0.5660000000000001	1.526	1.5230000000000001	1.2930000000000001	0.8690000000000001	1.4509999999999998	1.425	1.492
15.7	0.057	0.055999999999999994	0.057	0.57	0.581	0.5820000000000001	1.331	1.274	0.107	0.10800000000000001	0.11	0.597	0.595	0.609	0.917	0.892	0.06	0.062	0.062	0.547	0.555	0.545	1.4569999999999999	1.466	0.122	0.121	0.125	0.605	0.611	0.604	1.42	1.421	0.09300000000000001	0.099	0.10400000000000001	0.589	0.578	0.575	1.5230000000000001	1.5190000000000001	1.28	0.889	1.45	1.4180000000000001	1.4880000000000002
15.97	0.057999999999999996	0.057	0.057999999999999996	0.579	0.588	0.591	1.3259999999999998	1.246	0.111	0.111	0.113	0.607	0.605	0.62	0.951	0.905	0.061	0.062	0.063	0.5579999999999999	0.5660000000000001	0.557	1.454	1.462	0.126	0.126	0.129	0.615	0.621	0.614	1.4140000000000001	1.413	0.095	0.102	0.107	0.598	0.5870000000000001	0.585	1.52	1.517	1.262	0.897	1.445	1.4140000000000001	1.486
16.23	0.059000000000000004	0.057999999999999996	0.059000000000000004	0.5870000000000001	0.596	0.599	1.3159999999999998	1.244	0.114	0.115	0.11699999999999999	0.616	0.614	0.628	0.953	0.92	0.062	0.063	0.063	0.569	0.5770000000000001	0.569	1.45	1.459	0.13	0.129	0.133	0.625	0.632	0.624	1.4069999999999998	1.4069999999999998	0.098	0.105	0.111	0.609	0.602	0.594	1.518	1.5130000000000001	1.251	0.9179999999999999	1.4409999999999998	1.4069999999999998	1.483
16.48	0.06	0.057999999999999996	0.059000000000000004	0.595	0.605	0.607	1.301	1.26	0.11699999999999999	0.11800000000000001	0.121	0.627	0.623	0.638	0.972	0.9390000000000001	0.063	0.064	0.064	0.58	0.588	0.58	1.4469999999999998	1.455	0.134	0.134	0.138	0.634	0.6409999999999999	0.632	1.401	1.401	0.10099999999999999	0.10800000000000001	0.114	0.617	0.605	0.603	1.514	1.5119999999999998	1.245	0.934	1.435	1.4040000000000001	1.48
16.75	0.06	0.059000000000000004	0.06	0.602	0.613	0.615	1.295	1.238	0.121	0.122	0.124	0.636	0.633	0.648	1.002	0.965	0.064	0.065	0.065	0.591	0.599	0.591	1.443	1.45	0.138	0.13699999999999998	0.141	0.644	0.6509999999999999	0.642	1.3980000000000001	1.3980000000000001	0.10300000000000001	0.111	0.11699999999999999	0.627	0.615	0.611	1.5119999999999998	1.5090000000000001	1.295	0.958	1.432	1.399	1.4769999999999999
17.02	0.061	0.059000000000000004	0.06	0.613	0.622	0.624	1.2990000000000002	1.266	0.125	0.126	0.128	0.6459999999999999	0.644	0.6579999999999999	1.012	0.987	0.064	0.066	0.066	0.603	0.61	0.602	1.4409999999999998	1.4480000000000002	0.141	0.141	0.146	0.654	0.66	0.652	1.393	1.39	0.105	0.114	0.121	0.635	0.623	0.62	1.51	1.507	1.483	0.975	1.433	1.392	1.476
17.27	0.062	0.06	0.061	0.622	0.63	0.632	1.2819999999999998	1.251	0.129	0.13	0.134	0.6559999999999999	0.652	0.6679999999999999	1.04	1.013	0.065	0.067	0.067	0.614	0.621	0.614	1.4380000000000002	1.443	0.146	0.146	0.149	0.6629999999999999	0.67	0.662	1.3869999999999998	1.385	0.10800000000000001	0.11800000000000001	0.125	0.645	0.633	0.629	1.508	1.507	1.237	0.998	1.426	1.389	1.476
17.53	0.062	0.06	0.062	0.63	0.637	0.64	1.268	1.239	0.133	0.135	0.13699999999999998	0.6659999999999999	0.6629999999999999	0.677	1.0659999999999998	1.014	0.066	0.068	0.068	0.624	0.632	0.625	1.435	1.439	0.15	0.15	0.154	0.6729999999999999	0.68	0.6709999999999999	1.383	1.38	0.111	0.122	0.129	0.655	0.643	0.638	1.507	1.505	1.298	1.023	1.422	1.383	1.473
17.8	0.063	0.061	0.063	0.636	0.645	0.648	1.261	1.228	0.136	0.139	0.141	0.675	0.672	0.687	1.123	1.041	0.067	0.069	0.07	0.635	0.642	0.635	1.431	1.436	0.154	0.154	0.159	0.682	0.69	0.68	1.376	1.3730000000000002	0.113	0.125	0.133	0.6629999999999999	0.652	0.647	1.505	1.5019999999999998	1.2229999999999999	1.038	1.421	1.376	1.472
18.05	0.064	0.062	0.063	0.647	0.654	0.6559999999999999	1.253	1.214	0.14	0.14300000000000002	0.146	0.684	0.682	0.696	1.117	1.065	0.069	0.07	0.07	0.645	0.653	0.6459999999999999	1.4269999999999998	1.432	0.159	0.158	0.163	0.691	0.6990000000000001	0.6890000000000001	1.371	1.367	0.11599999999999999	0.129	0.13699999999999998	0.672	0.662	0.6559999999999999	1.504	1.5	1.263	1.053	1.4180000000000001	1.371	1.469
18.32	0.065	0.063	0.064	0.654	0.662	0.6629999999999999	1.232	1.192	0.14400000000000002	0.147	0.151	0.6940000000000001	0.691	0.705	1.125	1.069	0.069	0.071	0.07200000000000001	0.6559999999999999	0.6629999999999999	0.657	1.423	1.4269999999999998	0.16399999999999998	0.163	0.16699999999999998	0.7	0.708	0.6990000000000001	1.365	1.36	0.12	0.133	0.14	0.6809999999999999	0.6709999999999999	0.665	1.5019999999999998	1.496	1.207	1.079	1.413	1.367	1.466
18.58	0.066	0.063	0.065	0.662	0.6709999999999999	0.674	1.2329999999999999	1.18	0.149	0.152	0.155	0.703	0.7	0.715	1.156	1.085	0.071	0.073	0.07200000000000001	0.6659999999999999	0.6729999999999999	0.667	1.419	1.423	0.16699999999999998	0.168	0.172	0.708	0.7170000000000001	0.7070000000000001	1.361	1.354	0.12300000000000001	0.13699999999999998	0.14400000000000002	0.69	0.68	0.674	1.499	1.494	1.183	1.0979999999999999	1.4080000000000001	1.36	1.464
18.85	0.066	0.064	0.066	0.6709999999999999	0.679	0.6809999999999999	1.2329999999999999	1.17	0.153	0.156	0.16	0.7120000000000001	0.71	0.7240000000000001	1.173	1.1	0.07200000000000001	0.073	0.07400000000000001	0.6759999999999999	0.6829999999999999	0.677	1.4140000000000001	1.4180000000000001	0.171	0.171	0.17600000000000002	0.718	0.726	0.716	1.354	1.349	0.126	0.141	0.149	0.6990000000000001	0.6890000000000001	0.6829999999999999	1.4980000000000002	1.489	1.226	1.121	1.406	1.3519999999999999	1.462
19.1	0.068	0.065	0.067	0.684	0.6920000000000001	0.6940000000000001	1.219	1.155	0.157	0.16	0.163	0.7240000000000001	0.722	0.737	1.2009999999999998	1.148	0.07200000000000001	0.075	0.076	0.688	0.695	0.6890000000000001	1.413	1.415	0.175	0.175	0.179	0.728	0.736	0.727	1.349	1.3419999999999999	0.129	0.14400000000000002	0.152	0.71	0.7	0.6940000000000001	1.494	1.4880000000000002	1.479	1.13	1.4	1.345	1.4580000000000002
19.37	0.068	0.065	0.068	0.693	0.701	0.7020000000000001	1.242	1.155	0.16	0.163	0.168	0.733	0.731	0.747	1.217	1.162	0.07400000000000001	0.077	0.077	0.698	0.705	0.6990000000000001	1.41	1.4169999999999998	0.179	0.179	0.184	0.737	0.745	0.735	1.3430000000000002	1.339	0.131	0.14800000000000002	0.156	0.72	0.7090000000000001	0.7020000000000001	1.496	1.489	1.412	1.138	1.3969999999999998	1.339	1.4569999999999999
19.63	0.07	0.067	0.068	0.6970000000000001	0.7040000000000001	0.705	1.239	1.16	0.16399999999999998	0.168	0.17300000000000001	0.738	0.736	0.7490000000000001	1.236	1.185	0.076	0.078	0.079	0.706	0.713	0.708	1.4040000000000001	1.411	0.183	0.183	0.188	0.7440000000000001	0.753	0.742	1.339	1.3319999999999999	0.135	0.152	0.16	0.726	0.715	0.708	1.494	1.4869999999999999	1.188	1.1740000000000002	1.396	1.337	1.456
19.88	0.071	0.068	0.069	0.7040000000000001	0.7120000000000001	0.7140000000000001	1.222	1.146	0.16899999999999998	0.172	0.17800000000000002	0.747	0.745	0.759	1.252	1.34	0.077	0.08	0.08	0.716	0.722	0.7170000000000001	1.401	1.4040000000000001	0.188	0.188	0.19399999999999998	0.752	0.76	0.75	1.3330000000000002	1.3259999999999998	0.13699999999999998	0.156	0.16399999999999998	0.735	0.723	0.7170000000000001	1.4869999999999999	1.479	1.3090000000000002	1.198	1.393	1.329	1.452
20.15	0.07200000000000001	0.068	0.07	0.713	0.721	0.721	1.186	1.123	0.172	0.17600000000000002	0.183	0.7559999999999999	0.754	0.767	1.268	1.2429999999999999	0.079	0.081	0.08199999999999999	0.725	0.731	0.727	1.396	1.401	0.193	0.193	0.19899999999999998	0.7609999999999999	0.77	0.759	1.327	1.321	0.141	0.162	0.168	0.743	0.731	0.723	1.485	1.4769999999999999	1.268	1.202	1.39	1.325	1.4480000000000002
20.42	0.073	0.069	0.071	0.759	0.7290000000000001	0.731	1.196	1.1159999999999999	0.175	0.179	0.18600000000000003	0.764	0.762	0.777	1.329	1.435	0.081	0.083	0.084	0.7340000000000001	0.74	0.742	1.395	1.396	0.19699999999999998	0.196	0.20199999999999999	0.769	0.777	0.7659999999999999	1.3230000000000002	1.315	0.145	0.16399999999999998	0.17	0.7509999999999999	0.74	0.732	1.482	1.475	1.196	1.236	1.3869999999999998	1.3159999999999998	1.4469999999999998
20.68	0.07400000000000001	0.07	0.07200000000000001	0.7290000000000001	0.737	0.738	1.176	1.1059999999999999	0.179	0.184	0.191	0.774	0.7709999999999999	0.784	1.389	1.245	0.08199999999999999	0.084	0.085	0.743	0.748	0.745	1.39	1.392	0.201	0.201	0.20600000000000002	0.778	0.7859999999999999	0.774	1.318	1.308	0.14800000000000002	0.166	0.17300000000000001	0.759	0.748	0.74	1.482	1.474	1.194	1.2309999999999999	1.3840000000000001	1.31	1.444
20.93	0.076	0.071	0.073	0.755	0.745	0.746	1.2009999999999998	1.099	0.182	0.18600000000000003	0.19399999999999998	0.7809999999999999	0.78	0.792	1.325	1.3880000000000001	0.084	0.086	0.087	0.7509999999999999	0.757	0.754	1.386	1.39	0.205	0.205	0.21	0.7859999999999999	0.794	0.782	1.3130000000000002	1.304	0.15	0.168	0.175	0.767	0.7559999999999999	0.748	1.4780000000000002	1.47	1.212	1.249	1.381	1.304	1.442
21.2	0.077	0.07200000000000001	0.07400000000000001	0.746	0.753	0.754	1.176	1.088	0.184	0.18899999999999997	0.19699999999999998	0.79	0.789	0.8009999999999999	1.337	1.265	0.086	0.08800000000000001	0.08900000000000001	0.76	0.765	0.762	1.3840000000000001	1.386	0.209	0.209	0.214	0.794	0.802	0.79	1.31	1.2990000000000002	0.152	0.171	0.17800000000000002	0.7759999999999999	0.763	0.7559999999999999	1.476	1.465	1.153	1.262	1.3769999999999998	1.304	1.44
21.47	0.078	0.073	0.075	0.753	0.76	0.76	1.171	1.078	0.185	0.192	0.2	0.7979999999999999	0.7959999999999999	0.809	1.36	1.2819999999999998	0.087	0.09	0.091	0.767	0.773	0.772	1.382	1.3840000000000001	0.213	0.213	0.21899999999999997	0.802	0.8109999999999999	0.7979999999999999	1.305	1.2930000000000001	0.153	0.17300000000000001	0.18	0.7829999999999999	0.7709999999999999	0.764	1.475	1.46	1.169	1.274	1.3730000000000002	1.294	1.4380000000000002
21.72	0.08	0.07400000000000001	0.076	0.759	0.77	0.769	1.166	1.072	0.187	0.19399999999999998	0.203	0.807	0.805	0.8170000000000001	1.371	1.2790000000000001	0.08900000000000001	0.092	0.09300000000000001	0.7759999999999999	0.782	0.7809999999999999	1.375	1.376	0.217	0.217	0.223	0.81	0.8170000000000001	0.805	1.301	1.287	0.154	0.175	0.183	0.7909999999999999	0.778	0.7709999999999999	1.4709999999999999	1.455	1.183	1.29	1.368	1.288	1.436
21.98	0.081	0.075	0.077	0.782	0.777	0.777	1.169	1.06	0.18899999999999997	0.196	0.205	0.8140000000000001	0.812	0.8240000000000001	1.361	1.29	0.091	0.094	0.095	0.784	0.79	0.7879999999999999	1.37	1.371	0.221	0.22	0.22699999999999998	0.818	0.826	0.813	1.297	1.284	0.155	0.177	0.185	0.799	0.787	0.779	1.472	1.4509999999999998	1.1840000000000002	1.3019999999999998	1.364	1.284	1.4340000000000002
22.25	0.08199999999999999	0.076	0.078	0.8029999999999999	0.789	0.789	1.166	1.051	0.191	0.19699999999999998	0.20800000000000002	0.8270000000000001	0.8240000000000001	0.836	1.3730000000000002	1.281	0.09300000000000001	0.095	0.09699999999999999	0.794	0.8009999999999999	0.7979999999999999	1.3659999999999999	1.368	0.22399999999999998	0.22399999999999998	0.231	0.8270000000000001	0.836	0.823	1.294	1.276	0.156	0.179	0.187	0.8079999999999999	0.7959999999999999	0.7879999999999999	1.469	1.446	1.187	1.297	1.3619999999999999	1.2770000000000001	1.431
22.52	0.083	0.078	0.08	0.884	0.792	0.7909999999999999	1.175	1.05	0.192	0.19899999999999998	0.21	0.83	0.8270000000000001	0.8390000000000001	1.365	1.285	0.095	0.098	0.1	0.802	0.8059999999999999	0.804	1.3619999999999999	1.364	0.22699999999999998	0.228	0.23399999999999999	0.8340000000000001	0.841	0.828	1.291	1.274	0.157	0.18100000000000002	0.19	0.815	0.8029999999999999	0.794	1.4680000000000002	1.444	1.146	1.301	1.357	1.274	1.43
22.77	0.085	0.079	0.081	0.792	0.799	0.7979999999999999	1.165	1.043	0.19399999999999998	0.201	0.212	0.8370000000000001	0.835	0.846	1.347	1.266	0.09699999999999999	0.10099999999999999	0.102	0.81	0.815	0.812	1.355	1.355	0.231	0.231	0.23800000000000002	0.841	0.8490000000000001	0.835	1.285	1.268	0.159	0.184	0.193	0.821	0.809	0.8	1.464	1.4380000000000002	1.1520000000000001	1.2990000000000002	1.3530000000000002	1.271	1.425
23.03	0.086	0.08	0.083	0.799	0.807	0.805	1.156	1.033	0.196	0.203	0.21600000000000003	0.845	0.8440000000000001	0.8540000000000001	1.535	1.256	0.099	0.10300000000000001	0.10400000000000001	0.818	0.8220000000000001	0.821	1.351	1.349	0.235	0.235	0.242	0.848	0.856	0.841	1.28	1.261	0.16	0.18600000000000003	0.195	0.8270000000000001	0.816	0.8079999999999999	1.459	1.4340000000000002	1.1520000000000001	1.294	1.349	1.271	1.421
23.3	0.08800000000000001	0.08199999999999999	0.084	0.812	0.818	0.816	1.147	1.015	0.198	0.205	0.22	0.858	0.855	0.865	1.35	1.244	0.102	0.106	0.107	0.8270000000000001	0.8320000000000001	0.831	1.345	1.344	0.23800000000000002	0.239	0.245	0.858	0.865	0.851	1.278	1.26	0.162	0.19	0.19699999999999998	0.838	0.825	0.8170000000000001	1.452	1.4280000000000002	1.122	1.274	1.341	1.272	1.416
23.55	0.08900000000000001	0.083	0.085	0.8190000000000001	0.8240000000000001	0.821	1.143	1.021	0.2	0.207	0.221	0.865	0.862	0.872	1.329	1.226	0.10400000000000001	0.10800000000000001	0.10800000000000001	0.836	0.84	0.8390000000000001	1.34	1.3359999999999999	0.24	0.242	0.249	0.865	0.873	0.858	1.273	1.258	0.162	0.19	0.2	0.845	0.8320000000000001	0.8240000000000001	1.45	1.422	1.1059999999999999	1.2690000000000001	1.337	1.261	1.411
23.82	0.091	0.085	0.087	0.821	0.8270000000000001	0.8240000000000001	1.148	1.018	0.20199999999999999	0.21	0.223	0.868	0.865	0.875	1.321	1.216	0.107	0.111	0.111	0.8420000000000001	0.845	0.843	1.3330000000000002	1.329	0.245	0.24600000000000002	0.253	0.871	0.878	0.862	1.27	1.252	0.16399999999999998	0.193	0.20199999999999999	0.8490000000000001	0.836	0.8290000000000001	1.444	1.416	1.148	1.264	1.3330000000000002	1.261	1.4080000000000001
24.08	0.09300000000000001	0.087	0.09	0.852	0.838	0.836	1.1320000000000001	1.013	0.204	0.212	0.22699999999999998	0.879	0.8759999999999999	0.8859999999999999	1.389	1.203	0.109	0.11199999999999999	0.114	0.852	0.855	0.853	1.328	1.3230000000000002	0.248	0.25	0.258	0.878	0.8859999999999999	0.871	1.265	1.244	0.166	0.19399999999999998	0.205	0.858	0.8440000000000001	0.8370000000000001	1.439	1.4069999999999998	1.0959999999999999	1.268	1.325	1.256	1.402
24.35	0.095	0.08800000000000001	0.091	0.835	0.841	0.8370000000000001	1.137	1.0070000000000001	0.207	0.214	0.22899999999999998	0.88	0.877	0.887	1.3019999999999998	1.202	0.11199999999999999	0.11599999999999999	0.11699999999999999	0.856	0.86	0.8590000000000001	1.324	1.317	0.251	0.253	0.261	0.884	0.8909999999999999	0.875	1.262	1.244	0.168	0.19699999999999998	0.20800000000000002	0.862	0.85	0.8420000000000001	1.436	1.401	1.121	1.258	1.3219999999999998	1.255	1.4
24.6	0.096	0.09	0.092	1.002	0.851	0.848	1.122	1.0	0.209	0.21600000000000003	0.233	0.893	0.889	0.898	1.298	1.193	0.114	0.11800000000000001	0.12	0.866	0.8690000000000001	0.868	1.3159999999999998	1.31	0.256	0.258	0.265	0.892	0.899	0.883	1.261	1.2329999999999999	0.16899999999999998	0.2	0.209	0.871	0.858	0.85	1.431	1.3940000000000001	1.079	1.252	1.3159999999999998	1.25	1.393
24.87	0.098	0.092	0.096	0.8490000000000001	0.853	0.848	1.123	1.0	0.21	0.218	0.23399999999999999	0.895	0.893	0.9009999999999999	1.301	1.19	0.11699999999999999	0.121	0.121	0.872	0.8740000000000001	0.873	1.314	1.305	0.258	0.261	0.26899999999999996	0.897	0.904	0.888	1.256	1.242	0.172	0.201	0.212	0.875	0.863	0.8540000000000001	1.4269999999999998	1.3869999999999998	1.125	1.262	1.314	1.379	1.391
25.13	0.10099999999999999	0.094	0.098	0.855	0.86	0.855	1.11	0.992	0.213	0.221	0.237	0.9009999999999999	0.898	0.9079999999999999	1.28	1.182	0.12	0.121	0.12300000000000001	0.878	0.8809999999999999	0.88	1.307	1.301	0.263	0.265	0.27399999999999997	0.903	0.9109999999999999	0.894	1.251	1.2309999999999999	0.172	0.204	0.215	0.8809999999999999	0.8690000000000001	0.861	1.421	1.381	1.115	1.2309999999999999	1.308	1.295	1.386
25.38	0.102	0.095	0.1	0.862	0.8690000000000001	0.865	1.101	0.9890000000000001	0.213	0.221	0.239	0.914	0.91	0.917	1.276	1.171	0.121	0.12300000000000001	0.124	0.888	0.892	0.889	1.3019999999999998	1.2990000000000002	0.266	0.268	0.276	0.912	0.919	0.902	1.248	1.25	0.174	0.20600000000000002	0.217	0.89	0.8759999999999999	0.868	1.4140000000000001	1.374	1.091	1.255	1.304	1.254	1.3780000000000001
25.65	0.105	0.098	0.102	0.865	0.872	0.866	1.1059999999999999	0.9840000000000001	0.217	0.223	0.242	0.914	0.9109999999999999	0.919	1.271	1.173	0.12300000000000001	0.124	0.126	0.892	0.895	0.893	1.3	1.291	0.268	0.272	0.28	0.9159999999999999	0.9229999999999999	0.9059999999999999	1.248	1.232	0.17600000000000002	0.20800000000000002	0.22	0.894	0.8809999999999999	0.873	1.41	1.368	1.117	1.224	1.301	1.249	1.374
25.92	0.109	0.1	0.10400000000000001	0.87	0.877	0.872	1.099	0.98	0.217	0.225	0.244	0.9209999999999999	0.917	0.924	1.266	1.157	0.125	0.126	0.126	0.9	0.902	0.9	1.295	1.2890000000000001	0.271	0.275	0.284	0.9229999999999999	0.929	0.912	1.242	1.224	0.17800000000000002	0.21100000000000002	0.223	0.9	0.888	0.878	1.401	1.3630000000000002	1.092	1.227	1.297	1.246	1.368
26.18	0.111	0.10300000000000001	0.106	0.9279999999999999	0.884	0.877	1.095	0.9740000000000001	0.218	0.22699999999999998	0.24600000000000002	0.9279999999999999	0.924	0.9309999999999999	1.245	1.145	0.126	0.127	0.128	0.907	0.91	0.9079999999999999	1.2890000000000001	1.2830000000000001	0.27399999999999997	0.278	0.28800000000000003	0.927	0.935	0.917	1.242	1.219	0.18	0.213	0.225	0.9059999999999999	0.893	0.884	1.3969999999999998	1.3559999999999999	1.0859999999999999	1.2309999999999999	1.2919999999999998	1.244	1.3630000000000002
26.43	0.113	0.105	0.109	0.885	0.888	0.8809999999999999	1.081	0.9740000000000001	0.221	0.23	0.249	0.935	0.93	0.9359999999999999	1.2409999999999999	1.141	0.127	0.128	0.129	0.915	0.915	0.9209999999999999	1.284	1.2770000000000001	0.278	0.282	0.29100000000000004	0.934	0.941	0.9229999999999999	1.246	1.217	0.182	0.21600000000000003	0.22699999999999998	0.9109999999999999	0.899	0.89	1.39	1.351	1.109	1.256	1.287	1.256	1.357
26.7	0.115	0.10800000000000001	0.111	1.025	0.894	0.888	1.087	0.9670000000000001	0.222	0.22899999999999998	0.249	0.943	0.937	0.943	1.256	1.12	0.128	0.131	0.131	0.92	0.922	0.92	1.278	1.272	0.281	0.285	0.295	0.94	0.946	0.929	1.2309999999999999	1.21	0.183	0.217	0.22899999999999998	0.917	0.904	0.8959999999999999	1.383	1.344	1.101	1.215	1.2830000000000001	1.236	1.351
26.97	0.11800000000000001	0.111	0.114	0.887	0.898	0.892	1.08	0.9670000000000001	0.22399999999999998	0.231	0.252	0.946	0.943	0.948	1.23	1.112	0.13	0.131	0.133	0.927	0.9279999999999999	0.925	1.273	1.263	0.28300000000000003	0.28800000000000003	0.297	0.945	0.951	0.935	1.226	1.205	0.184	0.21899999999999997	0.231	0.9229999999999999	0.909	0.9009999999999999	1.3780000000000001	1.338	1.093	1.206	1.278	1.229	1.345
27.22	0.121	0.113	0.11599999999999999	0.8909999999999999	0.903	0.897	1.072	0.958	0.225	0.23199999999999998	0.254	0.9520000000000001	0.9490000000000001	0.953	1.22	1.099	0.13	0.133	0.134	0.934	0.9359999999999999	0.9329999999999999	1.2670000000000001	1.2570000000000001	0.28600000000000003	0.29100000000000004	0.3	0.95	0.958	0.9390000000000001	1.225	1.202	0.185	0.221	0.23399999999999999	0.9279999999999999	0.915	0.907	1.37	1.331	1.105	1.209	1.272	1.2329999999999999	1.339
27.48	0.124	0.11599999999999999	0.12	0.93	0.907	0.9009999999999999	1.072	0.956	0.22699999999999998	0.233	0.255	0.958	0.956	0.958	1.2109999999999999	1.087	0.132	0.135	0.135	0.94	0.941	0.938	1.262	1.253	0.28800000000000003	0.295	0.303	0.956	0.963	0.945	1.219	1.197	0.187	0.222	0.235	0.934	0.922	0.912	1.367	1.3259999999999998	1.081	1.207	1.268	1.224	1.334
27.75	0.127	0.11900000000000001	0.12300000000000001	0.897	0.91	0.9059999999999999	1.0659999999999998	0.9520000000000001	0.22699999999999998	0.233	0.256	0.9640000000000001	0.96	0.9640000000000001	1.205	1.073	0.134	0.136	0.13699999999999998	0.946	0.946	0.943	1.2570000000000001	1.248	0.29	0.298	0.306	0.96	0.9670000000000001	0.951	1.214	1.192	0.187	0.22399999999999998	0.23800000000000002	0.94	0.9259999999999999	0.9179999999999999	1.359	1.321	1.081	1.21	1.263	1.22	1.328
28.0	0.129	0.121	0.125	0.9179999999999999	0.914	0.91	1.06	0.9520000000000001	0.22899999999999998	0.23399999999999999	0.256	0.9690000000000001	0.9640000000000001	0.9690000000000001	1.208	1.0659999999999998	0.135	0.13699999999999998	0.139	0.9520000000000001	0.953	0.9520000000000001	1.253	1.2409999999999999	0.292	0.299	0.308	0.966	0.972	0.956	1.212	1.186	0.188	0.225	0.24	0.945	0.932	0.9229999999999999	1.355	1.3130000000000002	1.0659999999999998	1.175	1.258	1.216	1.3230000000000002
28.27	0.132	0.124	0.128	0.937	0.9159999999999999	0.915	1.061	0.948	0.23	0.23399999999999999	0.257	0.9740000000000001	0.9690000000000001	0.975	1.189	1.075	0.13699999999999998	0.139	0.14	0.9570000000000001	0.958	0.96	1.248	1.236	0.294	0.303	0.31	0.97	0.977	0.96	1.21	1.186	0.18899999999999997	0.226	0.24100000000000002	0.95	0.937	0.9279999999999999	1.35	1.307	1.088	1.167	1.253	1.213	1.317
28.53	0.136	0.128	0.132	0.909	0.9179999999999999	0.919	1.058	0.946	0.231	0.235	0.257	0.9790000000000001	0.9740000000000001	0.9790000000000001	1.188	1.048	0.139	0.141	0.142	0.963	0.9640000000000001	0.96	1.244	1.232	0.29600000000000004	0.304	0.314	0.9740000000000001	0.981	0.965	1.212	1.18	0.19	0.22699999999999998	0.242	0.955	0.9420000000000001	0.934	1.3430000000000002	1.3019999999999998	1.068	1.167	1.25	1.21	1.3119999999999998
28.8	0.138	0.131	0.135	0.917	0.9209999999999999	0.924	1.058	0.9420000000000001	0.231	0.23399999999999999	0.258	0.986	0.98	0.987	1.18	1.041	0.14	0.142	0.14300000000000002	0.97	0.9690000000000001	0.97	1.24	1.226	0.298	0.308	0.316	0.98	0.986	0.97	1.213	1.176	0.191	0.22699999999999998	0.245	0.96	0.9470000000000001	0.938	1.338	1.296	1.0659999999999998	1.16	1.245	1.209	1.308
29.05	0.141	0.134	0.13699999999999998	0.92	0.924	0.927	1.053	0.938	0.233	0.23399999999999999	0.259	0.99	0.9840000000000001	0.9890000000000001	1.183	1.041	0.142	0.14400000000000002	0.145	0.9740000000000001	0.975	0.982	1.236	1.22	0.3	0.311	0.319	0.983	0.991	0.975	1.212	1.1740000000000002	0.191	0.22899999999999998	0.24600000000000002	0.966	0.9520000000000001	0.9440000000000001	1.334	1.2919999999999998	1.065	1.157	1.24	1.204	1.3030000000000002
29.32	0.14400000000000002	0.13699999999999998	0.141	0.92	0.9259999999999999	0.9309999999999999	1.051	0.937	0.233	0.23399999999999999	0.259	0.9940000000000001	0.988	0.9940000000000001	1.172	1.024	0.14400000000000002	0.146	0.147	0.982	0.9890000000000001	0.978	1.2309999999999999	1.219	0.303	0.311	0.322	0.988	0.996	0.98	1.208	1.171	0.193	0.23	0.247	0.971	0.9570000000000001	0.9490000000000001	1.33	1.286	1.067	1.143	1.235	1.2009999999999998	1.297
29.58	0.146	0.139	0.14400000000000002	0.925	0.9309999999999999	0.937	1.047	0.934	0.233	0.235	0.259	1.005	1.001	1.004	1.162	1.036	0.145	0.147	0.14800000000000002	0.987	0.987	0.982	1.227	1.212	0.303	0.313	0.32299999999999995	0.9940000000000001	1.002	0.985	1.21	1.168	0.19399999999999998	0.231	0.248	0.9790000000000001	0.9640000000000001	0.956	1.3230000000000002	1.281	1.053	1.145	1.23	1.202	1.2919999999999998
29.83	0.15	0.14400000000000002	0.147	1.002	0.9309999999999999	0.938	1.045	0.9329999999999999	0.235	0.23399999999999999	0.26	1.003	0.9990000000000001	1.003	1.163	1.0270000000000001	0.147	0.149	0.15	0.991	0.991	0.986	1.2229999999999999	1.209	0.305	0.316	0.327	0.998	1.005	0.9890000000000001	1.2109999999999999	1.173	0.196	0.22899999999999998	0.249	0.981	0.97	0.958	1.318	1.276	1.06	1.127	1.227	1.203	1.2890000000000001
30.1	0.152	0.14800000000000002	0.153	1.031	0.935	0.943	1.04	0.925	0.23600000000000002	0.23399999999999999	0.261	1.008	1.005	1.0090000000000001	1.153	1.01	0.14800000000000002	0.152	0.152	0.995	0.995	1.002	1.22	1.205	0.308	0.318	0.33	1.002	1.008	0.993	1.205	1.17	0.196	0.23	0.251	0.986	0.972	0.963	1.314	1.272	1.044	1.1340000000000001	1.2209999999999999	1.193	1.284
30.37	0.155	0.151	0.155	0.9329999999999999	0.938	0.9440000000000001	1.038	0.9179999999999999	0.237	0.235	0.261	1.012	1.008	1.014	1.149	1.006	0.151	0.153	0.155	1.001	1.0	1.0	1.215	1.2009999999999998	0.31	0.321	0.332	1.006	1.013	0.997	1.202	1.166	0.19699999999999998	0.231	0.251	0.99	0.976	0.968	1.3119999999999998	1.265	1.045	1.109	1.215	1.192	1.28
30.63	0.157	0.154	0.159	0.94	0.94	0.946	1.034	0.915	0.237	0.23600000000000002	0.261	1.016	1.012	1.018	1.146	0.998	0.152	0.155	0.156	1.008	1.006	0.9990000000000001	1.212	1.198	0.311	0.325	0.335	1.011	1.018	1.0	1.2	1.163	0.198	0.23199999999999998	0.252	0.996	0.981	0.972	1.307	1.262	1.05	1.103	1.212	1.187	1.275
30.88	0.16	0.158	0.162	0.9420000000000001	0.9440000000000001	0.9490000000000001	1.03	0.915	0.23800000000000002	0.23600000000000002	0.262	1.021	1.018	1.022	1.141	0.988	0.154	0.157	0.158	1.011	1.01	1.004	1.207	1.192	0.315	0.326	0.337	1.016	1.022	1.005	1.196	1.16	0.19899999999999998	0.231	0.253	1.0	0.986	0.978	1.3019999999999998	1.255	1.043	1.114	1.207	1.185	1.271
31.15	0.163	0.161	0.166	0.9470000000000001	0.946	0.9490000000000001	1.0270000000000001	0.917	0.23800000000000002	0.23600000000000002	0.263	1.025	1.022	1.0270000000000001	1.131	0.987	0.156	0.158	0.16	1.0190000000000001	1.014	1.015	1.204	1.188	0.315	0.32799999999999996	0.33899999999999997	1.02	1.0270000000000001	1.0090000000000001	1.193	1.157	0.2	0.23199999999999998	0.254	1.004	0.99	0.982	1.295	1.252	1.032	1.101	1.203	1.183	1.2670000000000001
31.42	0.16399999999999998	0.163	0.168	0.948	0.95	0.95	1.022	0.9079999999999999	0.239	0.23600000000000002	0.263	1.035	1.031	1.036	1.131	0.986	0.158	0.16	0.162	1.022	1.021	1.016	1.2	1.185	0.318	0.32899999999999996	0.341	1.026	1.034	1.016	1.19	1.1540000000000001	0.20199999999999999	0.23199999999999998	0.254	1.012	0.996	0.988	1.294	1.246	1.03	1.115	1.196	1.176	1.26
31.67	0.168	0.16699999999999998	0.172	0.951	0.9540000000000001	0.951	1.023	0.904	0.239	0.23399999999999999	0.262	1.033	1.0290000000000001	1.034	1.13	0.9740000000000001	0.16	0.163	0.163	1.026	1.024	1.0190000000000001	1.197	1.181	0.319	0.331	0.344	1.0290000000000001	1.036	1.0170000000000001	1.186	1.149	0.204	0.23199999999999998	0.255	1.013	0.9990000000000001	0.99	1.288	1.2429999999999999	1.032	1.097	1.195	1.179	1.2590000000000001
31.93	0.16899999999999998	0.171	0.175	0.9540000000000001	0.9540000000000001	0.9520000000000001	1.0170000000000001	0.904	0.239	0.23399999999999999	0.263	1.037	1.033	1.04	1.11	0.982	0.162	0.165	0.165	1.033	1.028	1.0270000000000001	1.193	1.176	0.322	0.335	0.34600000000000003	1.032	1.04	1.021	1.185	1.148	0.205	0.233	0.257	1.018	1.003	0.9940000000000001	1.2819999999999998	1.239	1.025	1.078	1.188	1.173	1.254
32.2	0.172	0.174	0.179	0.956	0.956	0.951	1.013	0.9009999999999999	0.24	0.235	0.263	1.041	1.037	1.043	1.131	0.96	0.16399999999999998	0.166	0.168	1.04	1.033	1.032	1.188	1.172	0.32299999999999995	0.337	0.349	1.038	1.043	1.046	1.18	1.145	0.205	0.233	0.258	1.022	1.008	0.9990000000000001	1.278	1.234	1.024	1.074	1.185	1.172	1.25
32.47	0.174	0.17600000000000002	0.184	0.978	0.9690000000000001	0.953	1.01	0.9	0.24100000000000002	0.235	0.263	1.046	1.041	1.047	1.123	0.97	0.166	0.168	0.16899999999999998	1.04	1.04	1.03	1.186	1.17	0.325	0.33899999999999997	0.35100000000000003	1.04	1.048	1.028	1.179	1.1420000000000001	0.20600000000000002	0.23399999999999999	0.259	1.0270000000000001	1.012	1.003	1.275	1.23	1.0270000000000001	1.065	1.181	1.17	1.246
32.72	0.177	0.18	0.18600000000000003	0.9640000000000001	0.9620000000000001	0.953	1.006	0.897	0.242	0.235	0.265	1.0490000000000002	1.045	1.051	1.167	0.953	0.168	0.17	0.171	1.048	1.042	1.036	1.182	1.1640000000000001	0.326	0.34	0.354	1.046	1.053	1.033	1.177	1.138	0.20600000000000002	0.23399999999999999	0.259	1.031	1.016	1.006	1.271	1.224	1.022	1.0659999999999998	1.177	1.165	1.2429999999999999
32.98	0.18	0.185	0.19	0.965	0.965	0.9540000000000001	1.002	0.892	0.243	0.235	0.264	1.053	1.048	1.054	1.205	0.945	0.17	0.172	0.17300000000000001	1.048	1.046	1.038	1.18	1.161	0.32899999999999996	0.34299999999999997	0.355	1.05	1.056	1.036	1.173	1.1340000000000001	0.207	0.23399999999999999	0.261	1.035	1.02	1.011	1.271	1.2209999999999999	1.015	1.079	1.173	1.166	1.238
33.25	0.183	0.188	0.195	0.9670000000000001	0.966	0.955	0.998	0.89	0.243	0.235	0.266	1.056	1.052	1.0590000000000002	1.128	0.948	0.172	0.17300000000000001	0.175	1.052	1.06	1.043	1.175	1.156	0.33	0.345	0.35700000000000004	1.054	1.061	1.0390000000000001	1.17	1.133	0.20800000000000002	0.23399999999999999	0.262	1.038	1.024	1.015	1.264	1.219	1.013	1.067	1.168	1.16	1.234
33.5	0.185	0.191	0.19699999999999998	0.968	0.97	0.958	0.9940000000000001	0.887	0.244	0.23600000000000002	0.265	1.062	1.057	1.063	1.145	0.925	0.17300000000000001	0.175	0.177	1.056	1.054	1.051	1.173	1.156	0.332	0.345	0.36	1.058	1.065	1.043	1.169	1.128	0.20800000000000002	0.23399999999999999	0.262	1.043	1.028	1.0190000000000001	1.26	1.213	1.015	1.089	1.1640000000000001	1.158	1.2309999999999999
33.77	0.188	0.195	0.201	1.051	0.971	0.958	0.991	0.8809999999999999	0.245	0.237	0.266	1.065	1.06	1.065	1.113	0.9179999999999999	0.174	0.177	0.179	1.06	1.058	1.053	1.169	1.15	0.33299999999999996	0.348	0.36200000000000004	1.063	1.069	1.047	1.166	1.127	0.209	0.235	0.264	1.047	1.032	1.023	1.2570000000000001	1.21	1.008	1.055	1.16	1.1540000000000001	1.226
34.03	0.191	0.198	0.205	1.03	0.977	0.963	0.985	0.879	0.245	0.237	0.266	1.068	1.062	1.069	1.12	0.899	0.177	0.179	0.18	1.068	1.062	1.055	1.166	1.147	0.335	0.35	0.364	1.0659999999999998	1.073	1.051	1.163	1.123	0.21	0.23600000000000002	0.264	1.051	1.036	1.0270000000000001	1.252	1.204	1.008	1.067	1.156	1.1520000000000001	1.224
34.3	0.193	0.20199999999999999	0.209	0.976	0.975	0.963	0.98	0.8759999999999999	0.24600000000000002	0.23600000000000002	0.267	1.072	1.067	1.072	1.109	0.9059999999999999	0.179	0.18	0.183	1.069	1.067	1.0590000000000002	1.163	1.1440000000000001	0.336	0.35200000000000004	0.366	1.07	1.077	1.054	1.162	1.121	0.21	0.23600000000000002	0.266	1.055	1.04	1.031	1.251	1.2009999999999998	1.001	1.046	1.153	1.151	1.22
34.55	0.196	0.207	0.214	0.987	0.978	0.9620000000000001	0.978	0.873	0.24600000000000002	0.23600000000000002	0.268	1.075	1.07	1.0759999999999998	1.063	0.8859999999999999	0.18	0.182	0.184	1.072	1.07	1.069	1.161	1.141	0.33799999999999997	0.355	0.369	1.074	1.081	1.058	1.157	1.119	0.21100000000000002	0.237	0.267	1.0590000000000002	1.048	1.035	1.247	1.197	0.9990000000000001	1.047	1.148	1.145	1.215
34.82	0.2	0.21	0.21899999999999997	1.075	0.98	0.965	0.973	0.87	0.247	0.237	0.268	1.079	1.075	1.079	1.054	0.955	0.182	0.184	0.185	1.082	1.078	1.075	1.158	1.137	0.34	0.35600000000000004	0.37	1.077	1.084	1.062	1.157	1.1159999999999999	0.21100000000000002	0.237	0.266	1.063	1.047	1.038	1.244	1.194	1.0	1.033	1.1440000000000001	1.1420000000000001	1.212
35.08	0.20199999999999999	0.215	0.222	0.9840000000000001	0.981	0.9640000000000001	0.9690000000000001	0.867	0.248	0.239	0.26899999999999996	1.082	1.078	1.083	1.069	1.079	0.183	0.18600000000000003	0.187	1.082	1.079	1.07	1.155	1.135	0.342	0.358	0.373	1.081	1.088	1.065	1.155	1.113	0.212	0.23800000000000002	0.26899999999999996	1.067	1.056	1.042	1.24	1.19	0.995	1.026	1.141	1.14	1.208
35.33	0.204	0.21899999999999997	0.225	0.996	0.9840000000000001	0.9790000000000001	0.9640000000000001	0.8640000000000001	0.249	0.24	0.268	1.0859999999999999	1.081	1.087	1.045	1.208	0.185	0.18600000000000003	0.188	1.085	1.083	1.097	1.1520000000000001	1.131	0.344	0.36	0.375	1.085	1.092	1.069	1.1520000000000001	1.112	0.212	0.239	0.26899999999999996	1.07	1.055	1.046	1.237	1.186	0.9940000000000001	1.03	1.137	1.141	1.204
35.6	0.207	0.222	0.23	1.04	1.028	0.995	0.96	0.8590000000000001	0.249	0.239	0.268	1.091	1.083	1.09	1.045	0.898	0.187	0.188	0.18899999999999997	1.097	1.089	1.081	1.15	1.129	0.345	0.361	0.377	1.088	1.095	1.072	1.149	1.11	0.213	0.239	0.26899999999999996	1.073	1.058	1.05	1.234	1.182	0.987	1.072	1.1340000000000001	1.136	1.2009999999999998
35.87	0.20800000000000002	0.226	0.233	1.158	0.986	0.975	0.955	0.856	0.25	0.24	0.27	1.09	1.0859999999999999	1.093	1.0390000000000001	1.069	0.187	0.18899999999999997	0.19	1.093	1.09	1.081	1.146	1.125	0.349	0.364	0.37799999999999995	1.091	1.099	1.0759999999999998	1.147	1.1059999999999999	0.213	0.24	0.272	1.077	1.061	1.053	1.23	1.178	0.985	1.024	1.13	1.135	1.196
36.13	0.209	0.22899999999999998	0.237	1.1059999999999999	0.987	0.968	0.951	0.852	0.251	0.24100000000000002	0.27	1.092	1.09	1.097	1.035	1.4909999999999999	0.19	0.19	0.192	1.0959999999999999	1.094	1.084	1.1440000000000001	1.122	0.35	0.366	0.382	1.095	1.103	1.079	1.146	1.103	0.213	0.24	0.272	1.081	1.071	1.056	1.229	1.176	0.988	1.011	1.127	1.131	1.193
36.38	0.21100000000000002	0.22899999999999998	0.24	1.014	0.987	0.97	0.945	0.845	0.25	0.24	0.268	1.1	1.0979999999999999	1.104	1.023	1.012	0.18899999999999997	0.191	0.192	1.102	1.1	1.093	1.143	1.12	0.35	0.366	0.382	1.1	1.153	1.085	1.1440000000000001	1.101	0.213	0.239	0.271	1.087	1.071	1.062	1.2229999999999999	1.171	0.977	1.0190000000000001	1.122	1.128	1.188
36.65	0.212	0.235	0.244	0.992	0.9890000000000001	0.9690000000000001	0.945	0.8440000000000001	0.252	0.24100000000000002	0.27	1.095	1.094	1.103	1.0490000000000002	1.172	0.192	0.192	0.19399999999999998	1.103	1.1	1.091	1.138	1.1179999999999999	0.354	0.368	0.384	1.103	1.109	1.0859999999999999	1.14	1.093	0.214	0.24100000000000002	0.272	1.088	1.073	1.063	1.2209999999999999	1.169	0.9790000000000001	1.003	1.12	1.125	1.186
36.92	0.214	0.23800000000000002	0.248	1.063	1.021	0.9840000000000001	0.938	0.8390000000000001	0.254	0.242	0.26899999999999996	1.0979999999999999	1.0979999999999999	1.105	1.0270000000000001	0.912	0.191	0.19399999999999998	0.196	1.1079999999999999	1.107	1.095	1.139	1.115	0.35600000000000004	0.37200000000000005	0.385	1.107	1.113	1.09	1.14	1.0979999999999999	0.214	0.242	0.275	1.091	1.0759999999999998	1.067	1.218	1.165	0.977	1.036	1.1159999999999999	1.123	1.182
37.17	0.214	0.24100000000000002	0.251	1.012	0.996	0.972	0.934	0.835	0.255	0.242	0.26899999999999996	1.101	1.1	1.109	1.08	0.894	0.193	0.195	0.196	1.11	1.1079999999999999	1.103	1.135	1.111	0.358	0.373	0.38799999999999996	1.11	1.117	1.092	1.137	1.093	0.215	0.243	0.276	1.095	1.091	1.07	1.216	1.161	0.973	0.995	1.112	1.121	1.179
37.43	0.21600000000000003	0.244	0.254	1.053	0.996	1.022	0.93	0.83	0.255	0.243	0.271	1.102	1.107	1.112	1.048	0.898	0.19399999999999998	0.195	0.19699999999999998	1.113	1.113	1.102	1.133	1.109	0.358	0.374	0.39	1.112	1.119	1.094	1.137	1.091	0.21600000000000003	0.244	0.276	1.0979999999999999	1.082	1.073	1.213	1.159	0.965	1.005	1.109	1.1179999999999999	1.176
37.7	0.21600000000000003	0.248	0.258	1.1159999999999999	1.085	0.975	0.927	0.825	0.256	0.243	0.27	1.104	1.107	1.115	1.064	0.861	0.195	0.195	0.198	1.1179999999999999	1.1159999999999999	1.1059999999999999	1.131	1.107	0.36	0.375	0.39299999999999996	1.117	1.124	1.099	1.135	1.091	0.217	0.24600000000000002	0.27699999999999997	1.102	1.091	1.0759999999999998	1.209	1.1540000000000001	0.966	0.985	1.1059999999999999	1.115	1.172
37.95	0.217	0.25	0.26	0.998	0.992	0.972	0.9229999999999999	0.8220000000000001	0.256	0.244	0.271	1.1079999999999999	1.109	1.1179999999999999	1.048	0.8859999999999999	0.196	0.19699999999999998	0.2	1.121	1.125	1.107	1.129	1.104	0.36200000000000004	0.377	0.39399999999999996	1.12	1.126	1.103	1.1340000000000001	1.088	0.217	0.247	0.27699999999999997	1.105	1.089	1.079	1.208	1.151	0.9640000000000001	0.982	1.102	1.112	1.169
38.22	0.21600000000000003	0.253	0.263	1.0070000000000001	0.992	0.977	0.919	0.818	0.257	0.243	0.272	1.11	1.11	1.12	1.033	1.057	0.19699999999999998	0.19699999999999998	0.19899999999999998	1.133	1.122	1.111	1.126	1.1	0.365	0.379	0.397	1.123	1.13	1.105	1.1320000000000001	1.082	0.217	0.247	0.27899999999999997	1.107	1.091	1.082	1.205	1.148	0.9590000000000001	0.995	1.0979999999999999	1.109	1.165
38.48	0.217	0.255	0.266	1.0	0.992	0.971	0.914	0.813	0.257	0.244	0.271	1.112	1.113	1.123	1.053	1.466	0.19699999999999998	0.198	0.201	1.128	1.125	1.113	1.124	1.0979999999999999	0.365	0.381	0.397	1.126	1.133	1.107	1.129	1.082	0.218	0.248	0.27899999999999997	1.11	1.095	1.0859999999999999	1.203	1.145	0.96	0.9890000000000001	1.095	1.1059999999999999	1.161
38.75	0.217	0.256	0.26899999999999996	1.011	0.992	0.997	0.9109999999999999	0.8079999999999999	0.258	0.245	0.271	1.113	1.115	1.126	1.0	0.955	0.198	0.19899999999999998	0.201	1.133	1.128	1.1159999999999999	1.122	1.0959999999999999	0.36700000000000005	0.38299999999999995	0.39899999999999997	1.129	1.135	1.111	1.128	1.077	0.21899999999999997	0.25	0.28	1.114	1.099	1.088	1.2	1.143	0.955	0.97	1.092	1.1059999999999999	1.159
39.0	0.218	0.258	0.27	1.235	0.9990000000000001	1.0270000000000001	0.909	0.8029999999999999	0.259	0.245	0.272	1.115	1.117	1.128	1.003	0.863	0.198	0.19899999999999998	0.20199999999999999	1.1340000000000001	1.131	1.139	1.121	1.093	0.369	0.384	0.401	1.1320000000000001	1.139	1.114	1.125	1.078	0.22	0.249	0.28	1.117	1.101	1.091	1.197	1.139	0.948	0.975	1.088	1.102	1.155
39.27	0.217	0.26	0.27399999999999997	1.264	1.02	1.025	0.9059999999999999	0.7979999999999999	0.259	0.24600000000000002	0.272	1.117	1.119	1.131	0.9940000000000001	0.8590000000000001	0.198	0.2	0.203	1.143	1.135	1.127	1.119	1.092	0.37	0.386	0.402	1.135	1.141	1.117	1.124	1.073	0.22	0.249	0.282	1.12	1.103	1.094	1.195	1.135	0.9440000000000001	0.9640000000000001	1.085	1.0979999999999999	1.1520000000000001
39.53	0.218	0.264	0.275	1.187	1.067	1.0090000000000001	0.902	0.7929999999999999	0.26	0.247	0.273	1.12	1.121	1.1340000000000001	0.9940000000000001	1.048	0.19899999999999998	0.2	0.203	1.14	1.138	1.1320000000000001	1.115	1.089	0.373	0.387	0.406	1.139	1.1440000000000001	1.12	1.123	1.072	0.221	0.25	0.281	1.123	1.1059999999999999	1.097	1.192	1.1320000000000001	0.9420000000000001	0.9520000000000001	1.081	1.0959999999999999	1.148
39.78	0.217	0.264	0.27699999999999997	1.219	1.093	1.015	0.898	0.792	0.26	0.247	0.273	1.125	1.129	1.136	1.045	0.882	0.2	0.20199999999999999	0.203	1.155	1.18	1.135	1.115	1.0859999999999999	0.374	0.39	0.405	1.1420000000000001	1.149	1.123	1.122	1.07	0.222	0.251	0.28300000000000003	1.126	1.11	1.1	1.1909999999999998	1.129	0.9390000000000001	0.9470000000000001	1.077	1.095	1.1440000000000001
40.05	0.21600000000000003	0.264	0.278	0.9990000000000001	0.992	0.98	0.895	0.7859999999999999	0.262	0.247	0.272	1.123	1.125	1.14	0.981	0.987	0.2	0.201	0.204	1.159	1.1440000000000001	1.131	1.113	1.084	0.375	0.39	0.409	1.145	1.151	1.126	1.12	1.067	0.222	0.251	0.282	1.129	1.111	1.103	1.188	1.126	0.935	0.9520000000000001	1.074	1.09	1.141
40.32	0.215	0.265	0.28	1.001	0.992	0.972	0.8909999999999999	0.7809999999999999	0.261	0.248	0.273	1.125	1.126	1.14	0.97	0.8340000000000001	0.19899999999999998	0.20199999999999999	0.205	1.1520000000000001	1.345	1.138	1.112	1.082	0.377	0.391	0.41100000000000003	1.147	1.1540000000000001	1.129	1.119	1.0659999999999998	0.222	0.251	0.28300000000000003	1.1320000000000001	1.115	1.1059999999999999	1.185	1.123	0.9309999999999999	0.9309999999999999	1.071	1.088	1.138
40.58	0.215	0.268	0.282	1.128	1.104	1.006	0.888	0.777	0.261	0.248	0.273	1.128	1.129	1.1440000000000001	0.975	1.074	0.2	0.203	0.205	1.172	1.151	1.137	1.109	1.081	0.379	0.39399999999999996	0.41100000000000003	1.15	1.157	1.1320000000000001	1.117	1.063	0.222	0.252	0.28300000000000003	1.135	1.117	1.1079999999999999	1.182	1.12	0.929	0.9420000000000001	1.067	1.085	1.1340000000000001
40.83	0.215	0.268	0.282	1.023	0.9940000000000001	1.005	0.884	0.772	0.262	0.249	0.273	1.129	1.131	1.147	0.9590000000000001	0.84	0.2	0.203	0.20600000000000002	1.168	1.1540000000000001	1.1420000000000001	1.107	1.078	0.381	0.395	0.414	1.1540000000000001	1.16	1.1340000000000001	1.115	1.061	0.22399999999999998	0.252	0.282	1.138	1.121	1.112	1.18	1.117	0.922	0.935	1.064	1.082	1.131
41.1	0.214	0.268	0.28300000000000003	1.068	1.028	1.031	0.8809999999999999	0.77	0.262	0.249	0.273	1.1320000000000001	1.133	1.15	0.958	0.8440000000000001	0.201	0.203	0.20600000000000002	1.162	1.16	1.1440000000000001	1.105	1.075	0.382	0.397	0.415	1.156	1.163	1.137	1.114	1.0590000000000002	0.22399999999999998	0.252	0.28300000000000003	1.141	1.123	1.114	1.178	1.114	0.9229999999999999	0.915	1.061	1.081	1.127
41.37	0.214	0.27	0.284	1.148	1.03	1.0	0.875	0.765	0.262	0.249	0.273	1.1540000000000001	1.136	1.1520000000000001	0.95	0.841	0.201	0.203	0.20600000000000002	1.163	1.186	1.1540000000000001	1.104	1.074	0.38299999999999995	0.39799999999999996	0.418	1.158	1.165	1.139	1.112	1.055	0.22399999999999998	0.253	0.282	1.143	1.126	1.117	1.176	1.11	0.9179999999999999	1.151	1.058	1.075	1.123
41.62	0.212	0.271	0.287	1.103	1.005	0.988	0.873	0.759	0.263	0.249	0.273	1.1440000000000001	1.137	1.153	0.9390000000000001	0.836	0.20199999999999999	0.204	0.207	1.401	1.163	1.148	1.102	1.071	0.385	0.4	0.418	1.161	1.168	1.1420000000000001	1.111	1.056	0.226	0.254	0.28300000000000003	1.146	1.129	1.119	1.1740000000000002	1.1079999999999999	0.915	1.043	1.054	1.074	1.121
41.88	0.21100000000000002	0.271	0.28800000000000003	1.067	1.026	0.996	0.87	0.752	0.263	0.249	0.273	1.138	1.139	1.157	0.945	0.8270000000000001	0.201	0.203	0.20800000000000002	1.172	1.3230000000000002	1.158	1.101	1.071	0.387	0.401	0.42	1.167	1.17	1.145	1.11	1.053	0.226	0.254	0.282	1.149	1.137	1.122	1.17	1.105	0.91	1.05	1.051	1.071	1.117
42.15	0.21100000000000002	0.272	0.28800000000000003	1.046	0.988	0.9690000000000001	0.866	0.748	0.264	0.249	0.27399999999999997	1.14	1.141	1.158	0.941	0.8290000000000001	0.20199999999999999	0.205	0.20800000000000002	1.199	1.401	1.159	1.099	1.067	0.38799999999999996	0.402	0.423	1.167	1.173	1.148	1.1079999999999999	1.047	0.226	0.255	0.282	1.151	1.1340000000000001	1.124	1.168	1.1	0.9079999999999999	0.9940000000000001	1.047	1.064	1.112
42.42	0.209	0.272	0.289	1.115	1.018	0.977	0.863	0.746	0.264	0.25	0.275	1.159	1.153	1.161	0.9359999999999999	0.823	0.20199999999999999	0.205	0.20800000000000002	1.182	1.171	1.2009999999999998	1.0959999999999999	1.063	0.39	0.40399999999999997	0.424	1.169	1.175	1.149	1.101	1.04	0.22699999999999998	0.256	0.284	1.153	1.139	1.127	1.166	1.097	0.905	0.94	1.043	1.058	1.109
42.67	0.20800000000000002	0.271	0.29100000000000004	1.024	0.985	0.98	0.861	0.74	0.265	0.251	0.276	1.149	1.145	1.163	0.94	0.889	0.203	0.20600000000000002	0.209	1.177	1.1740000000000002	1.163	1.095	1.06	0.392	0.40700000000000003	0.42700000000000005	1.172	1.179	1.153	1.099	1.038	0.228	0.256	0.284	1.157	1.139	1.13	1.1640000000000001	1.094	0.9	0.882	1.041	1.054	1.1059999999999999
42.93	0.20600000000000002	0.272	0.293	1.07	0.991	0.968	0.8590000000000001	0.732	0.265	0.251	0.276	1.16	1.1520000000000001	1.165	0.93	0.8740000000000001	0.20199999999999999	0.20600000000000002	0.21	1.197	1.19	1.271	1.095	1.06	0.392	0.408	0.428	1.1740000000000002	1.181	1.1540000000000001	1.099	1.038	0.228	0.256	0.285	1.158	1.1420000000000001	1.131	1.163	1.093	0.895	1.1840000000000002	1.0390000000000001	1.053	1.104
43.2	0.204	0.273	0.293	1.0859999999999999	0.991	0.9890000000000001	0.8590000000000001	0.726	0.265	0.251	0.276	1.151	1.156	1.167	0.925	1.138	0.204	0.207	0.21100000000000002	1.186	1.238	1.222	1.094	1.061	0.395	0.408	0.429	1.177	1.183	1.157	1.102	1.0390000000000001	0.228	0.257	0.284	1.162	1.1440000000000001	1.135	1.162	1.092	0.897	1.032	1.037	1.053	1.103
43.45	0.203	0.272	0.292	1.052	0.985	0.963	0.855	0.718	0.266	0.251	0.276	1.151	1.151	1.17	0.919	0.867	0.203	0.20800000000000002	0.21100000000000002	1.2890000000000001	1.2209999999999999	1.17	1.095	1.06	0.395	0.41	0.43200000000000005	1.179	1.186	1.16	1.103	1.04	0.22899999999999998	0.258	0.284	1.1640000000000001	1.147	1.137	1.162	1.091	0.8909999999999999	1.1059999999999999	1.035	1.052	1.1
43.72	0.2	0.271	0.293	1.095	1.0590000000000002	0.9990000000000001	0.852	0.7120000000000001	0.267	0.251	0.27699999999999997	1.153	1.1520000000000001	1.172	0.92	0.821	0.204	0.20800000000000002	0.212	1.19	1.196	1.17	1.094	1.0590000000000002	0.39899999999999997	0.41	0.433	1.182	1.188	1.162	1.104	1.042	0.23	0.258	0.284	1.166	1.148	1.139	1.16	1.09	0.892	0.86	1.032	1.052	1.0979999999999999
43.98	0.19899999999999998	0.272	0.294	1.033	0.982	0.96	0.846	0.706	0.267	0.252	0.278	1.155	1.153	1.173	0.915	0.809	0.204	0.209	0.21100000000000002	1.1909999999999998	1.194	1.175	1.091	1.057	0.39799999999999996	0.41200000000000003	0.434	1.1840000000000002	1.189	1.163	1.101	1.036	0.22899999999999998	0.258	0.284	1.169	1.151	1.1420000000000001	1.158	1.0859999999999999	0.8859999999999999	0.8540000000000001	1.0290000000000001	1.048	1.095
44.25	0.19699999999999998	0.273	0.293	1.014	0.98	0.958	0.8440000000000001	0.6990000000000001	0.267	0.252	0.27899999999999997	1.159	1.169	1.175	0.9109999999999999	0.825	0.204	0.21	0.212	1.291	1.208	1.18	1.089	1.053	0.39899999999999997	0.414	0.43700000000000006	1.187	1.194	1.166	1.094	1.0290000000000001	0.23	0.259	0.284	1.171	1.153	1.1440000000000001	1.155	1.083	0.8740000000000001	0.853	1.0270000000000001	1.042	1.091
44.5	0.195	0.272	0.294	1.014	0.996	0.961	0.843	0.6920000000000001	0.268	0.252	0.27899999999999997	1.166	1.172	1.177	0.9	0.7829999999999999	0.204	0.21	0.212	1.196	1.194	1.179	1.088	1.053	0.39899999999999997	0.414	0.436	1.189	1.195	1.168	1.093	1.0290000000000001	0.231	0.259	0.28300000000000003	1.173	1.155	1.146	1.1540000000000001	1.081	0.878	0.856	1.025	1.0390000000000001	1.089
44.77	0.193	0.27399999999999997	0.292	1.013	0.9790000000000001	0.9570000000000001	0.8370000000000001	0.679	0.268	0.254	0.27899999999999997	1.161	1.162	1.178	0.895	0.797	0.205	0.21100000000000002	0.213	1.421	1.276	1.186	1.087	1.052	0.402	0.41600000000000004	0.441	1.1909999999999998	1.198	1.172	1.093	1.028	0.231	0.26	0.284	1.176	1.158	1.148	1.1520000000000001	1.08	0.873	0.8390000000000001	1.022	1.037	1.087
45.03	0.19	0.273	0.293	1.047	0.9790000000000001	0.955	0.835	0.677	0.268	0.253	0.28	1.163	1.16	1.18	0.897	1.035	0.205	0.21100000000000002	0.214	1.203	1.2109999999999999	1.182	1.088	1.051	0.40299999999999997	0.41700000000000004	0.44	1.193	1.199	1.172	1.093	1.0270000000000001	0.231	0.26	0.28300000000000003	1.178	1.16	1.15	1.1520000000000001	1.078	0.8640000000000001	0.8290000000000001	1.021	1.036	1.085
45.28	0.18899999999999997	0.272	0.294	0.985	0.976	0.955	0.833	0.6659999999999999	0.26899999999999996	0.253	0.281	1.1640000000000001	1.162	1.18	0.8959999999999999	0.7909999999999999	0.20600000000000002	0.21100000000000002	0.213	1.207	1.202	1.186	1.087	1.053	0.405	0.418	0.442	1.196	1.203	1.175	1.0959999999999999	1.031	0.231	0.261	0.284	1.18	1.162	1.153	1.1520000000000001	1.077	0.8690000000000001	0.816	1.018	1.037	1.083
45.55	0.188	0.272	0.293	1.11	0.975	0.953	0.83	0.657	0.27	0.255	0.281	1.168	1.165	1.183	0.894	0.7759999999999999	0.20600000000000002	0.212	0.215	1.208	1.204	1.189	1.088	1.052	0.405	0.42100000000000004	0.444	1.197	1.204	1.178	1.0979999999999999	1.032	0.23199999999999998	0.261	0.28300000000000003	1.181	1.1640000000000001	1.155	1.151	1.0759999999999998	0.867	0.8140000000000001	1.016	1.035	1.081
45.82	0.187	0.27399999999999997	0.292	1.021	0.983	0.9520000000000001	0.825	0.648	0.268	0.255	0.282	1.17	1.167	1.1840000000000002	0.8859999999999999	0.768	0.20600000000000002	0.212	0.215	1.209	1.206	1.1909999999999998	1.087	1.0490000000000002	0.40700000000000003	0.42100000000000004	0.447	1.2	1.206	1.179	1.0979999999999999	1.031	0.23199999999999998	0.262	0.285	1.1840000000000002	1.166	1.156	1.151	1.075	0.86	0.8	1.013	1.034	1.078
46.08	0.187	0.273	0.292	1.035	0.9740000000000001	0.9490000000000001	0.821	0.637	0.27	0.255	0.282	1.172	1.169	1.185	0.8809999999999999	0.759	0.207	0.213	0.217	1.216	1.2209999999999999	1.1909999999999998	1.087	1.048	0.408	0.42200000000000004	0.44799999999999995	1.2009999999999998	1.208	1.181	1.0979999999999999	1.03	0.23199999999999998	0.262	0.285	1.187	1.172	1.158	1.149	1.072	0.857	1.524	1.011	1.032	1.075
46.33	0.185	0.272	0.29	0.981	0.972	0.948	0.816	0.627	0.27	0.256	0.282	1.1740000000000002	1.17	1.185	0.873	0.7509999999999999	0.20800000000000002	0.214	0.21600000000000003	1.216	1.224	1.194	1.085	1.047	0.409	0.42200000000000004	0.45	1.204	1.2109999999999999	1.183	1.0979999999999999	1.028	0.23199999999999998	0.262	0.28600000000000003	1.189	1.17	1.162	1.147	1.069	0.852	1.3419999999999999	1.008	1.031	1.073
46.6	0.18600000000000003	0.271	0.29100000000000004	0.9690000000000001	0.971	0.9470000000000001	0.8140000000000001	0.619	0.27	0.256	0.28300000000000003	1.176	1.175	1.186	0.8690000000000001	0.773	0.20800000000000002	0.214	0.217	1.228	1.214	1.198	1.084	1.047	0.41200000000000003	0.424	0.449	1.207	1.213	1.186	1.097	1.0270000000000001	0.23199999999999998	0.262	0.28600000000000003	1.19	1.1740000000000002	1.163	1.146	1.067	0.847	1.57	1.005	1.028	1.069
46.87	0.185	0.271	0.289	1.089	0.97	0.945	0.8079999999999999	0.608	0.271	0.257	0.284	1.178	1.1740000000000002	1.188	0.8640000000000001	0.767	0.20800000000000002	0.215	0.218	1.2209999999999999	1.218	1.198	1.083	1.045	0.41200000000000003	0.424	0.452	1.208	1.215	1.187	1.097	1.024	0.233	0.263	0.287	1.192	1.1740000000000002	1.165	1.145	1.065	0.835	1.597	1.001	1.025	1.0659999999999998
47.12	0.184	0.27	0.29	1.161	0.977	0.945	0.804	0.603	0.27	0.258	0.28300000000000003	1.18	1.176	1.189	0.857	0.782	0.20800000000000002	0.215	0.21899999999999997	1.2229999999999999	1.2309999999999999	1.2009999999999998	1.081	1.043	0.414	0.425	0.45299999999999996	1.2109999999999999	1.217	1.189	1.095	1.021	0.233	0.264	0.287	1.195	1.176	1.166	1.1420000000000001	1.06	0.8340000000000001	0.8009999999999999	0.9990000000000001	1.023	1.064
47.38	0.182	0.27	0.289	0.9740000000000001	0.9670000000000001	0.9420000000000001	0.799	0.589	0.271	0.258	0.28300000000000003	1.182	1.177	1.189	0.857	0.8340000000000001	0.209	0.21600000000000003	0.218	1.227	1.273	1.203	1.08	1.0390000000000001	0.415	0.426	0.455	1.212	1.219	1.192	1.093	1.02	0.233	0.264	0.289	1.197	1.178	1.169	1.14	1.058	0.831	0.878	0.995	1.02	1.0590000000000002
47.65	0.179	0.27	0.28600000000000003	0.96	0.9640000000000001	0.9440000000000001	0.794	0.581	0.26899999999999996	0.258	0.28300000000000003	1.187	1.183	1.193	0.8590000000000001	0.746	0.20800000000000002	0.215	0.218	1.238	1.444	1.2109999999999999	1.079	1.036	0.414	0.426	0.45299999999999996	1.217	1.224	1.196	1.095	1.018	0.233	0.264	0.28600000000000003	1.202	1.182	1.173	1.138	1.054	0.8270000000000001	0.785	0.991	1.0190000000000001	1.056
47.92	0.177	0.268	0.287	1.1059999999999999	0.965	0.94	0.7909999999999999	0.5760000000000001	0.271	0.259	0.285	1.186	1.182	1.193	0.851	0.833	0.21	0.21600000000000003	0.218	1.229	1.224	1.205	1.078	1.035	0.41700000000000004	0.428	0.457	1.217	1.222	1.195	1.088	1.011	0.23399999999999999	0.266	0.289	1.2	1.182	1.171	1.135	1.052	0.8240000000000001	0.775	0.9890000000000001	1.018	1.054
48.17	0.17300000000000001	0.267	0.28800000000000003	0.985	0.965	0.938	0.7879999999999999	0.561	0.27	0.26	0.285	1.187	1.182	1.1909999999999998	0.866	0.765	0.21	0.217	0.22	1.232	1.244	1.21	1.077	1.033	0.419	0.431	0.45899999999999996	1.218	1.227	1.197	1.09	1.013	0.233	0.264	0.289	1.202	1.1840000000000002	1.1740000000000002	1.135	1.0490000000000002	0.816	0.7759999999999999	0.985	1.012	1.05
48.43	0.171	0.268	0.28600000000000003	0.965	0.963	0.9359999999999999	0.784	0.5529999999999999	0.271	0.259	0.287	1.19	1.186	1.193	0.862	0.858	0.212	0.217	0.22	1.234	1.2309999999999999	1.212	1.075	1.031	0.42	0.431	0.45899999999999996	1.22	1.227	1.198	1.089	1.011	0.233	0.265	0.289	1.204	1.186	1.176	1.133	1.046	0.813	0.7709999999999999	0.982	1.008	1.047
48.7	0.16899999999999998	0.266	0.287	0.968	0.9590000000000001	0.934	0.78	0.545	0.271	0.259	0.285	1.1909999999999998	1.187	1.193	0.8540000000000001	0.741	0.212	0.217	0.22	1.237	1.237	1.215	1.074	1.0290000000000001	0.42	0.43200000000000005	0.46	1.222	1.229	1.2	1.089	1.008	0.233	0.266	0.29100000000000004	1.206	1.187	1.177	1.13	1.044	0.805	0.763	0.9790000000000001	1.008	1.044
48.95	0.166	0.266	0.287	1.006	0.958	0.9329999999999999	0.774	0.536	0.27	0.26	0.287	1.193	1.188	1.195	0.846	0.785	0.21100000000000002	0.217	0.221	1.24	1.246	1.216	1.072	1.0270000000000001	0.42200000000000004	0.433	0.46299999999999997	1.224	1.2309999999999999	1.202	1.088	1.006	0.233	0.265	0.292	1.207	1.188	1.179	1.127	1.041	0.8	0.77	0.976	1.004	1.041
49.22	0.162	0.264	0.28600000000000003	0.975	0.955	0.93	0.769	0.527	0.271	0.259	0.285	1.198	1.192	1.199	0.847	0.7879999999999999	0.21100000000000002	0.21899999999999997	0.223	1.2429999999999999	1.2429999999999999	1.22	1.071	1.025	0.42100000000000004	0.43200000000000005	0.462	1.227	1.235	1.205	1.087	1.005	0.233	0.265	0.29100000000000004	1.212	1.193	1.183	1.127	1.038	0.8029999999999999	0.773	0.973	1.003	1.037
49.48	0.16	0.264	0.284	0.996	0.955	0.929	0.768	0.52	0.271	0.262	0.28600000000000003	1.198	1.193	1.197	0.8490000000000001	0.956	0.213	0.218	0.223	1.245	1.249	1.218	1.07	1.024	0.425	0.435	0.46299999999999997	1.228	1.234	1.206	1.08	0.9990000000000001	0.233	0.267	0.293	1.2109999999999999	1.1909999999999998	1.182	1.123	1.036	0.7879999999999999	0.757	0.971	0.9990000000000001	1.034
49.73	0.157	0.263	0.28600000000000003	1.07	0.956	0.9279999999999999	0.7659999999999999	0.512	0.27	0.261	0.28800000000000003	1.198	1.194	1.196	0.841	0.752	0.212	0.218	0.222	1.247	1.2429999999999999	1.225	1.07	1.025	0.425	0.436	0.465	1.234	1.237	1.207	1.085	1.001	0.23399999999999999	0.267	0.293	1.213	1.194	1.183	1.123	1.033	0.78	0.7490000000000001	0.968	0.995	1.031
50.0	0.154	0.262	0.285	1.091	0.9520000000000001	0.927	0.762	0.503	0.271	0.262	0.287	1.2	1.195	1.198	0.8540000000000001	1.01	0.213	0.22	0.222	1.25	1.246	1.224	1.068	1.023	0.426	0.43700000000000006	0.467	1.232	1.238	1.209	1.083	0.9990000000000001	0.23399999999999999	0.268	0.293	1.214	1.195	1.185	1.121	1.031	0.7659999999999999	0.759	0.965	0.992	1.0290000000000001
50.27	0.151	0.26	0.28300000000000003	1.114	0.9520000000000001	0.9259999999999999	0.757	0.496	0.27	0.262	0.287	1.202	1.197	1.198	0.835	1.041	0.214	0.21899999999999997	0.223	1.252	1.248	1.2229999999999999	1.067	1.021	0.42700000000000005	0.43700000000000006	0.46799999999999997	1.234	1.24	1.2109999999999999	1.083	0.997	0.233	0.268	0.294	1.216	1.196	1.187	1.12	1.028	0.757	0.741	0.9620000000000001	0.99	1.025
50.53	0.147	0.261	0.28300000000000003	0.99	0.951	0.922	0.753	0.48700000000000004	0.271	0.263	0.287	1.205	1.199	1.199	0.83	0.725	0.213	0.21899999999999997	0.22399999999999998	1.253	1.249	1.229	1.067	1.018	0.42700000000000005	0.43799999999999994	0.469	1.235	1.242	1.212	1.081	0.9940000000000001	0.23199999999999998	0.268	0.295	1.217	1.197	1.188	1.1179999999999999	1.025	0.747	0.736	0.9590000000000001	0.9890000000000001	1.022
