

Software Version	3.03.14



Experiment File Path:	C:\Users\Public\Documents\Experiments\Jess\Task2_48hr_48well_discon_180628_110113.xpt
Protocol File Path:	C:\Users\Public\Documents\Protocols\Task2_48hr_48well_discon.prt



Plate Number	Plate 1
Date	6/28/2018
Time	11:01:28 AM
Reader Type:	Synergy H1
Reader Serial Number:	1706221C
Reading Type	Reader

Procedure Details

Plate Type	Costar 48 well
Discontinuous Kinetics	Runtime 2:00:15 (D:HH:MM), Interval 0:00:15, 194 Reads
Set Temperature	Setpoint 25°C
	Preheat before moving to next step
Read	Absorbance Endpoint
	Full Plate
	Wavelengths:  600
	Read Speed: Normal,  Delay: 100 msec,  Measurements/Data Point: 8
Shake	Linear: 15:00 (MM:SS)
	Frequency: 567 cpm (3 mm)

Layout
	1	2	3	4	5	6	7	8
A	SPL1	SPL7	SPL13	SPL19	SPL25	SPL31	SPL37	SPL43	Well ID
B	SPL2	SPL8	SPL14	SPL20	SPL26	SPL32	SPL38	SPL44	Well ID
C	SPL3	SPL9	SPL15	SPL21	SPL27	SPL33	SPL39	SPL45	Well ID
D	SPL4	SPL10	SPL16	SPL22	SPL28	SPL34	SPL40	SPL46	Well ID
E	SPL5	SPL11	SPL17	SPL23	SPL29	SPL35	SPL41	SPL47	Well ID
F	SPL6	SPL12	SPL18	SPL24	SPL30	SPL36	SPL42	SPL48	Well ID

600

Time	T° 600	A1	A2	A3	A4	A5	A6	A7	A8	B1	B2	B3	B4	B5	B6	B7	B8	C1	C2	C3	C4	C5	C6	C7	C8	D1	D2	D3	D4	D5	D6	D7	D8	E1	E2	E3	E4	E5	E6	E7	E8	F1	F2	F3	F4	F5	F6	F7	F8
0:00:00	25.1	0.040	0.045	0.039	0.056	0.062	0.050	0.040	0.042	0.040	0.055	0.041	0.074	0.138	0.045	0.043	0.038	0.041	0.072	0.190	0.050	0.072	0.045	0.046	0.039	0.051	0.042	0.055	0.071	0.048	0.044	0.044	0.040	0.039	0.043	0.040	0.068	0.064	0.046	0.045	0.039	0.049	0.049	0.040	0.053	0.052	0.048	0.047	0.039
0:15:43	25.1	0.054	0.049	0.040	0.052	0.052	0.048	0.040	0.042	0.054	0.050	0.041	0.050	0.049	0.054	0.050	0.038	0.056	0.048	0.048	0.053	0.054	0.051	0.050	0.039	0.060	0.049	0.041	0.054	0.055	0.052	0.050	0.040	0.039	0.049	0.042	0.052	0.057	0.052	0.052	0.039	0.052	0.050	0.040	0.052	0.056	0.051	0.052	0.039
0:31:26	25.1	0.055	0.050	0.040	0.051	0.063	0.048	0.040	0.042	0.055	0.051	0.041	0.051	0.053	0.054	0.050	0.038	0.057	0.049	0.045	0.053	0.053	0.052	0.050	0.039	0.061	0.050	0.041	0.053	0.054	0.053	0.050	0.040	0.039	0.050	0.042	0.053	0.051	0.052	0.052	0.039	0.053	0.051	0.040	0.052	0.053	0.051	0.052	0.039
0:47:08	25.1	0.056	0.051	0.040	0.051	0.051	0.049	0.040	0.042	0.057	0.051	0.041	0.051	0.052	0.055	0.050	0.038	0.058	0.050	0.318	0.052	0.058	0.052	0.050	0.039	0.062	0.050	0.043	0.052	0.057	0.053	0.050	0.040	0.039	0.051	0.042	0.053	0.051	0.053	0.052	0.039	0.054	0.051	0.040	0.053	0.052	0.052	0.052	0.039
1:02:51	25.1	0.057	0.052	0.042	0.051	0.049	0.049	0.040	0.042	0.058	0.052	0.041	0.051	0.054	0.055	0.050	0.038	0.059	0.051	0.045	0.052	0.063	0.053	0.050	0.039	0.064	0.051	0.041	0.052	0.056	0.054	0.050	0.040	0.039	0.052	0.042	0.053	0.051	0.054	0.052	0.039	0.055	0.052	0.040	0.053	0.053	0.053	0.052	0.039
1:18:34	25.1	0.058	0.052	0.040	0.051	0.094	0.050	0.040	0.042	0.059	0.053	0.041	0.050	0.055	0.057	0.050	0.038	0.061	0.051	0.044	0.052	0.058	0.054	0.050	0.039	0.065	0.052	0.042	0.052	0.053	0.056	0.050	0.040	0.039	0.052	0.043	0.053	0.050	0.055	0.052	0.039	0.056	0.053	0.040	0.053	0.052	0.054	0.052	0.039
1:34:16	25.1	0.059	0.053	0.040	0.051	0.056	0.050	0.040	0.042	0.060	0.054	0.041	0.050	0.056	0.058	0.050	0.038	0.062	0.052	0.045	0.053	0.063	0.055	0.050	0.039	0.066	0.053	0.042	0.052	0.060	0.057	0.049	0.040	0.039	0.054	0.043	0.054	0.055	0.056	0.053	0.039	0.057	0.054	0.040	0.054	0.051	0.055	0.052	0.039
1:49:59	25.2	0.060	0.055	0.040	0.051	0.056	0.051	0.039	0.042	0.062	0.056	0.042	0.050	0.058	0.059	0.050	0.038	0.064	0.053	0.138	0.052	0.056	0.057	0.050	0.039	0.069	0.055	0.042	0.053	0.071	0.058	0.050	0.040	0.039	0.055	0.043	0.054	0.053	0.058	0.053	0.039	0.059	0.055	0.040	0.054	0.054	0.057	0.053	0.039
2:05:42	25.2	0.062	0.056	0.041	0.051	0.058	0.052	0.039	0.042	0.063	0.058	0.041	0.050	0.055	0.061	0.050	0.038	0.066	0.055	0.052	0.053	0.064	0.058	0.050	0.039	0.071	0.056	0.043	0.053	0.059	0.061	0.049	0.040	0.039	0.057	0.043	0.055	0.052	0.059	0.053	0.039	0.061	0.057	0.040	0.055	0.053	0.058	0.053	0.039
2:21:24	25.1	0.064	0.058	0.040	0.051	0.060	0.053	0.039	0.042	0.066	0.061	0.042	0.051	0.064	0.063	0.049	0.038	0.069	0.057	0.048	0.053	0.070	0.060	0.050	0.039	0.074	0.058	0.043	0.052	0.080	0.062	0.050	0.040	0.039	0.059	0.044	0.056	0.053	0.074	0.055	0.039	0.064	0.059	0.040	0.056	0.057	0.060	0.053	0.039
2:37:07	25.1	0.067	0.062	0.040	0.051	0.065	0.054	0.040	0.042	0.069	0.063	0.042	0.050	0.059	0.066	0.049	0.038	0.072	0.059	0.048	0.053	0.064	0.063	0.050	0.039	0.077	0.060	0.044	0.052	0.063	0.066	0.050	0.040	0.039	0.061	0.044	0.057	0.056	0.076	0.055	0.039	0.067	0.061	0.040	0.057	0.057	0.063	0.054	0.039
2:52:50	25.1	0.070	0.064	0.041	0.051	0.081	0.056	0.040	0.042	0.072	0.066	0.043	0.050	0.064	0.069	0.049	0.038	0.077	0.060	0.067	0.053	0.064	0.067	0.051	0.039	0.083	0.063	0.044	0.053	0.066	0.069	0.050	0.040	0.039	0.064	0.044	0.059	0.056	0.068	0.056	0.039	0.070	0.064	0.040	0.059	0.061	0.067	0.055	0.039
3:08:33	25.1	0.072	0.078	0.040	0.051	0.065	0.061	0.040	0.042	0.077	0.069	0.042	0.050	0.083	0.073	0.050	0.038	0.082	0.063	0.073	0.053	0.074	0.071	0.051	0.039	0.087	0.066	0.045	0.053	0.072	0.074	0.051	0.040	0.039	0.067	0.044	0.060	0.056	0.072	0.057	0.039	0.074	0.067	0.040	0.060	0.058	0.072	0.056	0.039
3:24:15	25.1	0.076	0.075	0.040	0.051	0.068	0.062	0.039	0.042	0.081	0.073	0.042	0.050	0.074	0.078	0.049	0.038	0.088	0.065	0.052	0.054	0.078	0.076	0.052	0.039	0.094	0.069	0.044	0.054	0.077	0.080	0.051	0.040	0.039	0.070	0.045	0.061	0.059	0.078	0.058	0.039	0.080	0.070	0.040	0.062	0.069	0.076	0.057	0.039
3:39:58	25.1	0.083	0.079	0.042	0.051	0.073	0.064	0.040	0.042	0.087	0.076	0.045	0.050	0.079	0.084	0.049	0.038	0.094	0.069	0.130	0.053	0.080	0.083	0.052	0.039	0.102	0.072	0.044	0.053	0.078	0.088	0.052	0.040	0.039	0.073	0.045	0.064	0.081	0.084	0.059	0.039	0.084	0.073	0.040	0.064	0.068	0.083	0.059	0.039
3:55:41	25.1	0.087	0.079	0.040	0.051	0.190	0.068	0.039	0.042	0.093	0.082	0.043	0.050	0.089	0.092	0.049	0.038	0.101	0.071	0.052	0.053	0.084	0.091	0.053	0.039	0.110	0.075	0.045	0.053	0.078	0.097	0.053	0.040	0.039	0.078	0.047	0.066	0.085	0.092	0.061	0.039	0.088	0.076	0.040	0.067	0.072	0.090	0.061	0.039
4:11:23	25.1	0.092	0.083	0.041	0.051	0.101	0.072	0.039	0.042	0.099	0.087	0.042	0.050	0.095	0.100	0.049	0.038	0.110	0.073	0.061	0.054	0.086	0.100	0.054	0.039	0.118	0.078	0.049	0.054	0.097	0.107	0.054	0.040	0.039	0.080	0.046	0.068	0.066	0.101	0.063	0.039	0.096	0.080	0.040	0.070	0.067	0.100	0.063	0.039
4:27:06	25.1	0.100	0.090	0.041	0.051	0.096	0.077	0.039	0.042	0.107	0.094	0.043	0.050	0.095	0.110	0.049	0.038	0.118	0.077	0.058	0.055	0.129	0.111	0.055	0.039	0.128	0.082	0.050	0.055	0.107	0.119	0.055	0.040	0.039	0.084	0.049	0.072	0.080	0.111	0.067	0.039	0.102	0.085	0.040	0.073	0.072	0.159	0.066	0.039
4:42:49	25.1	0.107	0.096	0.042	0.051	0.182	0.084	0.039	0.042	0.116	0.100	0.043	0.050	0.109	0.121	0.049	0.038	0.125	0.083	0.058	0.055	0.110	0.125	0.057	0.039	0.143	0.086	0.046	0.055	0.117	0.132	0.056	0.040	0.039	0.089	0.050	0.075	0.116	0.123	0.070	0.039	0.111	0.087	0.040	0.077	0.083	0.125	0.069	0.039
4:58:31	25.1	0.113	0.102	0.043	0.051	0.114	0.090	0.039	0.042	0.127	0.105	0.043	0.050	0.121	0.133	0.049	0.038	0.136	0.088	0.060	0.056	0.126	0.136	0.059	0.039	0.147	0.092	0.052	0.057	0.123	0.147	0.058	0.040	0.039	0.093	0.051	0.079	0.116	0.134	0.074	0.039	0.119	0.092	0.040	0.080	0.088	0.139	0.072	0.039
5:14:14	25.1	0.122	0.110	0.042	0.052	0.135	0.098	0.040	0.042	0.135	0.117	0.043	0.051	0.134	0.145	0.049	0.038	0.147	0.096	0.072	0.057	0.138	0.150	0.061	0.039	0.160	0.098	0.051	0.057	0.132	0.161	0.060	0.040	0.039	0.101	0.051	0.082	0.093	0.149	0.078	0.039	0.128	0.097	0.040	0.085	0.100	0.149	0.077	0.039
5:29:57	25.1	0.132	0.118	0.044	0.052	0.146	0.106	0.039	0.042	0.146	0.126	0.055	0.051	0.159	0.159	0.049	0.038	0.156	0.102	0.064	0.058	0.146	0.167	0.065	0.039	0.171	0.107	0.051	0.058	0.158	0.180	0.063	0.040	0.039	0.112	0.054	0.088	0.106	0.167	0.084	0.039	0.142	0.105	0.040	0.090	0.109	0.190	0.083	0.039
5:45:39	25.1	0.140	0.129	0.043	0.053	0.151	0.119	0.039	0.042	0.157	0.139	0.046	0.051	0.160	0.175	0.049	0.038	0.170	0.110	0.071	0.059	0.168	0.181	0.069	0.039	0.185	0.115	0.055	0.059	0.166	0.194	0.067	0.040	0.039	0.118	0.058	0.092	0.126	0.180	0.091	0.039	0.153	0.119	0.040	0.096	0.128	0.179	0.090	0.039
6:01:22	25.1	0.151	0.141	0.043	0.053	0.178	0.130	0.039	0.042	0.169	0.152	0.046	0.052	0.193	0.188	0.049	0.038	0.189	0.120	0.076	0.060	0.181	0.196	0.074	0.039	0.204	0.128	0.060	0.061	0.188	0.211	0.072	0.040	0.039	0.131	0.065	0.099	0.134	0.196	0.100	0.039	0.170	0.128	0.040	0.103	0.145	0.195	0.098	0.039
6:17:05	25.1	0.161	0.157	0.043	0.053	0.217	0.145	0.039	0.042	0.182	0.170	0.044	0.051	0.188	0.206	0.049	0.038	0.206	0.134	0.220	0.062	0.196	0.215	0.080	0.039	0.219	0.142	0.059	0.061	0.193	0.232	0.078	0.040	0.039	0.147	0.061	0.106	0.140	0.222	0.110	0.039	0.187	0.143	0.040	0.111	0.147	0.213	0.109	0.039
6:32:48	25.0	0.175	0.173	0.042	0.054	0.210	0.159	0.039	0.042	0.194	0.188	0.045	0.052	0.210	0.225	0.050	0.038	0.219	0.150	0.086	0.063	0.206	0.233	0.087	0.039	0.228	0.160	0.070	0.064	0.205	0.247	0.131	0.040	0.039	0.167	0.064	0.116	0.164	0.239	0.123	0.039	0.202	0.160	0.040	0.120	0.172	0.229	0.120	0.039
6:48:31	25.0	0.186	0.195	0.043	0.053	0.303	0.172	0.039	0.042	0.206	0.211	0.049	0.052	0.219	0.240	0.050	0.038	0.229	0.171	0.098	0.065	0.225	0.249	0.097	0.039	0.237	0.180	0.070	0.066	0.227	0.265	0.094	0.040	0.039	0.193	0.068	0.124	0.173	0.250	0.135	0.039	0.216	0.185	0.040	0.131	0.182	0.245	0.132	0.039
7:04:13	25.0	0.195	0.212	0.043	0.054	0.207	0.185	0.039	0.042	0.214	0.228	0.056	0.053	0.235	0.255	0.050	0.038	0.240	0.195	0.092	0.066	0.241	0.265	0.108	0.039	0.246	0.204	0.093	0.066	0.239	0.280	0.105	0.040	0.039	0.216	0.064	0.134	0.187	0.265	0.151	0.039	0.225	0.205	0.040	0.141	0.186	0.260	0.147	0.039
7:19:56	25.0	0.203	0.228	0.044	0.058	0.251	0.200	0.040	0.042	0.223	0.245	0.046	0.053	0.240	0.265	0.050	0.038	0.249	0.214	0.102	0.069	0.247	0.276	0.119	0.039	0.255	0.223	0.089	0.070	0.262	0.292	0.117	0.040	0.039	0.239	0.076	0.145	0.210	0.276	0.165	0.039	0.233	0.228	0.040	0.151	0.200	0.271	0.161	0.039
7:35:39	25.0	0.212	0.242	0.053	0.056	0.226	0.213	0.039	0.042	0.232	0.259	0.049	0.055	0.259	0.275	0.050	0.038	0.256	0.232	0.112	0.072	0.259	0.301	0.132	0.039	0.263	0.244	0.083	0.072	0.258	0.299	0.128	0.040	0.039	0.259	0.073	0.157	0.208	0.287	0.176	0.039	0.241	0.245	0.040	0.164	0.212	0.281	0.171	0.039
7:51:22	25.0	0.218	0.253	0.053	0.058	0.251	0.227	0.039	0.042	0.238	0.272	0.051	0.055	0.258	0.284	0.051	0.038	0.264	0.249	0.120	0.074	0.293	0.293	0.146	0.039	0.268	0.259	0.095	0.076	0.268	0.307	0.141	0.040	0.039	0.272	0.074	0.170	0.229	0.296	0.191	0.039	0.246	0.259	0.040	0.177	0.229	0.289	0.186	0.039
8:07:04	25.0	0.224	0.264	0.053	0.056	0.265	0.237	0.039	0.041	0.244	0.281	0.052	0.057	0.278	0.291	0.051	0.038	0.269	0.261	0.136	0.078	0.305	0.301	0.163	0.039	0.274	0.271	0.115	0.079	0.303	0.313	0.157	0.040	0.039	0.286	0.078	0.182	0.232	0.303	0.203	0.039	0.251	0.272	0.040	0.189	0.236	0.295	0.198	0.039
8:22:47	25.0	0.228	0.271	0.047	0.058	0.252	0.247	0.039	0.042	0.248	0.294	0.056	0.056	0.279	0.295	0.052	0.038	0.272	0.272	0.137	0.083	0.290	0.305	0.174	0.039	0.278	0.282	0.111	0.086	0.328	0.317	0.170	0.040	0.039	0.297	0.086	0.195	0.262	0.308	0.211	0.039	0.257	0.282	0.040	0.203	0.248	0.299	0.206	0.039
8:38:30	25.0	0.231	0.284	0.052	0.059	0.316	0.254	0.039	0.042	0.252	0.303	0.058	0.059	0.281	0.300	0.052	0.038	0.278	0.285	0.140	0.088	0.308	0.307	0.189	0.039	0.285	0.294	0.134	0.089	0.330	0.320	0.183	0.040	0.039	0.309	0.085	0.206	0.251	0.312	0.220	0.039	0.261	0.292	0.040	0.214	0.259	0.304	0.213	0.039
8:54:13	25.0	0.233	0.290	0.053	0.060	0.484	0.255	0.039	0.042	0.257	0.312	0.059	0.060	0.336	0.303	0.053	0.038	0.282	0.294	0.153	0.094	0.361	0.310	0.202	0.039	0.288	0.304	0.140	0.096	0.303	0.323	0.195	0.040	0.039	0.316	0.088	0.216	0.261	0.313	0.225	0.039	0.264	0.299	0.040	0.226	0.263	0.308	0.219	0.039
9:09:55	25.0	0.236	0.300	0.053	0.062	0.304	0.260	0.039	0.042	0.260	0.324	0.069	0.061	0.321	0.308	0.054	0.038	0.288	0.304	0.165	0.099	0.312	0.312	0.211	0.039	0.292	0.314	0.140	0.102	0.309	0.324	0.204	0.040	0.039	0.328	0.092	0.228	0.263	0.317	0.232	0.039	0.268	0.309	0.040	0.238	0.279	0.309	0.224	0.039
9:25:38	25.0	0.240	0.307	0.056	0.064	0.293	0.263	0.039	0.042	0.265	0.330	0.065	0.065	0.335	0.308	0.054	0.038	0.294	0.314	0.190	0.106	0.392	0.314	0.219	0.039	0.297	0.326	0.153	0.106	0.316	0.326	0.213	0.040	0.039	0.337	0.096	0.242	0.297	0.318	0.234	0.039	0.272	0.319	0.040	0.254	0.304	0.312	0.226	0.039
9:41:21	25.0	0.242	0.315	0.066	0.067	0.360	0.266	0.039	0.042	0.267	0.343	0.068	0.065	0.315	0.311	0.056	0.038	0.295	0.326	0.184	0.111	0.365	0.316	0.225	0.039	0.299	0.334	0.185	0.114	0.323	0.328	0.220	0.040	0.039	0.345	0.097	0.257	0.311	0.320	0.233	0.039	0.274	0.328	0.040	0.270	0.288	0.318	0.225	0.039
9:57:04	25.1	0.245	0.326	0.072	0.070	0.332	0.269	0.039	0.042	0.271	0.352	0.076	0.067	0.323	0.310	0.057	0.038	0.298	0.336	0.199	0.120	0.351	0.365	0.231	0.039	0.304	0.344	0.176	0.122	0.328	0.330	0.224	0.040	0.039	0.356	0.107	0.276	0.359	0.321	0.231	0.039	0.277	0.336	0.040	0.289	0.298	0.314	0.225	0.039
10:12:47	25.0	0.247	0.332	0.074	0.070	0.412	0.269	0.039	0.042	0.275	0.360	0.080	0.071	0.328	0.311	0.059	0.038	0.303	0.343	0.215	0.130	0.340	0.317	0.233	0.039	0.306	0.355	0.192	0.132	0.335	0.330	0.225	0.040	0.039	0.363	0.114	0.295	0.300	0.321	0.230	0.039	0.280	0.345	0.040	0.305	0.306	0.312	0.224	0.039
10:28:29	25.0	0.249	0.341	0.075	0.074	0.336	0.270	0.039	0.042	0.277	0.374	0.083	0.072	0.338	0.312	0.061	0.038	0.308	0.356	0.224	0.139	0.349	0.317	0.232	0.039	0.312	0.362	0.199	0.141	0.344	0.329	0.225	0.040	0.039	0.372	0.114	0.313	0.364	0.326	0.229	0.039	0.283	0.351	0.040	0.323	0.315	0.322	0.223	0.039
10:44:12	25.0	0.252	0.351	0.077	0.077	0.308	0.271	0.039	0.041	0.281	0.381	0.093	0.078	0.347	0.312	0.063	0.038	0.310	0.362	0.231	0.151	0.352	0.317	0.229	0.039	0.313	0.370	0.202	0.154	0.349	0.331	0.224	0.040	0.039	0.381	0.116	0.331	0.313	0.323	0.229	0.039	0.283	0.359	0.040	0.340	0.336	0.312	0.222	0.039
10:59:55	25.0	0.253	0.356	0.087	0.080	0.316	0.271	0.039	0.042	0.282	0.388	0.105	0.080	0.371	0.312	0.067	0.038	0.311	0.369	0.243	0.163	0.356	0.317	0.229	0.039	0.315	0.380	0.229	0.166	0.358	0.331	0.223	0.040	0.039	0.387	0.124	0.347	0.320	0.323	0.228	0.039	0.288	0.369	0.040	0.358	0.325	0.314	0.223	0.039
11:15:37	25.0	0.256	0.365	0.095	0.085	0.399	0.273	0.039	0.042	0.287	0.398	0.111	0.086	0.375	0.313	0.070	0.038	0.320	0.380	0.373	0.177	0.368	0.318	0.229	0.039	0.318	0.387	0.226	0.178	0.360	0.332	0.223	0.040	0.039	0.394	0.122	0.364	0.325	0.324	0.226	0.039	0.288	0.375	0.040	0.375	0.336	0.315	0.220	0.039
11:31:20	25.0	0.258	0.372	0.101	0.089	0.409	0.273	0.039	0.042	0.286	0.405	0.126	0.089	0.394	0.314	0.075	0.038	0.318	0.387	0.307	0.189	0.372	0.318	0.228	0.039	0.321	0.397	0.241	0.192	0.367	0.332	0.222	0.040	0.039	0.403	0.127	0.380	0.348	0.324	0.227	0.039	0.292	0.383	0.040	0.389	0.338	0.314	0.220	0.039
11:47:03	25.0	0.259	0.380	0.117	0.093	0.359	0.275	0.039	0.042	0.292	0.415	0.131	0.095	0.371	0.314	0.080	0.038	0.320	0.394	0.282	0.200	0.396	0.319	0.228	0.039	0.323	0.404	0.244	0.203	0.388	0.332	0.222	0.040	0.039	0.410	0.132	0.386	0.342	0.324	0.226	0.039	0.294	0.388	0.040	0.396	0.343	0.322	0.220	0.039
12:02:46	25.0	0.262	0.386	0.119	0.099	0.339	0.274	0.039	0.041	0.292	0.422	0.147	0.101	0.379	0.314	0.087	0.038	0.325	0.403	0.289	0.213	0.384	0.347	0.226	0.039	0.327	0.413	0.258	0.216	0.379	0.332	0.221	0.040	0.039	0.415	0.129	0.392	0.407	0.324	0.226	0.039	0.297	0.393	0.040	0.400	0.350	0.314	0.219	0.039
12:18:29	25.1	0.264	0.394	0.123	0.104	0.497	0.273	0.039	0.041	0.294	0.432	0.156	0.106	0.455	0.313	0.094	0.038	0.326	0.411	0.552	0.228	0.388	0.323	0.225	0.039	0.329	0.419	0.268	0.231	0.387	0.331	0.221	0.040	0.039	0.423	0.132	0.398	0.358	0.324	0.225	0.039	0.298	0.400	0.040	0.408	0.357	0.311	0.218	0.039
12:34:11	25.1	0.263	0.397	0.138	0.110	0.477	0.272	0.039	0.041	0.298	0.438	0.172	0.113	0.409	0.311	0.103	0.038	0.331	0.416	0.305	0.244	0.424	0.319	0.225	0.039	0.333	0.428	0.274	0.247	0.391	0.332	0.220	0.040	0.039	0.430	0.140	0.405	0.461	0.324	0.224	0.039	0.302	0.408	0.040	0.417	0.399	0.313	0.218	0.039
12:49:54	25.1	0.261	0.399	0.153	0.116	0.583	0.268	0.039	0.042	0.297	0.443	0.186	0.119	0.393	0.308	0.112	0.038	0.330	0.418	0.306	0.259	0.397	0.315	0.221	0.039	0.333	0.433	0.281	0.262	0.399	0.327	0.218	0.040	0.039	0.433	0.148	0.406	0.363	0.320	0.222	0.039	0.299	0.409	0.040	0.419	0.378	0.325	0.216	0.039
13:05:37	25.1	0.267	0.413	0.161	0.127	0.408	0.273	0.039	0.042	0.306	0.455	0.213	0.130	0.401	0.311	0.124	0.038	0.333	0.433	0.609	0.282	0.404	0.318	0.224	0.039	0.338	0.444	0.299	0.284	0.419	0.331	0.219	0.040	0.039	0.443	0.160	0.419	0.423	0.331	0.223	0.039	0.307	0.419	0.040	0.433	0.398	0.319	0.217	0.039
13:21:20	25.0	0.262	0.409	0.172	0.133	0.399	0.267	0.039	0.042	0.302	0.456	0.222	0.138	0.436	0.307	0.136	0.038	0.330	0.432	0.355	0.297	0.512	0.311	0.219	0.039	0.332	0.444	0.303	0.300	0.401	0.323	0.214	0.040	0.039	0.441	0.154	0.416	0.404	0.315	0.220	0.039	0.299	0.417	0.040	0.431	0.374	0.300	0.213	0.039
13:37:02	25.0	0.271	0.426	0.193	0.153	0.399	0.270	0.039	0.042	0.311	0.470	0.243	0.149	0.408	0.311	0.150	0.038	0.339	0.448	0.364	0.324	0.449	0.316	0.221	0.039	0.341	0.458	0.327	0.324	0.412	0.329	0.217	0.040	0.039	0.456	0.178	0.434	0.404	0.322	0.223	0.039	0.309	0.429	0.040	0.448	0.385	0.308	0.217	0.039
13:52:45	25.0	0.272	0.427	0.213	0.157	0.386	0.270	0.039	0.042	0.312	0.476	0.261	0.161	0.432	0.307	0.166	0.038	0.334	0.454	0.400	0.344	0.421	0.315	0.220	0.039	0.341	0.464	0.340	0.347	0.426	0.329	0.216	0.040	0.039	0.460	0.167	0.441	0.388	0.321	0.223	0.039	0.310	0.436	0.040	0.457	0.403	0.306	0.216	0.039
14:08:28	25.0	0.276	0.436	0.219	0.168	0.595	0.272	0.039	0.041	0.313	0.481	0.272	0.176	0.426	0.308	0.179	0.038	0.341	0.461	0.398	0.363	0.425	0.315	0.220	0.039	0.342	0.472	0.355	0.368	0.419	0.328	0.214	0.040	0.039	0.469	0.172	0.451	0.396	0.320	0.222	0.039	0.312	0.442	0.040	0.466	0.406	0.313	0.215	0.039
14:24:10	25.1	0.276	0.438	0.233	0.184	0.382	0.271	0.039	0.041	0.317	0.488	0.285	0.192	0.503	0.308	0.188	0.038	0.338	0.468	0.422	0.382	0.464	0.315	0.219	0.039	0.346	0.479	0.369	0.386	0.428	0.327	0.215	0.040	0.039	0.475	0.172	0.459	0.399	0.319	0.223	0.039	0.314	0.447	0.040	0.474	0.397	0.304	0.215	0.039
14:39:53	25.1	0.277	0.446	0.247	0.195	0.386	0.270	0.039	0.041	0.317	0.495	0.297	0.204	0.458	0.307	0.199	0.038	0.338	0.474	0.444	0.402	0.436	0.315	0.219	0.039	0.346	0.484	0.386	0.405	0.429	0.327	0.214	0.040	0.039	0.481	0.177	0.468	0.417	0.324	0.222	0.039	0.315	0.452	0.040	0.484	0.424	0.312	0.216	0.039
14:55:36	25.1	0.278	0.449	0.255	0.204	0.564	0.269	0.039	0.042	0.315	0.501	0.306	0.213	0.446	0.305	0.209	0.038	0.341	0.479	0.472	0.418	0.441	0.315	0.218	0.039	0.348	0.490	0.401	0.423	0.439	0.326	0.214	0.040	0.039	0.486	0.182	0.478	0.444	0.318	0.223	0.039	0.317	0.457	0.040	0.497	0.407	0.303	0.215	0.039
15:11:19	25.0	0.278	0.454	0.274	0.215	0.519	0.267	0.039	0.041	0.318	0.506	0.315	0.226	0.448	0.305	0.220	0.038	0.341	0.486	0.489	0.433	0.447	0.313	0.219	0.039	0.349	0.496	0.423	0.438	0.438	0.325	0.214	0.040	0.039	0.491	0.184	0.489	0.416	0.317	0.223	0.039	0.318	0.462	0.040	0.506	0.411	0.302	0.215	0.039
15:27:02	25.0	0.276	0.446	0.276	0.227	0.397	0.262	0.039	0.042	0.311	0.507	0.326	0.239	0.450	0.300	0.221	0.038	0.339	0.484	0.500	0.444	0.449	0.309	0.216	0.039	0.348	0.499	0.437	0.450	0.460	0.320	0.211	0.040	0.039	0.493	0.188	0.492	0.457	0.313	0.221	0.039	0.318	0.462	0.040	0.513	0.434	0.298	0.213	0.039
15:42:44	25.0	0.279	0.461	0.291	0.247	0.433	0.266	0.039	0.041	0.321	0.516	0.353	0.261	0.452	0.302	0.226	0.038	0.346	0.495	0.542	0.454	0.453	0.310	0.218	0.039	0.353	0.507	0.458	0.466	0.450	0.322	0.213	0.040	0.039	0.501	0.196	0.509	0.544	0.316	0.223	0.039	0.320	0.470	0.040	0.530	0.418	0.299	0.216	0.039
15:58:27	25.1	0.284	0.466	0.303	0.261	0.457	0.266	0.039	0.041	0.321	0.521	0.367	0.278	0.514	0.302	0.223	0.038	0.346	0.502	0.618	0.460	0.464	0.311	0.218	0.039	0.353	0.511	0.476	0.471	0.453	0.321	0.213	0.040	0.039	0.505	0.195	0.520	0.499	0.315	0.224	0.039	0.323	0.474	0.040	0.543	0.423	0.298	0.215	0.039
16:14:10	25.1	0.283	0.467	0.317	0.275	0.440	0.264	0.039	0.041	0.322	0.528	0.385	0.294	0.467	0.300	0.217	0.038	0.346	0.506	0.579	0.464	0.465	0.310	0.218	0.039	0.353	0.517	0.495	0.476	0.459	0.322	0.213	0.040	0.039	0.511	0.201	0.534	0.432	0.314	0.224	0.039	0.326	0.479	0.040	0.557	0.426	0.298	0.216	0.039
16:29:52	25.1	0.284	0.468	0.330	0.288	0.516	0.264	0.039	0.041	0.320	0.529	0.407	0.308	0.468	0.299	0.213	0.038	0.347	0.512	0.617	0.471	0.470	0.309	0.217	0.039	0.354	0.522	0.516	0.481	0.460	0.321	0.213	0.040	0.039	0.516	0.203	0.545	0.437	0.316	0.225	0.039	0.327	0.482	0.040	0.572	0.437	0.297	0.216	0.039
16:45:35	25.1	0.286	0.474	0.351	0.303	0.475	0.262	0.039	0.041	0.323	0.535	0.423	0.326	0.472	0.299	0.209	0.038	0.348	0.516	0.646	0.476	0.473	0.308	0.218	0.039	0.357	0.527	0.542	0.486	0.466	0.320	0.213	0.040	0.039	0.522	0.209	0.558	0.443	0.312	0.226	0.039	0.327	0.488	0.040	0.584	0.441	0.295	0.217	0.039
17:01:18	25.0	0.286	0.473	0.366	0.316	0.588	0.262	0.039	0.041	0.324	0.537	0.446	0.340	0.519	0.299	0.209	0.038	0.350	0.519	0.638	0.482	0.509	0.314	0.216	0.039	0.357	0.531	0.563	0.494	0.470	0.318	0.212	0.040	0.039	0.525	0.215	0.572	0.454	0.310	0.226	0.039	0.326	0.492	0.039	0.598	0.440	0.298	0.216	0.039
17:17:00	25.1	0.285	0.481	0.386	0.332	0.449	0.261	0.039	0.041	0.324	0.541	0.470	0.356	0.485	0.297	0.206	0.038	0.350	0.525	0.671	0.490	0.478	0.307	0.218	0.039	0.358	0.536	0.584	0.499	0.495	0.317	0.212	0.040	0.039	0.532	0.212	0.584	0.454	0.310	0.227	0.039	0.326	0.496	0.040	0.613	0.446	0.294	0.218	0.039
17:32:43	25.0	0.285	0.482	0.404	0.355	0.433	0.261	0.039	0.041	0.326	0.545	0.496	0.373	0.504	0.298	0.206	0.038	0.351	0.528	0.680	0.496	0.483	0.306	0.217	0.039	0.359	0.538	0.616	0.509	0.507	0.318	0.214	0.040	0.039	0.535	0.217	0.596	0.460	0.310	0.228	0.039	0.327	0.497	0.040	0.623	0.453	0.293	0.218	0.039
17:48:26	25.1	0.282	0.473	0.416	0.352	0.464	0.255	0.039	0.041	0.320	0.543	0.518	0.385	0.489	0.293	0.203	0.038	0.346	0.525	0.689	0.499	0.482	0.301	0.216	0.039	0.354	0.539	0.624	0.513	0.516	0.312	0.212	0.040	0.040	0.533	0.217	0.594	0.464	0.305	0.225	0.039	0.324	0.497	0.040	0.624	0.487	0.288	0.216	0.039
18:04:09	25.1	0.284	0.486	0.445	0.372	0.556	0.258	0.039	0.041	0.325	0.550	0.548	0.403	0.496	0.296	0.202	0.038	0.353	0.537	0.711	0.510	0.491	0.305	0.218	0.039	0.361	0.547	0.642	0.525	0.488	0.316	0.214	0.040	0.039	0.541	0.223	0.609	0.492	0.306	0.229	0.039	0.330	0.505	0.040	0.638	0.457	0.291	0.218	0.039
18:19:51	25.1	0.283	0.475	0.463	0.379	0.543	0.254	0.039	0.041	0.321	0.547	0.565	0.411	0.492	0.292	0.199	0.038	0.349	0.531	0.710	0.516	0.494	0.300	0.217	0.039	0.355	0.548	0.645	0.531	0.539	0.311	0.211	0.040	0.040	0.541	0.218	0.610	0.511	0.301	0.227	0.039	0.326	0.504	0.040	0.642	0.459	0.287	0.218	0.039
18:35:34	25.0	0.284	0.490	0.491	0.396	0.456	0.257	0.039	0.041	0.326	0.557	0.612	0.428	0.502	0.294	0.198	0.038	0.354	0.541	0.741	0.529	0.516	0.303	0.219	0.039	0.360	0.554	0.661	0.543	0.512	0.315	0.214	0.040	0.040	0.548	0.228	0.626	0.546	0.306	0.230	0.039	0.330	0.511	0.040	0.656	0.465	0.289	0.220	0.039
18:51:17	25.0	0.282	0.480	0.515	0.401	0.861	0.251	0.039	0.042	0.323	0.553	0.613	0.436	0.505	0.291	0.196	0.038	0.350	0.536	0.750	0.533	0.599	0.299	0.218	0.039	0.360	0.554	0.674	0.547	0.564	0.310	0.212	0.040	0.040	0.546	0.230	0.630	0.481	0.299	0.228	0.039	0.327	0.509	0.040	0.657	0.472	0.284	0.219	0.039
19:07:00	25.1	0.283	0.492	0.548	0.416	0.462	0.254	0.039	0.041	0.327	0.558	0.644	0.448	0.508	0.293	0.195	0.038	0.355	0.547	0.772	0.544	0.509	0.301	0.219	0.039	0.364	0.558	0.689	0.559	0.503	0.312	0.214	0.040	0.040	0.553	0.235	0.643	0.485	0.304	0.231	0.039	0.331	0.515	0.040	0.671	0.479	0.287	0.220	0.039
19:22:42	25.0	0.283	0.494	0.571	0.424	0.499	0.254	0.039	0.041	0.329	0.561	0.659	0.458	0.515	0.291	0.193	0.038	0.354	0.550	0.797	0.554	0.515	0.301	0.220	0.039	0.362	0.561	0.697	0.567	0.510	0.311	0.213	0.040	0.040	0.554	0.236	0.651	0.498	0.303	0.232	0.039	0.331	0.516	0.040	0.679	0.495	0.290	0.222	0.039
19:38:25	25.1	0.280	0.480	0.586	0.454	0.472	0.251	0.039	0.041	0.325	0.557	0.678	0.461	0.512	0.287	0.189	0.038	0.350	0.543	0.857	0.559	0.546	0.297	0.217	0.039	0.358	0.559	0.707	0.575	0.506	0.306	0.212	0.040	0.041	0.553	0.238	0.651	0.611	0.298	0.231	0.039	0.325	0.515	0.040	0.678	0.480	0.281	0.220	0.039
19:54:08	25.1	0.281	0.495	0.622	0.443	0.868	0.253	0.039	0.041	0.329	0.564	0.698	0.475	0.520	0.291	0.190	0.038	0.356	0.554	0.819	0.575	0.519	0.300	0.220	0.039	0.364	0.566	0.729	0.590	0.517	0.310	0.215	0.040	0.040	0.557	0.243	0.664	0.552	0.301	0.233	0.039	0.329	0.520	0.040	0.691	0.490	0.285	0.223	0.039
20:09:51	25.1	0.278	0.494	0.639	0.452	1.002	0.252	0.039	0.041	0.332	0.566	0.709	0.484	0.610	0.289	0.189	0.038	0.356	0.558	0.823	0.584	0.525	0.300	0.227	0.039	0.363	0.569	0.745	0.598	0.559	0.310	0.215	0.040	0.040	0.560	0.246	0.670	0.602	0.301	0.234	0.039	0.328	0.521	0.040	0.695	0.529	0.283	0.223	0.039
20:25:33	25.1	0.278	0.497	0.653	0.458	0.475	0.250	0.039	0.041	0.333	0.567	0.719	0.495	0.528	0.289	0.188	0.038	0.356	0.560	0.837	0.589	0.525	0.298	0.221	0.039	0.365	0.572	0.759	0.604	0.555	0.308	0.215	0.040	0.041	0.562	0.248	0.676	0.511	0.300	0.235	0.039	0.330	0.524	0.040	0.700	0.498	0.282	0.223	0.039
20:41:16	25.0	0.277	0.495	0.665	0.481	0.740	0.248	0.039	0.041	0.331	0.568	0.731	0.503	0.532	0.289	0.189	0.038	0.358	0.564	0.830	0.598	0.530	0.334	0.221	0.039	0.366	0.576	0.768	0.610	0.524	0.308	0.215	0.040	0.042	0.564	0.250	0.683	0.550	0.299	0.236	0.039	0.328	0.524	0.039	0.707	0.501	0.291	0.224	0.039
20:56:59	25.0	0.274	0.497	0.673	0.477	0.596	0.249	0.039	0.041	0.334	0.568	0.744	0.511	0.548	0.289	0.186	0.038	0.358	0.564	0.831	0.605	0.536	0.297	0.221	0.039	0.364	0.575	0.773	0.621	0.547	0.308	0.216	0.040	0.042	0.563	0.250	0.686	0.518	0.298	0.236	0.039	0.327	0.525	0.040	0.712	0.505	0.290	0.224	0.039
21:12:42	25.0	0.272	0.497	0.687	0.496	0.863	0.248	0.039	0.041	0.334	0.571	0.754	0.520	0.602	0.287	0.186	0.038	0.358	0.566	0.880	0.614	0.537	0.297	0.220	0.039	0.364	0.577	0.779	0.627	0.536	0.306	0.216	0.040	0.043	0.565	0.252	0.693	0.518	0.298	0.238	0.039	0.329	0.524	0.040	0.717	0.509	0.289	0.225	0.039
21:28:25	25.1	0.270	0.497	0.706	0.498	0.618	0.247	0.039	0.041	0.335	0.571	0.761	0.528	0.538	0.286	0.185	0.038	0.358	0.569	0.830	0.622	0.541	0.321	0.222	0.039	0.366	0.581	0.782	0.636	0.534	0.305	0.217	0.040	0.044	0.567	0.257	0.699	0.524	0.296	0.238	0.039	0.327	0.525	0.040	0.723	0.512	0.280	0.226	0.039
21:44:07	25.1	0.267	0.486	0.709	0.491	0.773	0.245	0.039	0.041	0.331	0.566	0.768	0.532	0.549	0.284	0.184	0.038	0.354	0.563	0.828	0.624	0.548	0.293	0.221	0.039	0.364	0.577	0.774	0.643	0.538	0.302	0.216	0.040	0.045	0.564	0.254	0.697	0.549	0.293	0.237	0.039	0.322	0.522	0.039	0.721	0.509	0.276	0.225	0.039
21:59:50	25.1	0.267	0.499	0.731	0.503	0.582	0.245	0.039	0.041	0.335	0.572	0.784	0.542	0.561	0.285	0.185	0.038	0.358	0.573	0.829	0.635	0.634	0.295	0.224	0.039	0.368	0.582	0.778	0.651	0.555	0.305	0.217	0.040	0.051	0.569	0.263	0.710	0.550	0.296	0.240	0.039	0.327	0.526	0.040	0.732	0.516	0.279	0.226	0.039
22:15:33	25.1	0.264	0.493	0.736	0.510	0.792	0.244	0.039	0.041	0.336	0.571	0.785	0.550	0.553	0.284	0.184	0.038	0.359	0.570	0.831	0.640	0.552	0.294	0.223	0.039	0.366	0.583	0.773	0.658	0.548	0.305	0.219	0.040	0.048	0.567	0.259	0.712	0.534	0.295	0.240	0.039	0.322	0.528	0.040	0.736	0.523	0.277	0.227	0.039
22:31:16	25.1	0.261	0.497	0.741	0.519	0.551	0.244	0.039	0.041	0.338	0.571	0.788	0.556	0.587	0.285	0.185	0.038	0.359	0.572	0.872	0.648	0.556	0.295	0.224	0.039	0.367	0.582	0.771	0.664	0.550	0.304	0.220	0.040	0.050	0.571	0.263	0.718	0.537	0.294	0.241	0.039	0.323	0.527	0.040	0.741	0.523	0.275	0.227	0.039
22:46:58	25.1	0.260	0.498	0.750	0.619	0.664	0.243	0.039	0.041	0.337	0.575	0.789	0.566	0.604	0.284	0.186	0.038	0.360	0.574	0.813	0.652	0.561	0.356	0.225	0.039	0.367	0.584	0.767	0.670	0.582	0.304	0.219	0.040	0.051	0.572	0.265	0.724	0.576	0.293	0.242	0.039	0.321	0.527	0.040	0.744	0.530	0.281	0.228	0.039
23:02:41	25.0	0.257	0.498	0.755	0.617	0.486	0.242	0.039	0.041	0.336	0.573	0.783	0.571	0.590	0.283	0.185	0.038	0.360	0.577	0.851	0.658	0.563	0.293	0.225	0.039	0.367	0.585	0.758	0.673	0.557	0.302	0.219	0.040	0.062	0.573	0.268	0.727	0.652	0.292	0.243	0.039	0.319	0.528	0.040	0.749	0.551	0.275	0.229	0.039
23:18:24	25.0	0.253	0.495	0.756	0.537	0.662	0.241	0.039	0.041	0.340	0.575	0.777	0.577	0.567	0.283	0.186	0.038	0.360	0.577	0.807	0.665	0.562	0.292	0.225	0.039	0.367	0.586	0.757	0.679	0.560	0.302	0.219	0.040	0.059	0.572	0.268	0.732	0.621	0.293	0.243	0.039	0.318	0.530	0.040	0.754	0.555	0.276	0.229	0.039
23:34:07	25.0	0.254	0.486	0.740	0.539	0.671	0.238	0.039	0.041	0.332	0.570	0.770	0.579	0.571	0.280	0.183	0.038	0.356	0.568	0.798	0.666	0.572	0.289	0.224	0.039	0.365	0.584	0.745	0.683	0.562	0.299	0.219	0.040	0.063	0.570	0.270	0.729	0.634	0.290	0.241	0.039	0.313	0.525	0.040	0.752	0.551	0.271	0.229	0.039
23:49:49	25.1	0.251	0.489	0.734	0.543	0.588	0.237	0.039	0.041	0.332	0.571	0.765	0.585	0.604	0.280	0.183	0.038	0.358	0.567	0.795	0.671	0.582	0.289	0.224	0.039	0.367	0.584	0.742	0.689	0.569	0.299	0.219	0.040	0.069	0.571	0.271	0.732	0.561	0.288	0.242	0.039	0.314	0.524	0.040	0.757	0.547	0.271	0.229	0.039
24:05:32	25.1	0.249	0.496	0.740	0.552	0.949	0.237	0.039	0.041	0.338	0.578	0.773	0.597	0.586	0.282	0.186	0.038	0.361	0.580	0.805	0.679	0.589	0.291	0.227	0.039	0.368	0.587	0.741	0.694	0.572	0.301	0.221	0.040	0.075	0.575	0.276	0.745	0.562	0.292	0.245	0.039	0.314	0.527	0.039	0.764	0.551	0.273	0.231	0.039
24:21:15	25.1	0.247	0.491	0.741	0.555	0.550	0.237	0.039	0.041	0.338	0.576	0.771	0.604	0.579	0.281	0.186	0.038	0.362	0.579	0.803	0.685	0.576	0.290	0.227	0.039	0.370	0.590	0.737	0.702	0.574	0.300	0.221	0.040	0.082	0.572	0.279	0.751	0.562	0.291	0.246	0.039	0.311	0.528	0.040	0.769	0.568	0.272	0.232	0.039
24:36:58	25.1	0.246	0.490	0.738	0.557	0.616	0.237	0.039	0.041	0.338	0.575	0.770	0.607	0.585	0.282	0.187	0.038	0.361	0.580	0.803	0.690	0.581	0.303	0.227	0.039	0.368	0.589	0.733	0.705	0.577	0.300	0.221	0.040	0.091	0.576	0.279	0.753	0.603	0.291	0.247	0.039	0.308	0.527	0.040	0.773	0.558	0.288	0.231	0.039
24:52:41	25.1	0.243	0.489	0.736	0.560	0.558	0.235	0.039	0.041	0.340	0.577	0.765	0.609	0.661	0.281	0.187	0.038	0.360	0.579	0.797	0.693	0.585	0.290	0.229	0.039	0.368	0.590	0.728	0.709	0.582	0.300	0.222	0.040	0.100	0.576	0.282	0.758	0.571	0.290	0.247	0.039	0.306	0.527	0.040	0.776	0.563	0.276	0.232	0.039
25:08:24	25.2	0.241	0.488	0.732	0.564	0.512	0.235	0.039	0.041	0.338	0.577	0.766	0.615	0.591	0.281	0.188	0.038	0.362	0.579	0.797	0.696	0.613	0.290	0.228	0.039	0.368	0.590	0.724	0.715	0.582	0.300	0.223	0.040	0.115	0.578	0.283	0.761	0.572	0.290	0.248	0.039	0.303	0.526	0.040	0.781	0.562	0.274	0.233	0.039
25:24:06	25.2	0.240	0.481	0.717	0.566	0.535	0.232	0.039	0.041	0.337	0.571	0.756	0.616	0.593	0.278	0.186	0.038	0.358	0.572	0.789	0.698	0.578	0.286	0.227	0.039	0.365	0.585	0.713	0.718	0.635	0.295	0.221	0.040	0.127	0.573	0.288	0.757	0.583	0.285	0.245	0.039	0.301	0.521	0.040	0.779	0.564	0.268	0.232	0.039
25:39:49	25.2	0.239	0.488	0.720	0.574	0.639	0.233	0.039	0.041	0.338	0.577	0.759	0.624	0.594	0.281	0.188	0.038	0.362	0.580	0.795	0.707	0.589	0.288	0.229	0.039	0.370	0.588	0.715	0.722	0.588	0.298	0.223	0.040	0.143	0.578	0.288	0.770	0.573	0.288	0.249	0.039	0.299	0.526	0.040	0.789	0.567	0.271	0.235	0.039
25:55:32	25.3	0.237	0.486	0.720	0.580	0.510	0.232	0.039	0.041	0.339	0.577	0.759	0.630	0.598	0.279	0.189	0.038	0.361	0.583	0.891	0.711	0.590	0.288	0.231	0.039	0.370	0.591	0.712	0.727	0.592	0.297	0.224	0.040	0.157	0.577	0.292	0.772	0.678	0.288	0.250	0.039	0.298	0.525	0.039	0.789	0.590	0.271	0.235	0.039
26:11:15	25.3	0.235	0.478	0.708	0.580	0.859	0.229	0.039	0.041	0.336	0.570	0.750	0.625	0.598	0.276	0.188	0.038	0.358	0.573	0.787	0.709	0.589	0.284	0.229	0.039	0.367	0.588	0.702	0.729	0.583	0.294	0.223	0.040	0.172	0.574	0.296	0.767	0.576	0.284	0.248	0.039	0.292	0.521	0.040	0.788	0.571	0.266	0.232	0.039
26:26:58	25.4	0.234	0.484	0.709	0.587	0.523	0.230	0.039	0.041	0.340	0.577	0.755	0.637	0.608	0.278	0.191	0.038	0.365	0.583	0.790	0.716	0.596	0.287	0.230	0.039	0.370	0.591	0.703	0.734	0.597	0.297	0.225	0.040	0.187	0.578	0.302	0.777	0.600	0.287	0.251	0.039	0.292	0.524	0.040	0.792	0.576	0.269	0.235	0.039
26:42:40	25.4	0.232	0.481	0.709	0.590	0.808	0.230	0.039	0.041	0.342	0.575	0.752	0.641	0.608	0.278	0.192	0.038	0.364	0.582	0.786	0.719	0.600	0.287	0.232	0.039	0.368	0.590	0.699	0.735	0.600	0.297	0.225	0.040	0.197	0.580	0.312	0.778	0.606	0.288	0.252	0.039	0.290	0.524	0.040	0.797	0.596	0.268	0.236	0.039
26:58:23	25.4	0.230	0.479	0.702	0.592	0.731	0.228	0.039	0.041	0.342	0.577	0.750	0.643	0.609	0.278	0.192	0.038	0.363	0.582	0.782	0.721	0.604	0.287	0.233	0.039	0.367	0.592	0.697	0.737	0.599	0.296	0.226	0.040	0.203	0.579	0.312	0.782	0.627	0.287	0.252	0.039	0.287	0.522	0.040	0.797	0.586	0.268	0.235	0.039
27:14:06	25.5	0.228	0.472	0.695	0.591	0.601	0.226	0.039	0.041	0.336	0.569	0.744	0.640	0.614	0.275	0.191	0.038	0.358	0.575	0.774	0.720	0.597	0.292	0.230	0.039	0.367	0.588	0.687	0.740	0.603	0.293	0.224	0.040	0.206	0.575	0.311	0.775	0.582	0.282	0.250	0.039	0.282	0.518	0.040	0.794	0.579	0.269	0.235	0.039
27:29:49	25.5	0.225	0.472	0.689	0.592	0.600	0.225	0.039	0.041	0.336	0.571	0.741	0.647	0.609	0.275	0.192	0.038	0.358	0.575	0.768	0.719	0.600	0.283	0.231	0.039	0.366	0.587	0.685	0.741	0.605	0.294	0.225	0.040	0.210	0.575	0.319	0.776	0.581	0.283	0.250	0.039	0.280	0.517	0.039	0.795	0.575	0.269	0.236	0.039
27:45:32	25.5	0.222	0.471	0.684	0.594	0.577	0.223	0.039	0.041	0.336	0.570	0.739	0.651	0.616	0.274	0.193	0.038	0.360	0.575	0.758	0.719	0.610	0.282	0.231	0.039	0.364	0.586	0.680	0.739	0.605	0.291	0.226	0.040	0.214	0.576	0.327	0.778	0.581	0.282	0.250	0.039	0.277	0.515	0.040	0.796	0.576	0.262	0.234	0.039
28:01:15	25.6	0.218	0.467	0.677	0.599	0.804	0.222	0.039	0.041	0.335	0.567	0.730	0.653	0.623	0.274	0.194	0.038	0.358	0.571	0.813	0.718	0.602	0.280	0.230	0.039	0.362	0.581	0.673	0.738	0.610	0.289	0.224	0.040	0.215	0.567	0.332	0.776	0.587	0.279	0.250	0.039	0.272	0.512	0.040	0.793	0.578	0.261	0.234	0.039
36:50:36	25.5	0.227	0.281	0.587	0.549	0.593	0.211	0.039	0.041	0.214	0.281	0.637	0.660	0.554	0.203	0.224	0.038	0.201	0.252	0.600	0.685	0.507	0.327	0.268	0.039	0.228	0.268	0.550	0.706	0.509	0.291	0.261	0.040	0.221	0.286	0.474	0.742	0.519	0.254	0.288	0.039	0.323	0.389	0.039	0.729	0.542	0.306	0.305	0.039
37:06:18	25.3	0.163	0.413	0.564	0.513	0.633	0.191	0.039	0.041	0.293	0.524	0.671	0.584	0.591	0.259	0.235	0.038	0.340	0.540	0.716	0.641	0.579	0.309	0.236	0.038	0.347	0.552	0.581	0.666	0.585	0.277	0.231	0.040	0.229	0.538	0.366	0.714	0.602	0.263	0.254	0.039	0.203	0.453	0.039	0.719	0.555	0.245	0.231	0.038
37:22:01	25.3	0.163	0.410	0.556	0.511	0.760	0.190	0.039	0.041	0.296	0.530	0.678	0.599	0.598	0.262	0.239	0.038	0.343	0.548	0.682	0.643	0.587	0.269	0.238	0.039	0.352	0.558	0.589	0.665	0.596	0.277	0.232	0.040	0.231	0.545	0.376	0.717	0.600	0.264	0.255	0.039	0.203	0.455	0.039	0.715	0.560	0.242	0.231	0.039
37:37:44	25.3	0.163	0.406	0.556	0.519	0.856	0.190	0.039	0.041	0.292	0.525	0.681	0.597	0.600	0.260	0.243	0.038	0.344	0.548	0.719	0.646	0.587	0.281	0.238	0.039	0.353	0.559	0.593	0.671	0.590	0.279	0.233	0.040	0.232	0.544	0.383	0.716	0.571	0.265	0.257	0.039	0.203	0.451	0.039	0.716	0.565	0.252	0.230	0.039
37:53:27	25.3	0.161	0.399	0.552	0.521	0.592	0.188	0.039	0.041	0.288	0.515	0.673	0.603	0.608	0.258	0.244	0.038	0.338	0.533	0.717	0.644	0.598	0.260	0.234	0.039	0.346	0.547	0.588	0.674	0.587	0.273	0.232	0.040	0.231	0.528	0.386	0.703	0.598	0.259	0.251	0.039	0.201	0.445	0.039	0.710	0.560	0.242	0.229	0.038
38:09:10	25.3	0.159	0.403	0.564	0.537	0.669	0.188	0.039	0.041	0.287	0.519	0.685	0.613	0.616	0.257	0.247	0.038	0.340	0.537	0.751	0.656	0.591	0.262	0.237	0.039	0.350	0.553	0.593	0.683	0.591	0.274	0.232	0.040	0.232	0.537	0.394	0.714	0.576	0.260	0.254	0.039	0.200	0.444	0.040	0.715	0.568	0.241	0.229	0.039
38:24:52	25.3	0.158	0.398	0.561	0.540	0.582	0.187	0.039	0.041	0.286	0.525	0.691	0.628	0.618	0.258	0.251	0.038	0.342	0.547	0.711	0.674	0.596	0.264	0.239	0.039	0.352	0.556	0.602	0.692	0.605	0.278	0.232	0.040	0.234	0.541	0.407	0.725	0.625	0.264	0.256	0.039	0.204	0.443	0.039	0.721	0.580	0.251	0.229	0.039
38:40:35	25.3	0.156	0.394	0.558	0.547	0.553	0.186	0.039	0.041	0.283	0.520	0.691	0.638	0.621	0.259	0.268	0.038	0.343	0.546	0.704	0.674	0.597	0.265	0.241	0.038	0.352	0.553	0.604	0.701	0.641	0.277	0.234	0.040	0.233	0.540	0.420	0.728	0.621	0.262	0.257	0.039	0.200	0.443	0.039	0.725	0.589	0.238	0.229	0.038
38:56:18	25.3	0.156	0.392	0.558	0.550	0.560	0.184	0.039	0.041	0.282	0.519	0.692	0.644	0.680	0.263	0.261	0.038	0.341	0.545	0.715	0.682	0.597	0.264	0.241	0.039	0.351	0.553	0.604	0.707	0.604	0.276	0.233	0.040	0.233	0.539	0.432	0.733	0.638	0.262	0.258	0.039	0.199	0.439	0.039	0.727	0.580	0.243	0.228	0.038
39:12:01	25.2	0.154	0.386	0.558	0.557	0.684	0.183	0.039	0.041	0.279	0.520	0.693	0.651	0.660	0.257	0.265	0.038	0.341	0.543	0.719	0.688	0.601	0.264	0.240	0.039	0.350	0.554	0.608	0.715	0.607	0.276	0.234	0.040	0.233	0.536	0.444	0.738	0.626	0.262	0.259	0.039	0.199	0.440	0.039	0.732	0.581	0.242	0.228	0.039
39:27:44	25.2	0.153	0.384	0.555	0.557	0.683	0.181	0.039	0.041	0.275	0.515	0.694	0.663	0.634	0.256	0.268	0.038	0.340	0.544	0.723	0.696	0.609	0.263	0.241	0.039	0.349	0.552	0.611	0.723	0.613	0.275	0.234	0.040	0.231	0.538	0.456	0.742	0.656	0.262	0.258	0.039	0.201	0.435	0.040	0.735	0.584	0.241	0.227	0.039
39:43:26	25.2	0.153	0.377	0.557	0.562	0.690	0.181	0.039	0.041	0.271	0.512	0.689	0.648	0.645	0.254	0.269	0.038	0.336	0.534	0.717	0.704	0.601	0.260	0.240	0.038	0.347	0.546	0.608	0.728	0.611	0.273	0.233	0.040	0.230	0.530	0.458	0.738	0.615	0.258	0.255	0.039	0.197	0.432	0.039	0.736	0.585	0.234	0.226	0.038
39:59:09	25.1	0.152	0.374	0.554	0.563	0.638	0.179	0.039	0.041	0.268	0.511	0.690	0.655	0.698	0.252	0.274	0.038	0.333	0.534	0.718	0.709	0.608	0.261	0.238	0.038	0.345	0.546	0.611	0.736	0.629	0.272	0.233	0.040	0.230	0.531	0.462	0.742	0.644	0.257	0.255	0.039	0.196	0.430	0.039	0.738	0.585	0.266	0.226	0.038
40:14:52	25.1	0.151	0.365	0.540	0.563	0.862	0.178	0.039	0.041	0.264	0.503	0.685	0.669	0.646	0.252	0.283	0.038	0.334	0.526	0.718	0.707	0.631	0.256	0.237	0.039	0.342	0.539	0.606	0.739	0.614	0.270	0.230	0.040	0.227	0.520	0.471	0.739	0.619	0.255	0.253	0.039	0.195	0.427	0.040	0.739	0.590	0.230	0.225	0.038
40:30:35	25.1	0.150	0.362	0.547	0.567	0.789	0.177	0.039	0.041	0.262	0.508	0.693	0.665	0.652	0.255	0.282	0.038	0.335	0.530	0.727	0.715	0.612	0.259	0.240	0.039	0.345	0.545	0.612	0.748	0.625	0.272	0.233	0.040	0.228	0.529	0.488	0.748	0.638	0.257	0.255	0.039	0.195	0.427	0.039	0.744	0.588	0.236	0.225	0.039
40:46:17	25.0	0.147	0.362	0.542	0.573	0.634	0.175	0.039	0.041	0.260	0.510	0.697	0.676	0.677	0.255	0.288	0.038	0.336	0.539	0.743	0.727	0.618	0.261	0.241	0.039	0.348	0.546	0.620	0.754	0.647	0.273	0.236	0.040	0.228	0.534	0.505	0.761	0.632	0.259	0.259	0.039	0.195	0.426	0.039	0.748	0.594	0.230	0.224	0.038
41:02:00	25.0	0.147	0.356	0.539	0.570	0.576	0.174	0.039	0.041	0.257	0.509	0.696	0.694	0.659	0.255	0.292	0.038	0.336	0.540	0.746	0.730	0.619	0.280	0.243	0.038	0.348	0.548	0.622	0.760	0.624	0.273	0.235	0.040	0.225	0.531	0.519	0.762	0.643	0.259	0.258	0.039	0.193	0.423	0.039	0.749	0.598	0.241	0.223	0.038
41:17:43	25.0	0.145	0.352	0.537	0.572	0.832	0.173	0.039	0.041	0.256	0.507	0.697	0.681	0.667	0.253	0.294	0.038	0.334	0.538	0.748	0.736	0.623	0.261	0.243	0.038	0.346	0.547	0.620	0.764	0.673	0.273	0.236	0.040	0.226	0.533	0.532	0.767	0.668	0.259	0.259	0.039	0.193	0.419	0.039	0.752	0.601	0.232	0.223	0.038
41:33:26	25.0	0.145	0.339	0.533	0.569	0.669	0.171	0.039	0.041	0.252	0.502	0.693	0.680	0.664	0.251	0.295	0.038	0.331	0.527	0.799	0.734	0.656	0.258	0.241	0.039	0.344	0.541	0.619	0.768	0.641	0.270	0.239	0.040	0.224	0.524	0.549	0.760	0.679	0.257	0.255	0.039	0.193	0.416	0.039	0.751	0.603	0.226	0.221	0.038
41:49:09	25.0	0.143	0.344	0.529	0.571	0.741	0.171	0.039	0.041	0.251	0.505	0.696	0.688	0.697	0.253	0.302	0.039	0.331	0.537	0.758	0.742	0.627	0.261	0.243	0.039	0.346	0.543	0.626	0.775	0.630	0.273	0.238	0.040	0.225	0.529	0.548	0.771	0.733	0.258	0.258	0.039	0.192	0.414	0.039	0.755	0.627	0.233	0.221	0.038
42:04:51	25.0	0.142	0.339	0.528	0.571	1.038	0.169	0.039	0.041	0.247	0.503	0.695	0.689	0.715	0.252	0.303	0.038	0.332	0.534	0.869	0.745	0.627	0.260	0.243	0.038	0.344	0.545	0.630	0.779	0.638	0.273	0.237	0.040	0.224	0.530	0.560	0.773	0.666	0.258	0.258	0.039	0.190	0.411	0.039	0.757	0.612	0.224	0.221	0.038
42:20:34	25.1	0.142	0.335	0.523	0.571	0.684	0.168	0.039	0.041	0.246	0.500	0.697	0.696	0.710	0.249	0.307	0.038	0.331	0.535	0.758	0.750	0.634	0.296	0.244	0.039	0.345	0.545	0.632	0.781	0.637	0.273	0.237	0.040	0.223	0.527	0.561	0.777	0.684	0.258	0.259	0.039	0.190	0.407	0.039	0.757	0.616	0.227	0.219	0.038
42:36:17	25.1	0.142	0.332	0.522	0.570	0.612	0.166	0.039	0.041	0.242	0.500	0.697	0.695	0.689	0.252	0.309	0.038	0.329	0.535	0.761	0.753	0.641	0.270	0.244	0.038	0.343	0.543	0.635	0.784	0.638	0.272	0.238	0.040	0.222	0.525	0.583	0.778	0.713	0.257	0.258	0.039	0.189	0.405	0.039	0.756	0.625	0.222	0.218	0.038
42:52:00	25.1	0.141	0.327	0.517	0.570	1.100	0.166	0.039	0.041	0.241	0.500	0.696	0.696	0.686	0.252	0.311	0.038	0.327	0.533	0.762	0.756	0.640	0.259	0.244	0.039	0.343	0.544	0.638	0.789	0.647	0.272	0.238	0.040	0.220	0.526	0.574	0.782	0.702	0.257	0.258	0.039	0.188	0.401	0.039	0.759	0.629	0.221	0.217	0.038
43:07:43	25.1	0.140	0.323	0.512	0.568	0.838	0.164	0.039	0.041	0.235	0.489	0.683	0.692	0.690	0.249	0.309	0.038	0.323	0.517	0.761	0.750	0.629	0.253	0.240	0.039	0.338	0.532	0.628	0.784	0.636	0.267	0.234	0.040	0.216	0.511	0.613	0.768	0.692	0.252	0.255	0.039	0.187	0.395	0.039	0.755	0.636	0.219	0.216	0.038
43:23:25	25.0	0.138	0.321	0.513	0.569	0.678	0.163	0.039	0.041	0.235	0.497	0.693	0.701	0.767	0.250	0.314	0.038	0.326	0.534	0.805	0.762	0.634	0.258	0.245	0.038	0.341	0.540	0.641	0.792	0.680	0.270	0.239	0.040	0.219	0.524	0.611	0.785	0.718	0.256	0.259	0.039	0.187	0.392	0.039	0.760	0.635	0.218	0.216	0.038
43:39:08	25.0	0.137	0.317	0.510	0.566	0.802	0.162	0.039	0.041	0.233	0.495	0.693	0.700	0.745	0.249	0.318	0.038	0.325	0.531	0.770	0.764	0.641	0.258	0.246	0.038	0.341	0.540	0.647	0.795	0.648	0.271	0.239	0.040	0.217	0.522	0.614	0.786	0.728	0.256	0.259	0.039	0.186	0.390	0.039	0.759	0.644	0.217	0.215	0.038
43:54:51	25.0	0.136	0.315	0.507	0.566	0.929	0.161	0.039	0.041	0.232	0.492	0.693	0.702	0.723	0.249	0.319	0.038	0.323	0.530	0.772	0.767	0.642	0.257	0.246	0.039	0.342	0.538	0.649	0.803	0.655	0.270	0.239	0.040	0.216	0.523	0.611	0.788	0.758	0.255	0.258	0.039	0.185	0.385	0.039	0.758	0.652	0.221	0.213	0.038
44:10:34	25.0	0.136	0.312	0.504	0.563	0.668	0.160	0.039	0.041	0.229	0.492	0.693	0.702	0.739	0.250	0.322	0.038	0.322	0.530	0.774	0.768	0.638	0.257	0.247	0.039	0.341	0.538	0.653	0.799	0.682	0.269	0.240	0.040	0.215	0.521	0.623	0.788	0.724	0.255	0.259	0.039	0.185	0.381	0.039	0.757	0.647	0.217	0.213	0.038
44:26:17	25.1	0.135	0.296	0.498	0.560	0.747	0.158	0.039	0.041	0.226	0.486	0.688	0.699	0.757	0.247	0.321	0.038	0.318	0.521	0.766	0.770	0.640	0.255	0.244	0.038	0.337	0.534	0.652	0.798	0.647	0.267	0.242	0.040	0.212	0.515	0.635	0.783	0.725	0.252	0.257	0.039	0.183	0.376	0.039	0.757	0.652	0.216	0.212	0.038
44:42:00	25.1	0.134	0.291	0.493	0.557	0.620	0.157	0.039	0.041	0.223	0.485	0.688	0.700	0.785	0.247	0.325	0.038	0.319	0.521	0.781	0.768	0.643	0.271	0.244	0.038	0.339	0.533	0.656	0.801	0.673	0.267	0.246	0.040	0.212	0.514	0.647	0.784	0.737	0.251	0.257	0.039	0.183	0.372	0.039	0.756	0.675	0.212	0.210	0.038
44:57:42	25.1	0.134	0.289	0.490	0.557	1.015	0.156	0.039	0.041	0.222	0.484	0.689	0.700	0.727	0.246	0.329	0.038	0.317	0.518	0.772	0.767	0.640	0.290	0.244	0.038	0.337	0.531	0.659	0.803	0.650	0.267	0.247	0.040	0.211	0.515	0.650	0.784	0.716	0.252	0.256	0.039	0.183	0.366	0.039	0.757	0.658	0.213	0.210	0.038
45:13:25	25.1	0.132	0.298	0.492	0.555	0.693	0.155	0.039	0.041	0.221	0.486	0.693	0.704	0.739	0.248	0.332	0.038	0.317	0.526	0.830	0.786	0.657	0.257	0.276	0.038	0.339	0.535	0.671	0.806	0.650	0.268	0.241	0.040	0.212	0.516	0.650	0.792	0.750	0.254	0.259	0.039	0.182	0.364	0.039	0.756	0.661	0.212	0.209	0.038
45:29:08	25.0	0.132	0.295	0.490	0.553	0.651	0.155	0.039	0.041	0.219	0.483	0.693	0.705	0.768	0.245	0.335	0.038	0.318	0.525	0.784	0.776	0.649	0.312	0.247	0.039	0.339	0.535	0.676	0.809	0.652	0.269	0.242	0.040	0.210	0.517	0.681	0.793	0.744	0.253	0.259	0.039	0.182	0.360	0.039	0.757	0.668	0.217	0.207	0.038
45:44:51	25.0	0.131	0.281	0.482	0.548	0.842	0.153	0.039	0.041	0.215	0.479	0.690	0.704	0.743	0.244	0.336	0.038	0.315	0.516	0.776	0.771	0.644	0.260	0.251	0.038	0.335	0.529	0.672	0.808	0.651	0.265	0.240	0.040	0.208	0.509	0.662	0.786	0.722	0.250	0.257	0.039	0.180	0.353	0.039	0.754	0.663	0.214	0.206	0.038
46:00:33	25.0	0.131	0.291	0.487	0.549	0.628	0.153	0.039	0.041	0.218	0.480	0.692	0.703	0.744	0.245	0.346	0.038	0.316	0.524	0.791	0.777	0.644	0.256	0.261	0.039	0.336	0.531	0.686	0.810	0.651	0.268	0.242	0.040	0.208	0.513	0.695	0.795	0.745	0.254	0.259	0.039	0.181	0.349	0.039	0.752	0.668	0.229	0.205	0.038
46:16:16	25.0	0.130	0.277	0.480	0.544	0.795	0.151	0.039	0.041	0.214	0.476	0.691	0.703	0.762	0.244	0.342	0.038	0.312	0.515	0.784	0.775	0.647	0.252	0.258	0.038	0.334	0.528	0.680	0.809	0.652	0.265	0.243	0.040	0.206	0.508	0.689	0.787	0.738	0.250	0.257	0.039	0.178	0.344	0.039	0.750	0.671	0.206	0.205	0.038
46:31:59	25.0	0.129	0.285	0.483	0.546	0.724	0.151	0.039	0.041	0.214	0.477	0.697	0.714	0.787	0.246	0.346	0.038	0.314	0.522	0.793	0.780	0.655	0.284	0.249	0.038	0.336	0.531	0.688	0.813	0.658	0.268	0.244	0.040	0.208	0.510	0.730	0.796	0.763	0.252	0.259	0.039	0.178	0.343	0.039	0.750	0.670	0.213	0.204	0.038
46:47:42	25.0	0.129	0.281	0.478	0.544	1.109	0.149	0.039	0.041	0.209	0.469	0.690	0.702	0.764	0.241	0.347	0.038	0.311	0.508	0.776	0.773	0.659	0.249	0.249	0.038	0.331	0.521	0.678	0.810	0.658	0.263	0.241	0.039	0.204	0.496	0.709	0.782	0.739	0.247	0.255	0.039	0.176	0.334	0.039	0.748	0.673	0.207	0.202	0.038
47:03:25	25.0	0.129	0.280	0.478	0.538	0.764	0.149	0.039	0.041	0.211	0.475	0.698	0.708	0.766	0.243	0.353	0.038	0.313	0.522	0.793	0.783	0.678	0.253	0.250	0.038	0.335	0.530	0.694	0.815	0.665	0.267	0.244	0.040	0.205	0.509	0.716	0.798	0.763	0.253	0.259	0.039	0.176	0.333	0.039	0.746	0.671	0.202	0.201	0.038
47:19:08	25.0	0.127	0.277	0.477	0.537	0.660	0.148	0.039	0.041	0.210	0.475	0.700	0.711	0.768	0.243	0.355	0.038	0.311	0.521	0.872	0.784	0.657	0.254	0.251	0.039	0.334	0.528	0.698	0.815	0.678	0.266	0.254	0.040	0.203	0.509	0.783	0.799	0.744	0.251	0.259	0.039	0.175	0.330	0.039	0.744	0.670	0.207	0.201	0.038
47:34:50	25.0	0.127	0.275	0.474	0.539	0.790	0.147	0.039	0.041	0.205	0.467	0.694	0.710	0.800	0.241	0.356	0.038	0.308	0.505	0.805	0.783	0.657	0.254	0.256	0.038	0.330	0.518	0.685	0.813	0.663	0.262	0.243	0.040	0.201	0.492	0.719	0.783	0.755	0.246	0.256	0.039	0.174	0.322	0.039	0.743	0.672	0.205	0.200	0.038
47:50:33	25.0	0.125	0.266	0.469	0.529	1.012	0.147	0.039	0.041	0.205	0.469	0.701	0.703	0.812	0.242	0.359	0.038	0.307	0.510	0.795	0.780	0.659	0.251	0.251	0.038	0.330	0.522	0.696	0.815	0.674	0.264	0.245	0.040	0.201	0.501	0.732	0.791	0.776	0.248	0.257	0.039	0.174	0.320	0.039	0.742	0.673	0.207	0.199	0.038
48:06:16	25.0	0.125	0.271	0.472	0.532	0.718	0.146	0.039	0.041	0.208	0.470	0.704	0.709	0.825	0.240	0.363	0.038	0.304	0.519	0.809	0.784	0.689	0.252	0.256	0.038	0.332	0.527	0.707	0.819	0.682	0.265	0.248	0.039	0.203	0.504	0.737	0.800	0.751	0.250	0.259	0.039	0.174	0.321	0.039	0.740	0.671	0.213	0.197	0.038
48:21:59	25.0	0.124	0.270	0.472	0.531	0.649	0.146	0.039	0.041	0.205	0.469	0.709	0.707	0.797	0.241	0.366	0.038	0.305	0.518	0.813	0.785	0.669	0.253	0.257	0.038	0.331	0.526	0.709	0.820	0.688	0.265	0.256	0.040	0.202	0.506	0.756	0.797	0.757	0.250	0.259	0.039	0.172	0.317	0.039	0.738	0.669	0.196	0.197	0.038
48:37:41	25.1	0.123	0.261	0.468	0.523	0.733	0.145	0.039	0.041	0.202	0.465	0.704	0.703	0.823	0.239	0.366	0.038	0.304	0.510	0.879	0.782	0.678	0.249	0.256	0.038	0.329	0.522	0.703	0.829	0.690	0.263	0.248	0.040	0.200	0.499	0.779	0.791	0.759	0.247	0.257	0.039	0.172	0.312	0.039	0.736	0.664	0.195	0.195	0.038
48:53:24	25.1	0.123	0.260	0.466	0.519	0.670	0.145	0.039	0.041	0.203	0.463	0.707	0.703	0.795	0.241	0.369	0.038	0.301	0.507	0.805	0.782	0.677	0.249	0.256	0.038	0.330	0.522	0.708	0.830	0.692	0.262	0.249	0.039	0.199	0.499	0.764	0.791	0.753	0.246	0.257	0.039	0.170	0.308	0.039	0.734	0.689	0.204	0.195	0.038
49:09:07	25.1	0.122	0.258	0.465	0.517	0.671	0.144	0.039	0.041	0.201	0.462	0.706	0.703	0.824	0.240	0.371	0.038	0.300	0.507	0.857	0.783	0.679	0.249	0.257	0.038	0.329	0.520	0.710	0.818	0.710	0.262	0.250	0.040	0.199	0.495	0.754	0.791	0.756	0.246	0.257	0.039	0.171	0.305	0.039	0.731	0.664	0.192	0.194	0.038
49:24:50	25.1	0.122	0.258	0.463	0.515	0.900	0.143	0.040	0.041	0.200	0.464	0.708	0.704	0.883	0.239	0.374	0.038	0.298	0.507	0.812	0.783	0.681	0.249	0.257	0.038	0.329	0.520	0.713	0.819	0.720	0.262	0.255	0.039	0.198	0.497	0.770	0.792	0.754	0.245	0.257	0.039	0.169	0.303	0.039	0.729	0.668	0.196	0.193	0.038
49:40:32	25.1	0.120	0.255	0.461	0.512	0.593	0.143	0.039	0.041	0.200	0.459	0.710	0.702	0.833	0.238	0.375	0.038	0.300	0.505	0.809	0.784	0.690	0.252	0.259	0.038	0.328	0.519	0.715	0.820	0.705	0.261	0.251	0.040	0.198	0.494	0.816	0.792	0.788	0.245	0.257	0.039	0.169	0.300	0.039	0.726	0.661	0.200	0.193	0.038
49:56:15	25.0	0.119	0.254	0.460	0.509	0.737	0.142	0.039	0.041	0.198	0.458	0.713	0.703	0.849	0.238	0.377	0.038	0.298	0.506	0.807	0.785	0.694	0.248	0.260	0.038	0.329	0.519	0.717	0.821	0.717	0.261	0.257	0.040	0.198	0.494	0.766	0.791	0.786	0.243	0.257	0.039	0.167	0.300	0.039	0.724	0.663	0.189	0.192	0.038
50:11:58	25.0	0.120	0.255	0.459	0.512	0.695	0.141	0.041	0.041	0.201	0.461	0.717	0.707	0.818	0.238	0.378	0.038	0.297	0.513	0.825	0.789	0.726	0.251	0.263	0.038	0.328	0.522	0.727	0.823	0.730	0.264	0.255	0.039	0.198	0.497	0.809	0.799	0.793	0.246	0.258	0.039	0.167	0.300	0.039	0.722	0.673	0.189	0.191	0.038
50:27:41	25.1	0.119	0.255	0.458	0.509	0.590	0.141	0.039	0.041	0.200	0.457	0.719	0.707	0.828	0.237	0.377	0.038	0.296	0.513	0.820	0.789	0.706	0.249	0.264	0.038	0.327	0.520	0.728	0.823	0.722	0.262	0.256	0.040	0.198	0.497	0.794	0.801	0.777	0.244	0.258	0.039	0.166	0.298	0.039	0.717	0.657	0.193	0.191	0.038
50:43:24	25.0	0.119	0.254	0.457	0.505	0.887	0.140	0.039	0.041	0.199	0.459	0.722	0.714	0.854	0.237	0.378	0.038	0.296	0.510	0.829	0.788	0.714	0.249	0.265	0.038	0.328	0.521	0.731	0.826	0.730	0.262	0.257	0.040	0.198	0.495	0.819	0.801	0.793	0.244	0.259	0.039	0.166	0.296	0.039	0.715	0.657	0.186	0.189	0.038
50:59:06	25.1	0.117	0.249	0.455	0.501	0.794	0.139	0.039	0.041	0.196	0.453	0.721	0.701	0.827	0.239	0.377	0.038	0.292	0.502	0.844	0.784	0.744	0.246	0.265	0.038	0.328	0.514	0.724	0.822	0.752	0.259	0.255	0.041	0.196	0.490	0.813	0.793	0.766	0.241	0.257	0.039	0.164	0.292	0.039	0.713	0.654	0.186	0.188	0.038
51:14:49	25.1	0.117	0.250	0.456	0.502	0.615	0.139	0.046	0.041	0.196	0.456	0.726	0.704	0.841	0.235	0.380	0.038	0.293	0.510	0.834	0.792	0.742	0.248	0.266	0.038	0.329	0.519	0.737	0.825	0.736	0.261	0.258	0.040	0.197	0.494	0.810	0.801	0.803	0.242	0.259	0.039	0.164	0.293	0.039	0.710	0.652	0.185	0.188	0.038
51:30:32	25.1	0.117	0.249	0.453	0.499	0.650	0.139	0.039	0.041	0.196	0.454	0.729	0.707	0.848	0.235	0.376	0.038	0.296	0.509	0.923	0.794	0.730	0.247	0.282	0.038	0.328	0.518	0.737	0.825	0.744	0.262	0.260	0.041	0.197	0.492	0.826	0.800	0.774	0.241	0.259	0.039	0.164	0.291	0.039	0.706	0.649	0.187	0.187	0.038
51:46:15	25.1	0.117	0.250	0.452	0.498	0.650	0.138	0.039	0.041	0.195	0.450	0.731	0.704	0.850	0.235	0.375	0.038	0.293	0.508	0.838	0.789	0.743	0.246	0.269	0.038	0.328	0.517	0.739	0.826	0.758	0.260	0.259	0.044	0.196	0.492	0.819	0.800	0.773	0.241	0.259	0.039	0.163	0.291	0.039	0.703	0.646	0.180	0.187	0.038
52:01:58	25.1	0.115	0.247	0.452	0.496	0.828	0.137	0.039	0.041	0.195	0.451	0.733	0.704	0.851	0.234	0.372	0.038	0.293	0.508	0.841	0.797	0.737	0.246	0.270	0.038	0.327	0.518	0.739	0.828	0.754	0.258	0.262	0.039	0.196	0.490	0.827	0.801	0.798	0.241	0.259	0.039	0.161	0.289	0.039	0.700	0.645	0.176	0.186	0.038
52:17:40	25.1	0.115	0.242	0.451	0.493	0.600	0.137	0.039	0.041	0.200	0.449	0.733	0.705	0.871	0.232	0.372	0.038	0.292	0.500	0.826	0.787	0.738	0.242	0.270	0.038	0.327	0.512	0.735	0.824	0.786	0.256	0.258	0.040	0.195	0.486	0.832	0.794	0.776	0.238	0.257	0.039	0.161	0.285	0.039	0.696	0.641	0.175	0.185	0.038
52:33:23	25.1	0.114	0.246	0.451	0.491	0.598	0.136	0.039	0.041	0.197	0.449	0.739	0.706	0.874	0.232	0.370	0.038	0.290	0.506	0.840	0.793	0.745	0.244	0.279	0.038	0.327	0.516	0.744	0.828	0.756	0.258	0.261	0.039	0.196	0.489	0.826	0.800	0.787	0.239	0.258	0.039	0.160	0.286	0.039	0.692	0.638	0.175	0.185	0.038
52:49:06	25.1	0.115	0.240	0.450	0.490	0.597	0.135	0.039	0.041	0.197	0.446	0.735	0.702	0.867	0.232	0.368	0.038	0.291	0.497	0.829	0.792	0.779	0.243	0.271	0.038	0.328	0.510	0.741	0.827	0.762	0.254	0.262	0.043	0.195	0.483	0.814	0.794	0.788	0.236	0.257	0.039	0.158	0.283	0.039	0.688	0.636	0.178	0.184	0.038
53:04:49	25.1	0.114	0.243	0.450	0.487	0.764	0.135	0.039	0.041	0.197	0.446	0.742	0.709	0.891	0.231	0.365	0.038	0.290	0.505	0.840	0.791	0.757	0.251	0.276	0.038	0.327	0.514	0.751	0.833	0.781	0.255	0.264	0.039	0.195	0.488	0.834	0.800	0.805	0.238	0.259	0.039	0.157	0.284	0.039	0.686	0.632	0.172	0.184	0.038
53:20:31	25.1	0.114	0.243	0.450	0.485	0.636	0.134	0.039	0.041	0.194	0.440	0.739	0.700	0.881	0.231	0.364	0.038	0.291	0.490	0.834	0.782	0.792	0.237	0.270	0.038	0.327	0.504	0.736	0.824	0.779	0.251	0.262	0.040	0.193	0.474	0.829	0.785	0.788	0.234	0.256	0.039	0.157	0.281	0.039	0.680	0.629	0.170	0.183	0.038
53:36:14	25.1	0.115	0.241	0.447	0.486	0.647	0.134	0.039	0.041	0.194	0.442	0.746	0.701	0.872	0.230	0.363	0.038	0.292	0.504	0.889	0.794	0.763	0.241	0.277	0.038	0.330	0.512	0.756	0.829	0.796	0.254	0.266	0.040	0.194	0.486	0.833	0.799	0.808	0.238	0.258	0.039	0.156	0.282	0.039	0.677	0.627	0.182	0.183	0.038
53:51:57	25.0	0.113	0.238	0.447	0.484	0.813	0.133	0.039	0.041	0.199	0.442	0.750	0.704	0.865	0.229	0.360	0.038	0.291	0.502	0.845	0.791	0.768	0.241	0.279	0.038	0.330	0.510	0.756	0.829	0.784	0.254	0.268	0.039	0.194	0.483	0.835	0.800	0.790	0.237	0.258	0.039	0.154	0.280	0.039	0.673	0.624	0.168	0.182	0.038
54:07:40	25.0	0.113	0.233	0.447	0.482	0.726	0.133	0.039	0.041	0.192	0.438	0.750	0.716	0.886	0.229	0.358	0.038	0.289	0.495	0.827	0.793	0.769	0.237	0.277	0.038	0.331	0.507	0.749	0.826	0.781	0.250	0.266	0.040	0.193	0.479	0.834	0.792	0.811	0.235	0.257	0.039	0.154	0.279	0.039	0.669	0.621	0.167	0.181	0.038
54:23:23	25.0	0.111	0.237	0.446	0.480	0.620	0.132	0.039	0.041	0.197	0.439	0.754	0.703	0.881	0.228	0.357	0.038	0.292	0.503	0.850	0.793	0.791	0.239	0.281	0.038	0.331	0.511	0.760	0.832	0.817	0.253	0.269	0.040	0.194	0.481	0.801	0.800	0.785	0.236	0.258	0.039	0.153	0.278	0.039	0.665	0.619	0.169	0.181	0.038
54:39:06	25.1	0.112	0.231	0.446	0.480	0.759	0.132	0.039	0.041	0.195	0.435	0.755	0.700	0.902	0.227	0.356	0.038	0.290	0.492	0.836	0.789	0.775	0.239	0.281	0.038	0.332	0.506	0.753	0.829	0.788	0.250	0.268	0.040	0.193	0.476	0.832	0.791	0.794	0.234	0.257	0.039	0.152	0.276	0.039	0.660	0.618	0.165	0.180	0.038
54:54:49	25.1	0.112	0.231	0.446	0.476	0.595	0.131	0.039	0.041	0.197	0.434	0.756	0.710	0.868	0.225	0.353	0.038	0.290	0.492	0.840	0.788	0.779	0.236	0.281	0.038	0.334	0.506	0.757	0.830	0.799	0.249	0.271	0.039	0.193	0.477	0.796	0.792	0.798	0.233	0.257	0.039	0.151	0.276	0.039	0.656	0.612	0.164	0.180	0.038
55:10:32	25.1	0.111	0.231	0.445	0.491	0.563	0.131	0.039	0.041	0.196	0.432	0.760	0.701	0.900	0.224	0.349	0.038	0.292	0.499	0.851	0.793	0.787	0.237	0.284	0.038	0.334	0.508	0.766	0.831	0.812	0.251	0.274	0.040	0.193	0.477	0.831	0.798	0.794	0.235	0.258	0.039	0.149	0.276	0.039	0.653	0.611	0.165	0.180	0.038
55:26:14	25.1	0.110	0.233	0.445	0.474	0.572	0.130	0.039	0.041	0.196	0.428	0.758	0.699	0.879	0.224	0.350	0.038	0.293	0.486	0.832	0.786	0.799	0.234	0.282	0.038	0.335	0.497	0.753	0.829	0.797	0.247	0.271	0.039	0.191	0.466	0.827	0.787	0.782	0.231	0.255	0.039	0.148	0.274	0.039	0.647	0.606	0.161	0.179	0.038
55:41:57	25.1	0.113	0.228	0.445	0.471	1.079	0.130	0.039	0.041	0.195	0.430	0.764	0.701	0.875	0.223	0.347	0.038	0.293	0.490	0.843	0.791	0.793	0.291	0.286	0.038	0.395	0.504	0.762	0.829	0.799	0.248	0.273	0.039	0.192	0.472	0.846	0.791	0.800	0.233	0.257	0.039	0.148	0.274	0.039	0.643	0.605	0.161	0.179	0.038
55:57:40	25.1	0.109	0.228	0.443	0.470	0.570	0.129	0.039	0.041	0.199	0.429	0.769	0.703	0.907	0.227	0.344	0.038	0.295	0.497	0.856	0.797	0.796	0.244	0.289	0.038	0.340	0.505	0.770	0.833	0.810	0.250	0.276	0.040	0.193	0.474	0.849	0.798	0.808	0.235	0.258	0.039	0.146	0.274	0.039	0.640	0.602	0.160	0.179	0.038
56:13:23	25.1	0.109	0.227	0.442	0.469	0.643	0.128	0.039	0.041	0.198	0.427	0.771	0.703	0.913	0.221	0.343	0.038	0.298	0.497	0.857	0.794	0.827	0.238	0.290	0.038	0.363	0.506	0.772	0.834	0.816	0.251	0.278	0.039	0.193	0.472	0.852	0.798	0.788	0.235	0.258	0.039	0.145	0.274	0.039	0.637	0.601	0.160	0.178	0.038
56:29:06	25.1	0.109	0.227	0.442	0.467	0.566	0.128	0.039	0.042	0.199	0.426	0.773	0.702	0.906	0.227	0.342	0.038	0.301	0.496	0.856	0.796	0.839	0.239	0.292	0.040	0.343	0.504	0.773	0.835	0.814	0.250	0.280	0.039	0.192	0.473	0.839	0.798	0.807	0.234	0.258	0.039	0.144	0.272	0.039	0.634	0.598	0.159	0.177	0.038
56:44:48	25.1	0.108	0.225	0.441	0.466	0.554	0.127	0.039	0.041	0.199	0.421	0.775	0.705	0.912	0.221	0.341	0.038	0.303	0.495	0.856	0.796	0.817	0.237	0.293	0.038	0.345	0.504	0.777	0.836	0.818	0.250	0.282	0.039	0.192	0.473	0.846	0.798	0.790	0.234	0.257	0.039	0.143	0.271	0.039	0.629	0.595	0.158	0.177	0.038
57:00:31	25.1	0.110	0.222	0.442	0.464	0.587	0.127	0.039	0.041	0.201	0.420	0.775	0.700	0.872	0.219	0.339	0.038	0.302	0.487	0.943	0.793	0.805	0.236	0.294	0.038	0.350	0.498	0.768	0.832	0.813	0.248	0.281	0.040	0.192	0.468	0.855	0.790	0.802	0.232	0.257	0.039	0.143	0.269	0.039	0.624	0.595	0.156	0.176	0.038
57:16:14	25.2	0.107	0.223	0.441	0.464	0.554	0.126	0.042	0.041	0.203	0.420	0.779	0.705	0.879	0.218	0.336	0.038	0.307	0.492	0.856	0.796	0.813	0.240	0.296	0.038	0.351	0.503	0.779	0.836	0.819	0.250	0.285	0.040	0.192	0.470	0.849	0.797	0.800	0.233	0.256	0.039	0.141	0.269	0.039	0.623	0.592	0.156	0.177	0.038
57:31:57	25.2	0.107	0.222	0.440	0.463	0.551	0.126	0.039	0.041	0.203	0.419	0.782	0.706	0.915	0.217	0.334	0.038	0.310	0.491	0.857	0.796	0.817	0.238	0.297	0.038	0.353	0.500	0.779	0.836	0.821	0.250	0.286	0.040	0.192	0.468	0.850	0.796	0.801	0.234	0.257	0.039	0.140	0.268	0.039	0.619	0.589	0.155	0.176	0.038
57:47:40	25.3	0.106	0.219	0.439	0.460	1.018	0.125	0.039	0.041	0.202	0.414	0.784	0.703	0.906	0.216	0.334	0.038	0.313	0.484	0.890	0.792	0.810	0.235	0.297	0.038	0.354	0.497	0.776	0.837	0.822	0.248	0.286	0.039	0.191	0.464	0.876	0.789	0.785	0.231	0.256	0.039	0.140	0.266	0.039	0.615	0.587	0.154	0.175	0.038
58:03:22	25.3	0.105	0.218	0.439	0.460	0.556	0.125	0.039	0.041	0.204	0.416	0.787	0.699	0.886	0.216	0.331	0.038	0.314	0.483	0.847	0.798	0.835	0.234	0.299	0.038	0.360	0.495	0.776	0.838	0.823	0.247	0.287	0.039	0.191	0.461	0.866	0.788	0.788	0.231	0.256	0.039	0.139	0.265	0.039	0.611	0.586	0.153	0.175	0.038
58:19:05	25.3	0.104	0.215	0.438	0.457	0.551	0.124	0.039	0.041	0.207	0.414	0.789	0.702	0.888	0.215	0.329	0.038	0.318	0.483	0.851	0.793	0.841	0.249	0.301	0.038	0.363	0.495	0.779	0.835	0.828	0.249	0.290	0.040	0.190	0.462	0.889	0.788	0.796	0.230	0.256	0.039	0.137	0.264	0.039	0.607	0.583	0.153	0.175	0.038
58:34:48	25.4	0.104	0.217	0.438	0.457	0.554	0.123	0.039	0.041	0.208	0.411	0.792	0.705	0.875	0.215	0.327	0.038	0.325	0.489	0.862	0.798	0.853	0.237	0.304	0.038	0.366	0.497	0.784	0.842	0.833	0.249	0.291	0.040	0.191	0.463	0.889	0.796	0.801	0.233	0.257	0.039	0.137	0.265	0.039	0.605	0.583	0.153	0.175	0.038
58:50:31	25.4	0.103	0.216	0.437	0.455	0.551	0.123	0.039	0.041	0.210	0.409	0.793	0.705	0.917	0.214	0.325	0.038	0.329	0.486	0.865	0.798	0.829	0.237	0.306	0.038	0.372	0.495	0.787	0.838	0.835	0.250	0.294	0.040	0.190	0.463	0.882	0.795	0.817	0.233	0.257	0.039	0.136	0.264	0.039	0.603	0.582	0.152	0.175	0.038
59:06:14	25.4	0.103	0.216	0.438	0.456	0.551	0.122	0.039	0.041	0.214	0.405	0.793	0.697	0.908	0.213	0.323	0.038	0.329	0.474	0.838	0.789	0.825	0.243	0.305	0.038	0.371	0.487	0.774	0.832	0.829	0.246	0.292	0.039	0.189	0.452	0.882	0.783	0.797	0.229	0.255	0.039	0.134	0.261	0.039	0.597	0.578	0.150	0.174	0.038

Results
	1	2	3	4	5	6	7	8
A	-4.032	8.408	2.303	6.338	-33.561	-1.280	-0.471	-0.076	Max V [600]
	1.000	1.000	1.000	1.000	1.000	1.000	1.000	1.000	R-Squared [600]
	36:58:27	36:58:27	19:46:17	22:39:07	20:17:42	36:58:27	51:22:41	56:36:57	t at Max V [600]
	37:36:56	36:22:27	15:41:04	21:18:16	20:37:50	38:56:31	51:29:16	56:31:43	Lagtime [600]
B	5.025	15.522	2.984	-4.809	5.720	3.516	1.043	-0.025	Max V [600]
	1.000	1.000	1.000	1.000	1.000	1.000	1.000	1.000	R-Squared [600]
	36:58:27	36:58:27	18:27:43	36:58:27	20:02:00	36:58:27	38:32:44	41:57:00	t at Max V [600]
	36:15:56	36:36:04	15:24:19	38:52:27	18:47:21	36:05:24	35:05:09	41:53:05	Lagtime [600]
C	8.841	18.299	19.253	-2.758	6.840	-4.008	-2.019	-0.076	Max V [600]
	1.000	1.000	1.000	1.000	1.000	1.000	1.000	1.000	R-Squared [600]
	36:58:27	36:58:27	12:57:46	36:58:27	13:13:29	22:54:50	36:58:27	56:36:57	t at Max V [600]
	36:32:30	36:40:44	12:43:53	40:40:51	12:16:59	24:04:36	38:40:24	56:40:53	Lagtime [600]
D	7.611	18.096	2.042	-2.548	4.815	1.311	3.347	-0.280	Max V [600]
	1.000	1.000	1.000	1.000	1.000	1.000	1.000	1.000	R-Squared [600]
	36:58:27	36:58:27	9:33:30	36:58:27	36:58:27	6:09:14	6:24:57	51:54:07	t at Max V [600]
	36:27:20	36:38:04	8:37:36	40:59:53	35:14:54	3:53:53	6:06:50	52:00:32	Lagtime [600]
E	1.005	16.019	-6.866	-1.783	7.190	1.667	-2.115	-0.013	Max V [600]
	1.000	1.000	1.000	1.000	1.000	1.000	1.000	1.000	R-Squared [600]
	25:31:58	36:58:27	36:58:27	36:58:27	19:30:34	6:09:14	36:58:27	39:35:35	t at Max V [600]
	23:56:52	36:35:25	37:53:48	43:08:58	18:22:19	4:31:30	38:45:17	39:19:53	Lagtime [600]
F	-7.631	4.083	0.013	1.203	2.688	-3.885	-4.752	-0.006	Max V [600]
	1.000	1.000	1.000	1.000	1.000	1.000	1.000	1.000	R-Squared [600]
	36:58:27	36:58:27	17:09:09	9:49:13	12:26:20	36:58:27	36:58:27	39:35:35	t at Max V [600]
	37:26:24	35:27:18	17:17:00	6:41:29	10:25:03	37:57:03	37:44:56	38:40:38	Lagtime [600]

