

Software Version	3.03.14



Experiment File Path:	C:\Users\Public\Documents\Experiments\Task2_48hr_48well_discon_171128_170113.xpt
Protocol File Path:	C:\Users\Public\Documents\Protocols\Task2_48hr_48well_discon.prt



Plate Number	Plate 1
Date	11/28/2017
Time	5:01:36 PM
Reader Type:	Synergy H1
Reader Serial Number:	1706221C
Reading Type	Reader

Procedure Details

Plate Type	Costar 48 well
Discontinuous Kinetics	Runtime 2:00:15 (D:HH:MM), Interval 0:00:15, 194 Reads
Set Temperature	Setpoint 25°C
	Preheat before moving to next step
Read	Absorbance Endpoint
	Full Plate
	Wavelengths:  600
	Read Speed: Normal,  Delay: 100 msec,  Measurements/Data Point: 8
Shake	Linear: 15:00 (MM:SS)
	Frequency: 567 cpm (3 mm)

Layout
	1	2	3	4	5	6	7	8
A	SPL1	SPL7	SPL13	SPL19	SPL25	SPL31	SPL37	SPL43	Well ID
B	SPL2	SPL8	SPL14	SPL20	SPL26	SPL32	SPL38	SPL44	Well ID
C	SPL3	SPL9	SPL15	SPL21	SPL27	SPL33	SPL39	SPL45	Well ID
D	SPL4	SPL10	SPL16	SPL22	SPL28	SPL34	SPL40	SPL46	Well ID
E	SPL5	SPL11	SPL17	SPL23	SPL29	SPL35	SPL41	SPL47	Well ID
F	SPL6	SPL12	SPL18	SPL24	SPL30	SPL36	SPL42	SPL48	Well ID

600

Time	T° 600	A1	A2	A3	A4	A5	A6	A7	A8	B1	B2	B3	B4	B5	B6	B7	B8	C1	C2	C3	C4	C5	C6	C7	C8	D1	D2	D3	D4	D5	D6	D7	D8	E1	E2	E3	E4	E5	E6	E7	E8	F1	F2	F3	F4	F5	F6	F7	F8
0:00:00	25.0	0.043	0.041	0.043	0.048	0.042	0.040	0.044	0.043	0.042	0.042	0.046	0.039	0.044	0.041	0.042	0.039	0.043	0.040	0.055	0.048	0.039	0.039	0.045	0.047	0.040	0.048	0.040	0.039	0.048	0.040	0.040	0.040	0.041	0.042	0.042	0.041	0.040	0.046	0.043	0.040	0.039	0.060	0.049	0.042	0.046	0.092	0.044	0.039
0:15:43	25.0	0.046	0.044	0.045	0.047	0.045	0.044	0.045	0.044	0.044	0.046	0.043	0.048	0.047	0.048	0.047	0.039	0.047	0.044	0.049	0.048	0.044	0.045	0.046	0.043	0.044	0.056	0.043	0.039	0.050	0.049	0.047	0.040	0.046	0.043	0.045	0.048	0.044	0.050	0.048	0.044	0.039	0.047	0.043	0.048	0.046	0.049	0.048	0.039
0:31:26	25.0	0.046	0.044	0.045	0.047	0.045	0.044	0.045	0.044	0.044	0.046	0.043	0.049	0.047	0.048	0.047	0.038	0.047	0.044	0.049	0.048	0.044	0.045	0.045	0.043	0.044	0.055	0.043	0.039	0.050	0.049	0.048	0.040	0.046	0.043	0.045	0.047	0.044	0.050	0.048	0.044	0.039	0.047	0.043	0.048	0.046	0.049	0.048	0.039
0:47:08	25.1	0.046	0.044	0.045	0.047	0.045	0.045	0.045	0.044	0.044	0.046	0.043	0.048	0.047	0.049	0.048	0.039	0.047	0.044	0.049	0.049	0.044	0.045	0.046	0.043	0.044	0.055	0.043	0.039	0.050	0.049	0.048	0.040	0.046	0.043	0.045	0.047	0.045	0.050	0.048	0.044	0.041	0.047	0.043	0.048	0.046	0.049	0.049	0.039
1:02:51	25.0	0.046	0.044	0.045	0.047	0.045	0.045	0.045	0.044	0.044	0.046	0.043	0.048	0.048	0.049	0.048	0.039	0.047	0.044	0.049	0.049	0.044	0.046	0.046	0.043	0.044	0.055	0.043	0.039	0.050	0.049	0.048	0.040	0.047	0.044	0.045	0.048	0.045	0.050	0.048	0.044	0.039	0.047	0.043	0.049	0.047	0.049	0.049	0.039
1:18:33	25.1	0.047	0.044	0.046	0.047	0.045	0.045	0.045	0.044	0.044	0.047	0.043	0.049	0.048	0.049	0.048	0.039	0.047	0.044	0.049	0.049	0.044	0.046	0.046	0.044	0.044	0.056	0.043	0.039	0.050	0.049	0.048	0.040	0.047	0.044	0.045	0.048	0.045	0.050	0.048	0.045	0.039	0.047	0.043	0.049	0.047	0.049	0.049	0.039
1:34:16	25.0	0.047	0.045	0.046	0.048	0.045	0.045	0.045	0.044	0.044	0.047	0.043	0.049	0.048	0.049	0.048	0.038	0.048	0.045	0.049	0.050	0.044	0.046	0.046	0.044	0.044	0.056	0.043	0.039	0.050	0.049	0.048	0.040	0.047	0.044	0.045	0.048	0.045	0.050	0.048	0.044	0.039	0.047	0.043	0.049	0.047	0.049	0.049	0.039
1:49:58	25.0	0.047	0.045	0.046	0.048	0.046	0.045	0.046	0.044	0.044	0.047	0.043	0.049	0.048	0.050	0.048	0.038	0.048	0.045	0.050	0.050	0.044	0.046	0.046	0.044	0.044	0.056	0.043	0.039	0.050	0.050	0.049	0.040	0.047	0.044	0.046	0.048	0.046	0.051	0.048	0.045	0.039	0.047	0.043	0.049	0.047	0.049	0.049	0.039
2:05:41	25.0	0.048	0.045	0.046	0.049	0.046	0.045	0.046	0.045	0.044	0.047	0.043	0.050	0.048	0.050	0.048	0.038	0.049	0.045	0.050	0.050	0.045	0.047	0.047	0.044	0.044	0.056	0.043	0.039	0.051	0.050	0.049	0.040	0.048	0.045	0.046	0.049	0.046	0.051	0.049	0.045	0.039	0.048	0.043	0.050	0.047	0.050	0.049	0.039
2:21:23	25.0	0.048	0.045	0.047	0.049	0.047	0.046	0.046	0.045	0.044	0.047	0.043	0.050	0.048	0.050	0.049	0.038	0.049	0.045	0.051	0.051	0.045	0.047	0.047	0.044	0.045	0.056	0.043	0.039	0.051	0.050	0.049	0.040	0.048	0.045	0.046	0.049	0.046	0.051	0.049	0.045	0.039	0.048	0.044	0.050	0.047	0.050	0.050	0.039
2:37:06	25.0	0.049	0.046	0.047	0.049	0.047	0.046	0.046	0.045	0.045	0.048	0.043	0.050	0.049	0.050	0.049	0.038	0.049	0.046	0.051	0.051	0.045	0.048	0.047	0.044	0.045	0.057	0.043	0.039	0.051	0.050	0.049	0.040	0.049	0.045	0.047	0.049	0.047	0.051	0.049	0.045	0.039	0.048	0.044	0.050	0.048	0.050	0.050	0.039
2:52:48	25.1	0.049	0.046	0.047	0.050	0.047	0.046	0.046	0.045	0.045	0.048	0.043	0.050	0.049	0.050	0.049	0.038	0.050	0.046	0.051	0.052	0.045	0.048	0.047	0.045	0.045	0.057	0.043	0.039	0.051	0.051	0.049	0.040	0.049	0.046	0.047	0.050	0.047	0.052	0.049	0.046	0.039	0.049	0.044	0.050	0.048	0.051	0.050	0.039
3:08:31	25.0	0.049	0.046	0.048	0.050	0.048	0.046	0.047	0.045	0.045	0.048	0.043	0.050	0.049	0.050	0.049	0.038	0.050	0.046	0.052	0.052	0.046	0.048	0.047	0.045	0.045	0.058	0.044	0.039	0.052	0.051	0.050	0.040	0.050	0.046	0.047	0.050	0.047	0.052	0.049	0.046	0.039	0.049	0.044	0.050	0.048	0.051	0.051	0.039
3:24:13	25.1	0.050	0.047	0.048	0.051	0.048	0.047	0.047	0.046	0.045	0.049	0.044	0.051	0.049	0.050	0.049	0.038	0.051	0.047	0.052	0.052	0.046	0.048	0.048	0.045	0.045	0.058	0.044	0.039	0.052	0.051	0.050	0.040	0.050	0.047	0.048	0.050	0.047	0.052	0.050	0.046	0.039	0.049	0.044	0.050	0.049	0.051	0.051	0.039
3:39:55	25.0	0.050	0.047	0.049	0.051	0.048	0.047	0.047	0.046	0.045	0.049	0.044	0.051	0.050	0.051	0.050	0.038	0.051	0.047	0.052	0.053	0.046	0.049	0.048	0.045	0.046	0.058	0.044	0.039	0.052	0.051	0.050	0.040	0.051	0.047	0.048	0.051	0.048	0.052	0.050	0.046	0.039	0.049	0.044	0.050	0.049	0.051	0.051	0.039
3:55:38	25.1	0.050	0.047	0.049	0.051	0.048	0.047	0.047	0.046	0.046	0.049	0.044	0.051	0.050	0.051	0.050	0.038	0.051	0.047	0.053	0.053	0.047	0.049	0.049	0.046	0.046	0.059	0.044	0.039	0.052	0.052	0.050	0.040	0.051	0.047	0.049	0.052	0.048	0.053	0.050	0.047	0.039	0.050	0.044	0.051	0.049	0.052	0.051	0.039
4:11:20	25.1	0.051	0.048	0.049	0.052	0.049	0.048	0.048	0.046	0.046	0.050	0.044	0.052	0.050	0.051	0.050	0.038	0.052	0.048	0.054	0.054	0.047	0.049	0.049	0.046	0.046	0.059	0.044	0.039	0.053	0.052	0.050	0.040	0.051	0.047	0.049	0.052	0.048	0.053	0.050	0.047	0.039	0.050	0.044	0.051	0.050	0.052	0.051	0.039
4:27:03	25.1	0.051	0.048	0.050	0.053	0.049	0.048	0.048	0.047	0.046	0.050	0.044	0.052	0.050	0.051	0.051	0.038	0.053	0.048	0.054	0.055	0.047	0.050	0.049	0.046	0.047	0.060	0.044	0.039	0.053	0.052	0.051	0.040	0.052	0.048	0.049	0.052	0.049	0.053	0.051	0.047	0.039	0.051	0.044	0.051	0.050	0.052	0.052	0.039
4:42:45	25.1	0.051	0.048	0.050	0.053	0.049	0.048	0.048	0.048	0.046	0.051	0.044	0.052	0.051	0.052	0.051	0.038	0.053	0.048	0.054	0.055	0.047	0.050	0.050	0.047	0.047	0.060	0.044	0.039	0.053	0.052	0.051	0.040	0.052	0.048	0.049	0.053	0.049	0.054	0.051	0.048	0.039	0.051	0.044	0.051	0.050	0.052	0.052	0.039
4:58:28	25.1	0.052	0.049	0.051	0.054	0.050	0.049	0.049	0.047	0.047	0.051	0.044	0.052	0.051	0.052	0.051	0.038	0.053	0.048	0.055	0.056	0.048	0.051	0.050	0.047	0.047	0.061	0.044	0.039	0.053	0.053	0.051	0.040	0.053	0.049	0.050	0.053	0.049	0.054	0.051	0.048	0.039	0.052	0.045	0.052	0.050	0.053	0.052	0.039
5:14:11	25.1	0.052	0.049	0.051	0.054	0.050	0.049	0.049	0.047	0.047	0.052	0.045	0.052	0.051	0.052	0.051	0.038	0.054	0.049	0.055	0.056	0.048	0.051	0.050	0.048	0.048	0.061	0.044	0.039	0.054	0.053	0.052	0.040	0.053	0.049	0.050	0.054	0.050	0.055	0.052	0.048	0.039	0.052	0.045	0.052	0.050	0.053	0.052	0.039
5:29:53	25.1	0.052	0.049	0.051	0.055	0.050	0.049	0.050	0.048	0.048	0.052	0.045	0.053	0.052	0.053	0.051	0.038	0.054	0.049	0.056	0.057	0.048	0.051	0.051	0.048	0.048	0.062	0.045	0.039	0.054	0.053	0.052	0.040	0.054	0.049	0.051	0.054	0.050	0.055	0.052	0.049	0.039	0.052	0.045	0.052	0.051	0.053	0.053	0.039
5:45:36	25.1	0.053	0.049	0.052	0.055	0.051	0.050	0.050	0.048	0.048	0.052	0.045	0.053	0.052	0.053	0.052	0.038	0.055	0.050	0.056	0.057	0.049	0.052	0.051	0.048	0.049	0.062	0.045	0.039	0.054	0.053	0.052	0.040	0.054	0.050	0.051	0.055	0.051	0.055	0.053	0.049	0.039	0.053	0.045	0.053	0.051	0.053	0.053	0.039
6:01:18	25.1	0.053	0.050	0.052	0.056	0.051	0.050	0.050	0.049	0.048	0.053	0.045	0.053	0.052	0.053	0.052	0.038	0.056	0.050	0.057	0.058	0.049	0.053	0.052	0.049	0.049	0.063	0.045	0.039	0.055	0.054	0.052	0.040	0.055	0.050	0.051	0.056	0.051	0.056	0.053	0.049	0.039	0.053	0.045	0.053	0.051	0.053	0.053	0.039
6:17:01	25.1	0.054	0.050	0.052	0.056	0.051	0.050	0.051	0.049	0.049	0.053	0.045	0.054	0.053	0.053	0.052	0.038	0.056	0.051	0.057	0.059	0.049	0.053	0.052	0.049	0.050	0.063	0.045	0.039	0.055	0.054	0.053	0.040	0.055	0.051	0.052	0.056	0.051	0.056	0.053	0.050	0.039	0.054	0.045	0.053	0.051	0.054	0.054	0.039
6:32:43	25.1	0.054	0.051	0.053	0.057	0.052	0.051	0.051	0.049	0.049	0.054	0.045	0.054	0.053	0.054	0.053	0.038	0.057	0.051	0.057	0.059	0.050	0.053	0.053	0.050	0.050	0.064	0.045	0.039	0.056	0.055	0.053	0.040	0.056	0.051	0.052	0.057	0.052	0.056	0.054	0.050	0.039	0.054	0.046	0.054	0.052	0.055	0.054	0.039
6:48:26	25.1	0.054	0.051	0.053	0.058	0.052	0.051	0.052	0.050	0.050	0.054	0.045	0.054	0.053	0.054	0.053	0.038	0.057	0.051	0.058	0.060	0.050	0.054	0.053	0.050	0.050	0.064	0.045	0.039	0.055	0.055	0.053	0.040	0.057	0.051	0.052	0.057	0.052	0.057	0.054	0.051	0.039	0.055	0.046	0.054	0.052	0.055	0.054	0.039
7:04:08	25.1	0.055	0.051	0.054	0.058	0.053	0.051	0.052	0.050	0.050	0.055	0.045	0.055	0.053	0.055	0.053	0.038	0.058	0.052	0.059	0.060	0.051	0.054	0.054	0.051	0.051	0.065	0.046	0.039	0.056	0.055	0.053	0.040	0.057	0.052	0.053	0.058	0.053	0.058	0.055	0.051	0.039	0.055	0.046	0.054	0.052	0.055	0.054	0.039
7:19:50	25.1	0.055	0.052	0.054	0.058	0.053	0.052	0.052	0.050	0.051	0.055	0.045	0.055	0.054	0.055	0.053	0.038	0.059	0.052	0.059	0.061	0.051	0.055	0.054	0.051	0.051	0.065	0.046	0.039	0.056	0.055	0.054	0.040	0.058	0.052	0.054	0.058	0.053	0.058	0.055	0.051	0.039	0.056	0.046	0.054	0.052	0.055	0.055	0.039
7:35:33	25.1	0.056	0.052	0.055	0.059	0.053	0.052	0.053	0.051	0.051	0.056	0.046	0.055	0.054	0.055	0.054	0.038	0.059	0.053	0.060	0.062	0.051	0.055	0.054	0.051	0.051	0.066	0.046	0.039	0.057	0.056	0.054	0.040	0.058	0.053	0.054	0.059	0.054	0.058	0.055	0.051	0.039	0.057	0.046	0.054	0.053	0.055	0.055	0.039
7:51:15	25.1	0.056	0.052	0.055	0.060	0.054	0.053	0.053	0.051	0.051	0.057	0.046	0.056	0.054	0.055	0.054	0.038	0.060	0.053	0.060	0.063	0.052	0.056	0.055	0.052	0.052	0.067	0.046	0.039	0.057	0.056	0.054	0.040	0.059	0.053	0.055	0.060	0.054	0.059	0.056	0.052	0.039	0.057	0.046	0.055	0.053	0.056	0.055	0.039
8:06:58	25.1	0.057	0.053	0.056	0.060	0.054	0.053	0.053	0.051	0.052	0.057	0.046	0.056	0.054	0.056	0.054	0.038	0.061	0.054	0.061	0.064	0.052	0.057	0.055	0.052	0.053	0.067	0.046	0.039	0.057	0.056	0.054	0.040	0.059	0.054	0.055	0.060	0.055	0.059	0.056	0.052	0.039	0.057	0.046	0.056	0.053	0.056	0.056	0.039
8:22:40	25.1	0.057	0.053	0.056	0.061	0.055	0.054	0.054	0.052	0.052	0.057	0.046	0.056	0.055	0.056	0.055	0.038	0.061	0.054	0.062	0.064	0.053	0.057	0.056	0.052	0.053	0.068	0.046	0.039	0.057	0.057	0.055	0.040	0.060	0.055	0.056	0.061	0.055	0.060	0.056	0.053	0.039	0.058	0.047	0.055	0.053	0.056	0.056	0.039
8:38:23	25.1	0.057	0.054	0.057	0.062	0.055	0.054	0.054	0.052	0.053	0.058	0.046	0.057	0.055	0.056	0.055	0.038	0.062	0.055	0.062	0.065	0.053	0.058	0.056	0.053	0.054	0.069	0.047	0.039	0.058	0.057	0.055	0.040	0.060	0.055	0.056	0.062	0.056	0.060	0.057	0.053	0.039	0.059	0.047	0.056	0.054	0.057	0.056	0.039
8:54:05	25.1	0.058	0.054	0.057	0.062	0.055	0.054	0.055	0.052	0.053	0.059	0.047	0.057	0.055	0.056	0.055	0.038	0.063	0.056	0.063	0.066	0.054	0.058	0.057	0.053	0.055	0.070	0.047	0.039	0.058	0.057	0.055	0.040	0.061	0.056	0.057	0.062	0.057	0.061	0.057	0.054	0.039	0.059	0.047	0.056	0.054	0.057	0.057	0.039
9:09:48	25.1	0.059	0.055	0.058	0.063	0.056	0.055	0.055	0.053	0.054	0.059	0.047	0.057	0.056	0.057	0.055	0.038	0.064	0.056	0.064	0.067	0.054	0.059	0.057	0.054	0.055	0.070	0.047	0.039	0.058	0.058	0.056	0.040	0.062	0.057	0.057	0.063	0.057	0.061	0.058	0.054	0.039	0.059	0.047	0.057	0.054	0.058	0.057	0.039
9:25:30	25.1	0.059	0.055	0.058	0.064	0.057	0.056	0.055	0.053	0.054	0.060	0.047	0.058	0.056	0.057	0.056	0.038	0.065	0.057	0.065	0.068	0.055	0.059	0.058	0.055	0.056	0.071	0.047	0.039	0.058	0.058	0.056	0.040	0.063	0.057	0.058	0.064	0.058	0.062	0.058	0.055	0.039	0.060	0.048	0.057	0.055	0.058	0.058	0.039
9:41:13	25.0	0.060	0.056	0.059	0.064	0.057	0.056	0.056	0.054	0.055	0.061	0.047	0.058	0.056	0.058	0.056	0.038	0.065	0.057	0.065	0.069	0.056	0.060	0.059	0.055	0.056	0.072	0.048	0.039	0.059	0.058	0.057	0.040	0.064	0.058	0.058	0.065	0.058	0.063	0.059	0.055	0.039	0.061	0.048	0.058	0.055	0.058	0.058	0.039
9:56:55	25.1	0.060	0.056	0.060	0.066	0.057	0.057	0.056	0.054	0.056	0.061	0.047	0.059	0.057	0.058	0.057	0.038	0.066	0.058	0.066	0.070	0.056	0.061	0.059	0.056	0.057	0.072	0.048	0.039	0.059	0.058	0.057	0.040	0.064	0.059	0.059	0.065	0.059	0.063	0.059	0.055	0.039	0.062	0.048	0.058	0.055	0.059	0.059	0.039
10:12:37	25.1	0.061	0.057	0.060	0.066	0.058	0.058	0.056	0.054	0.056	0.062	0.048	0.059	0.057	0.058	0.057	0.038	0.067	0.059	0.067	0.071	0.057	0.061	0.060	0.056	0.057	0.073	0.048	0.039	0.060	0.059	0.058	0.040	0.065	0.059	0.060	0.066	0.059	0.064	0.060	0.056	0.039	0.062	0.048	0.059	0.056	0.059	0.059	0.039
10:28:20	25.1	0.062	0.057	0.060	0.067	0.058	0.058	0.056	0.055	0.057	0.063	0.047	0.060	0.057	0.059	0.058	0.038	0.067	0.059	0.068	0.072	0.057	0.062	0.060	0.056	0.058	0.074	0.048	0.039	0.060	0.059	0.058	0.040	0.066	0.060	0.060	0.067	0.060	0.065	0.060	0.056	0.039	0.063	0.048	0.059	0.056	0.059	0.059	0.039
10:44:02	25.1	0.062	0.058	0.061	0.067	0.058	0.058	0.057	0.055	0.058	0.064	0.048	0.061	0.058	0.059	0.058	0.038	0.068	0.060	0.068	0.073	0.058	0.063	0.061	0.057	0.059	0.075	0.048	0.039	0.060	0.059	0.059	0.040	0.067	0.061	0.061	0.068	0.061	0.065	0.061	0.057	0.039	0.063	0.049	0.059	0.057	0.060	0.060	0.039
10:59:45	25.1	0.063	0.059	0.063	0.069	0.059	0.059	0.057	0.056	0.059	0.064	0.048	0.061	0.058	0.059	0.059	0.038	0.070	0.061	0.069	0.074	0.059	0.064	0.062	0.058	0.060	0.076	0.049	0.039	0.061	0.060	0.059	0.040	0.068	0.062	0.062	0.069	0.062	0.066	0.061	0.057	0.039	0.064	0.049	0.060	0.057	0.060	0.060	0.039
11:15:28	25.1	0.064	0.059	0.063	0.069	0.059	0.059	0.058	0.056	0.059	0.065	0.049	0.062	0.059	0.059	0.059	0.038	0.070	0.062	0.070	0.075	0.059	0.065	0.062	0.059	0.060	0.077	0.049	0.039	0.061	0.060	0.059	0.040	0.069	0.063	0.063	0.070	0.062	0.067	0.062	0.058	0.039	0.065	0.049	0.061	0.057	0.060	0.061	0.039
11:31:10	25.1	0.065	0.060	0.064	0.071	0.059	0.059	0.058	0.056	0.060	0.066	0.048	0.062	0.059	0.060	0.059	0.038	0.071	0.063	0.071	0.076	0.060	0.066	0.063	0.059	0.061	0.079	0.049	0.039	0.062	0.061	0.059	0.040	0.070	0.063	0.063	0.071	0.063	0.068	0.062	0.058	0.039	0.066	0.049	0.061	0.058	0.061	0.061	0.039
11:46:53	25.1	0.065	0.060	0.064	0.071	0.060	0.060	0.059	0.057	0.061	0.067	0.049	0.064	0.060	0.061	0.060	0.038	0.072	0.064	0.072	0.077	0.061	0.066	0.064	0.060	0.062	0.079	0.049	0.039	0.062	0.062	0.060	0.040	0.071	0.064	0.064	0.071	0.064	0.068	0.063	0.058	0.039	0.066	0.049	0.062	0.058	0.061	0.062	0.039
12:02:35	25.1	0.065	0.061	0.065	0.072	0.061	0.060	0.059	0.058	0.061	0.068	0.049	0.063	0.060	0.061	0.060	0.038	0.073	0.065	0.073	0.079	0.061	0.067	0.064	0.060	0.063	0.080	0.050	0.039	0.063	0.062	0.060	0.040	0.071	0.066	0.065	0.072	0.065	0.069	0.064	0.059	0.039	0.067	0.050	0.062	0.058	0.062	0.062	0.039
12:18:18	25.1	0.067	0.062	0.066	0.073	0.061	0.061	0.060	0.058	0.063	0.069	0.049	0.064	0.060	0.061	0.061	0.038	0.074	0.065	0.074	0.080	0.062	0.068	0.065	0.061	0.064	0.082	0.050	0.039	0.063	0.062	0.061	0.040	0.073	0.066	0.066	0.074	0.065	0.070	0.064	0.060	0.039	0.068	0.050	0.063	0.059	0.062	0.063	0.039
12:34:00	25.1	0.067	0.062	0.067	0.074	0.062	0.061	0.060	0.059	0.063	0.069	0.049	0.065	0.061	0.062	0.061	0.038	0.075	0.066	0.075	0.081	0.063	0.069	0.066	0.062	0.065	0.083	0.050	0.039	0.063	0.063	0.062	0.040	0.074	0.067	0.067	0.074	0.066	0.070	0.065	0.060	0.039	0.069	0.050	0.063	0.059	0.063	0.063	0.039
12:49:43	25.1	0.068	0.063	0.067	0.074	0.063	0.062	0.061	0.060	0.065	0.071	0.050	0.065	0.061	0.062	0.062	0.038	0.076	0.067	0.076	0.082	0.064	0.070	0.067	0.062	0.066	0.084	0.050	0.039	0.064	0.063	0.063	0.040	0.075	0.068	0.068	0.075	0.067	0.072	0.065	0.061	0.039	0.069	0.050	0.064	0.059	0.063	0.064	0.039
13:05:25	25.1	0.068	0.064	0.068	0.075	0.064	0.063	0.062	0.060	0.066	0.071	0.050	0.066	0.062	0.063	0.062	0.038	0.077	0.068	0.077	0.083	0.064	0.071	0.068	0.063	0.066	0.086	0.051	0.039	0.064	0.064	0.063	0.040	0.076	0.068	0.069	0.076	0.068	0.073	0.065	0.062	0.039	0.070	0.051	0.065	0.060	0.064	0.065	0.039
13:21:08	25.1	0.069	0.064	0.068	0.076	0.064	0.063	0.062	0.061	0.067	0.073	0.050	0.066	0.063	0.063	0.063	0.038	0.078	0.069	0.078	0.084	0.066	0.072	0.068	0.064	0.067	0.087	0.051	0.039	0.065	0.064	0.063	0.040	0.076	0.069	0.070	0.077	0.069	0.074	0.066	0.063	0.039	0.071	0.051	0.065	0.061	0.064	0.065	0.039
13:36:50	25.1	0.070	0.065	0.070	0.077	0.065	0.064	0.063	0.062	0.067	0.074	0.050	0.067	0.063	0.064	0.064	0.038	0.079	0.069	0.079	0.085	0.067	0.073	0.070	0.065	0.069	0.088	0.052	0.039	0.066	0.065	0.064	0.040	0.078	0.070	0.070	0.078	0.069	0.075	0.066	0.063	0.039	0.073	0.051	0.066	0.061	0.065	0.066	0.039
13:52:33	25.1	0.070	0.066	0.071	0.078	0.065	0.065	0.064	0.063	0.069	0.075	0.051	0.068	0.063	0.064	0.065	0.038	0.080	0.070	0.080	0.086	0.067	0.074	0.070	0.066	0.069	0.090	0.052	0.039	0.066	0.065	0.065	0.040	0.079	0.071	0.071	0.079	0.070	0.076	0.068	0.064	0.039	0.073	0.051	0.067	0.061	0.065	0.067	0.039
14:08:16	25.1	0.072	0.067	0.072	0.079	0.066	0.065	0.064	0.063	0.070	0.077	0.051	0.069	0.064	0.064	0.065	0.038	0.081	0.071	0.081	0.088	0.068	0.075	0.071	0.066	0.071	0.091	0.052	0.039	0.067	0.066	0.065	0.040	0.080	0.071	0.073	0.080	0.071	0.077	0.068	0.065	0.039	0.075	0.052	0.067	0.062	0.066	0.067	0.039
14:23:58	25.1	0.073	0.068	0.073	0.080	0.067	0.066	0.065	0.065	0.071	0.078	0.051	0.069	0.065	0.065	0.066	0.038	0.083	0.072	0.082	0.089	0.069	0.076	0.072	0.067	0.072	0.093	0.052	0.039	0.067	0.067	0.066	0.040	0.081	0.072	0.074	0.081	0.072	0.079	0.069	0.066	0.039	0.076	0.052	0.068	0.062	0.067	0.068	0.039
14:39:40	25.1	0.073	0.069	0.074	0.081	0.068	0.067	0.066	0.066	0.071	0.079	0.051	0.070	0.065	0.066	0.067	0.038	0.084	0.072	0.083	0.090	0.070	0.077	0.073	0.068	0.073	0.094	0.053	0.039	0.068	0.067	0.067	0.040	0.082	0.074	0.075	0.082	0.073	0.079	0.070	0.067	0.039	0.077	0.052	0.069	0.063	0.067	0.069	0.039
14:55:23	25.1	0.074	0.069	0.075	0.082	0.068	0.068	0.067	0.067	0.072	0.080	0.052	0.071	0.065	0.067	0.067	0.038	0.085	0.073	0.084	0.091	0.072	0.078	0.074	0.069	0.074	0.097	0.053	0.039	0.068	0.067	0.067	0.040	0.084	0.075	0.076	0.083	0.073	0.081	0.070	0.068	0.039	0.078	0.053	0.069	0.063	0.068	0.070	0.039
15:11:05	25.1	0.074	0.071	0.076	0.083	0.069	0.069	0.067	0.068	0.073	0.082	0.052	0.072	0.066	0.067	0.068	0.038	0.087	0.075	0.086	0.093	0.073	0.080	0.075	0.070	0.075	0.098	0.054	0.039	0.069	0.069	0.068	0.040	0.085	0.076	0.078	0.085	0.075	0.082	0.071	0.068	0.039	0.080	0.053	0.070	0.063	0.069	0.070	0.039
15:26:48	25.1	0.075	0.071	0.077	0.085	0.070	0.070	0.067	0.069	0.074	0.082	0.052	0.072	0.066	0.067	0.069	0.038	0.088	0.075	0.086	0.094	0.074	0.081	0.077	0.070	0.076	0.100	0.054	0.039	0.070	0.069	0.069	0.040	0.086	0.076	0.079	0.086	0.076	0.083	0.072	0.069	0.039	0.081	0.053	0.071	0.064	0.069	0.071	0.039
15:42:31	25.1	0.077	0.072	0.078	0.085	0.071	0.071	0.069	0.070	0.076	0.084	0.053	0.073	0.067	0.068	0.069	0.038	0.090	0.076	0.088	0.095	0.075	0.082	0.077	0.072	0.077	0.102	0.055	0.039	0.070	0.070	0.069	0.040	0.088	0.078	0.080	0.087	0.077	0.085	0.073	0.070	0.039	0.081	0.054	0.071	0.064	0.069	0.072	0.039
15:58:13	25.1	0.079	0.072	0.078	0.087	0.072	0.071	0.069	0.070	0.078	0.086	0.053	0.074	0.068	0.069	0.070	0.038	0.092	0.078	0.090	0.097	0.077	0.084	0.079	0.073	0.079	0.104	0.055	0.039	0.071	0.071	0.070	0.040	0.090	0.079	0.081	0.088	0.078	0.086	0.074	0.071	0.039	0.083	0.054	0.072	0.065	0.070	0.073	0.038
16:13:56	25.1	0.079	0.074	0.079	0.088	0.073	0.072	0.070	0.071	0.079	0.087	0.054	0.076	0.068	0.070	0.072	0.038	0.093	0.079	0.091	0.098	0.079	0.085	0.079	0.073	0.080	0.106	0.055	0.039	0.071	0.071	0.071	0.040	0.090	0.081	0.082	0.090	0.079	0.088	0.074	0.072	0.039	0.084	0.055	0.074	0.065	0.071	0.073	0.038
16:29:38	25.1	0.081	0.074	0.080	0.088	0.073	0.073	0.071	0.071	0.080	0.088	0.054	0.076	0.069	0.070	0.072	0.038	0.095	0.080	0.092	0.100	0.079	0.086	0.081	0.074	0.081	0.109	0.056	0.039	0.072	0.071	0.072	0.040	0.092	0.082	0.084	0.091	0.080	0.089	0.075	0.073	0.039	0.085	0.055	0.074	0.066	0.072	0.075	0.039
16:45:21	25.1	0.082	0.075	0.082	0.089	0.075	0.074	0.072	0.072	0.081	0.090	0.054	0.077	0.070	0.071	0.073	0.038	0.097	0.081	0.094	0.101	0.081	0.087	0.082	0.076	0.083	0.110	0.057	0.039	0.072	0.072	0.073	0.040	0.094	0.083	0.085	0.092	0.082	0.090	0.076	0.075	0.039	0.087	0.055	0.076	0.066	0.072	0.075	0.039
17:01:03	25.1	0.082	0.076	0.083	0.090	0.075	0.074	0.073	0.073	0.083	0.092	0.055	0.078	0.072	0.072	0.073	0.038	0.098	0.082	0.095	0.102	0.082	0.088	0.083	0.077	0.084	0.112	0.057	0.039	0.074	0.073	0.073	0.040	0.096	0.084	0.086	0.093	0.083	0.092	0.077	0.076	0.039	0.087	0.056	0.076	0.066	0.073	0.076	0.039
17:16:46	25.1	0.084	0.077	0.084	0.091	0.076	0.075	0.074	0.074	0.084	0.094	0.055	0.080	0.070	0.072	0.075	0.038	0.100	0.083	0.096	0.105	0.084	0.090	0.085	0.079	0.086	0.116	0.058	0.039	0.074	0.074	0.074	0.040	0.097	0.085	0.088	0.095	0.084	0.094	0.079	0.077	0.039	0.089	0.056	0.077	0.066	0.074	0.077	0.039
17:32:28	25.0	0.085	0.077	0.085	0.092	0.077	0.076	0.075	0.074	0.086	0.096	0.056	0.080	0.071	0.073	0.075	0.038	0.102	0.084	0.098	0.105	0.086	0.091	0.086	0.080	0.087	0.117	0.058	0.039	0.075	0.074	0.075	0.040	0.099	0.086	0.089	0.096	0.085	0.095	0.080	0.079	0.039	0.090	0.057	0.078	0.067	0.075	0.078	0.039
17:48:11	25.1	0.085	0.079	0.085	0.094	0.078	0.077	0.076	0.075	0.089	0.097	0.056	0.081	0.072	0.074	0.076	0.038	0.104	0.086	0.100	0.108	0.088	0.093	0.088	0.082	0.089	0.120	0.059	0.039	0.076	0.075	0.076	0.040	0.100	0.088	0.090	0.098	0.087	0.097	0.081	0.080	0.039	0.092	0.057	0.079	0.067	0.075	0.079	0.039
18:03:53	25.1	0.087	0.079	0.086	0.095	0.079	0.078	0.077	0.076	0.090	0.100	0.057	0.083	0.073	0.074	0.077	0.038	0.106	0.087	0.102	0.109	0.089	0.095	0.090	0.083	0.091	0.123	0.059	0.039	0.077	0.076	0.077	0.040	0.102	0.089	0.091	0.099	0.089	0.099	0.083	0.081	0.039	0.094	0.058	0.080	0.068	0.077	0.080	0.038
18:19:36	25.1	0.087	0.080	0.086	0.096	0.080	0.079	0.078	0.076	0.091	0.102	0.057	0.084	0.074	0.076	0.078	0.038	0.109	0.089	0.103	0.111	0.090	0.096	0.091	0.085	0.093	0.125	0.059	0.039	0.078	0.077	0.078	0.040	0.104	0.091	0.093	0.101	0.089	0.101	0.084	0.083	0.039	0.096	0.059	0.081	0.068	0.078	0.081	0.038
18:35:18	25.1	0.088	0.082	0.087	0.097	0.081	0.079	0.079	0.077	0.092	0.104	0.057	0.085	0.075	0.076	0.079	0.038	0.110	0.090	0.106	0.113	0.092	0.098	0.093	0.087	0.095	0.128	0.061	0.039	0.078	0.078	0.079	0.040	0.105	0.092	0.094	0.102	0.091	0.102	0.086	0.084	0.039	0.097	0.059	0.083	0.068	0.079	0.083	0.038
18:51:01	25.1	0.089	0.083	0.089	0.098	0.082	0.081	0.080	0.078	0.094	0.107	0.057	0.087	0.075	0.077	0.080	0.038	0.113	0.092	0.108	0.114	0.094	0.099	0.095	0.089	0.096	0.130	0.061	0.042	0.080	0.079	0.080	0.040	0.107	0.094	0.096	0.104	0.093	0.104	0.088	0.086	0.039	0.098	0.059	0.084	0.069	0.079	0.084	0.038
19:06:43	25.1	0.090	0.085	0.089	0.099	0.083	0.082	0.081	0.079	0.095	0.109	0.059	0.088	0.076	0.078	0.081	0.038	0.114	0.093	0.109	0.115	0.096	0.101	0.097	0.090	0.098	0.133	0.061	0.042	0.080	0.080	0.081	0.040	0.108	0.095	0.097	0.105	0.094	0.107	0.089	0.088	0.039	0.101	0.060	0.085	0.069	0.081	0.084	0.039
19:22:26	25.1	0.092	0.086	0.090	0.100	0.083	0.083	0.082	0.080	0.097	0.111	0.059	0.089	0.076	0.079	0.082	0.038	0.116	0.095	0.111	0.117	0.098	0.103	0.098	0.092	0.100	0.136	0.063	0.041	0.081	0.081	0.082	0.040	0.110	0.096	0.099	0.106	0.096	0.109	0.090	0.089	0.039	0.102	0.061	0.086	0.070	0.081	0.086	0.038
19:38:08	25.1	0.093	0.087	0.092	0.102	0.084	0.083	0.083	0.081	0.099	0.113	0.060	0.090	0.077	0.080	0.083	0.038	0.119	0.096	0.113	0.119	0.100	0.104	0.100	0.094	0.102	0.139	0.063	0.041	0.082	0.082	0.084	0.040	0.112	0.097	0.100	0.108	0.097	0.110	0.092	0.091	0.039	0.104	0.062	0.088	0.071	0.082	0.087	0.038
19:53:51	25.1	0.094	0.088	0.093	0.102	0.085	0.084	0.084	0.083	0.101	0.116	0.060	0.091	0.078	0.081	0.085	0.038	0.121	0.099	0.115	0.121	0.102	0.106	0.103	0.096	0.104	0.141	0.064	0.042	0.083	0.083	0.085	0.040	0.113	0.099	0.102	0.110	0.099	0.113	0.094	0.092	0.039	0.106	0.062	0.088	0.071	0.083	0.088	0.038
20:09:33	25.1	0.095	0.089	0.094	0.103	0.086	0.085	0.085	0.084	0.102	0.117	0.061	0.093	0.079	0.082	0.087	0.038	0.122	0.099	0.116	0.122	0.105	0.108	0.104	0.097	0.106	0.144	0.065	0.042	0.084	0.085	0.086	0.040	0.115	0.100	0.104	0.111	0.100	0.115	0.095	0.093	0.039	0.107	0.063	0.090	0.071	0.085	0.089	0.038
20:25:16	25.1	0.097	0.091	0.095	0.104	0.087	0.086	0.086	0.086	0.104	0.120	0.062	0.095	0.082	0.083	0.088	0.038	0.125	0.101	0.119	0.124	0.107	0.110	0.107	0.100	0.108	0.147	0.066	0.042	0.086	0.085	0.087	0.040	0.116	0.102	0.106	0.113	0.101	0.118	0.097	0.096	0.039	0.109	0.064	0.091	0.072	0.086	0.092	0.038
20:40:58	25.1	0.098	0.092	0.096	0.105	0.088	0.086	0.087	0.088	0.107	0.122	0.063	0.096	0.080	0.084	0.088	0.038	0.126	0.102	0.120	0.125	0.109	0.112	0.109	0.102	0.110	0.150	0.066	0.042	0.086	0.086	0.089	0.040	0.118	0.102	0.107	0.114	0.103	0.121	0.099	0.097	0.039	0.111	0.065	0.092	0.073	0.086	0.093	0.038
20:56:41	25.1	0.099	0.093	0.097	0.107	0.088	0.088	0.088	0.088	0.109	0.125	0.063	0.097	0.082	0.085	0.090	0.038	0.128	0.103	0.123	0.128	0.112	0.113	0.111	0.104	0.113	0.152	0.068	0.042	0.088	0.087	0.090	0.040	0.119	0.104	0.109	0.116	0.105	0.123	0.101	0.100	0.039	0.113	0.065	0.093	0.073	0.088	0.094	0.038
21:12:24	25.1	0.100	0.094	0.098	0.108	0.089	0.089	0.090	0.090	0.112	0.127	0.064	0.098	0.083	0.087	0.092	0.038	0.129	0.105	0.124	0.129	0.114	0.116	0.114	0.106	0.116	0.156	0.069	0.042	0.089	0.089	0.091	0.040	0.122	0.105	0.110	0.118	0.106	0.125	0.103	0.101	0.039	0.116	0.066	0.095	0.074	0.089	0.095	0.038
21:28:06	25.1	0.102	0.095	0.098	0.110	0.091	0.090	0.090	0.092	0.114	0.130	0.065	0.101	0.083	0.088	0.093	0.038	0.131	0.106	0.126	0.131	0.117	0.117	0.116	0.108	0.117	0.159	0.069	0.042	0.090	0.091	0.093	0.040	0.122	0.106	0.112	0.119	0.108	0.128	0.105	0.103	0.039	0.117	0.067	0.096	0.075	0.090	0.097	0.038
21:43:49	25.1	0.103	0.096	0.099	0.110	0.092	0.091	0.092	0.093	0.116	0.132	0.065	0.102	0.085	0.089	0.094	0.038	0.133	0.108	0.128	0.133	0.119	0.120	0.119	0.111	0.118	0.163	0.071	0.042	0.091	0.092	0.095	0.040	0.125	0.108	0.114	0.121	0.109	0.130	0.107	0.105	0.039	0.119	0.068	0.098	0.076	0.092	0.098	0.038
21:59:31	25.1	0.104	0.097	0.101	0.112	0.093	0.093	0.093	0.095	0.118	0.134	0.066	0.103	0.086	0.090	0.096	0.038	0.135	0.109	0.130	0.135	0.122	0.122	0.121	0.113	0.119	0.165	0.071	0.042	0.093	0.093	0.096	0.040	0.126	0.109	0.117	0.122	0.111	0.133	0.109	0.107	0.039	0.121	0.069	0.100	0.077	0.093	0.101	0.038
22:15:14	25.1	0.106	0.098	0.102	0.113	0.094	0.094	0.095	0.097	0.119	0.137	0.067	0.106	0.087	0.091	0.098	0.038	0.138	0.111	0.132	0.136	0.125	0.124	0.123	0.116	0.120	0.168	0.072	0.042	0.094	0.095	0.098	0.040	0.129	0.110	0.118	0.123	0.113	0.136	0.111	0.109	0.039	0.123	0.069	0.102	0.078	0.094	0.102	0.038
22:30:57	25.1	0.107	0.100	0.103	0.115	0.095	0.095	0.096	0.099	0.119	0.140	0.068	0.107	0.088	0.092	0.100	0.038	0.139	0.113	0.134	0.138	0.127	0.125	0.126	0.117	0.122	0.171	0.073	0.042	0.096	0.096	0.099	0.040	0.131	0.113	0.120	0.126	0.114	0.139	0.113	0.111	0.039	0.126	0.070	0.102	0.079	0.096	0.104	0.038
22:46:39	25.1	0.109	0.102	0.104	0.115	0.096	0.097	0.097	0.101	0.120	0.142	0.069	0.109	0.089	0.094	0.101	0.038	0.142	0.114	0.136	0.140	0.130	0.127	0.128	0.120	0.122	0.173	0.074	0.042	0.096	0.098	0.101	0.040	0.133	0.114	0.122	0.127	0.116	0.142	0.116	0.114	0.039	0.128	0.071	0.103	0.080	0.097	0.105	0.038
23:02:22	25.1	0.110	0.102	0.105	0.116	0.097	0.098	0.099	0.102	0.122	0.145	0.070	0.110	0.090	0.096	0.103	0.038	0.143	0.114	0.138	0.142	0.133	0.130	0.130	0.121	0.123	0.174	0.075	0.042	0.098	0.099	0.103	0.040	0.134	0.115	0.123	0.128	0.117	0.144	0.117	0.116	0.039	0.129	0.072	0.106	0.080	0.098	0.107	0.038
23:18:04	25.1	0.111	0.103	0.107	0.118	0.099	0.100	0.101	0.104	0.123	0.147	0.070	0.112	0.092	0.098	0.105	0.038	0.145	0.115	0.139	0.144	0.136	0.132	0.132	0.124	0.124	0.176	0.077	0.042	0.099	0.101	0.104	0.040	0.136	0.117	0.125	0.130	0.119	0.147	0.119	0.117	0.039	0.131	0.073	0.108	0.082	0.100	0.109	0.038
23:33:47	25.1	0.112	0.104	0.108	0.119	0.100	0.102	0.102	0.106	0.125	0.150	0.072	0.114	0.094	0.098	0.106	0.038	0.147	0.117	0.141	0.145	0.139	0.134	0.135	0.126	0.126	0.179	0.077	0.042	0.101	0.102	0.106	0.040	0.138	0.117	0.126	0.132	0.121	0.150	0.122	0.119	0.039	0.133	0.074	0.110	0.083	0.102	0.111	0.038
23:49:29	25.1	0.114	0.105	0.109	0.120	0.100	0.102	0.103	0.107	0.127	0.152	0.072	0.117	0.095	0.100	0.109	0.038	0.150	0.119	0.143	0.147	0.142	0.136	0.137	0.129	0.128	0.181	0.078	0.042	0.102	0.104	0.108	0.040	0.140	0.119	0.128	0.134	0.123	0.153	0.125	0.122	0.039	0.135	0.075	0.110	0.083	0.104	0.112	0.038
24:05:12	25.1	0.115	0.107	0.110	0.121	0.102	0.104	0.105	0.109	0.128	0.153	0.073	0.119	0.096	0.101	0.110	0.038	0.152	0.121	0.146	0.149	0.145	0.138	0.140	0.132	0.129	0.183	0.081	0.042	0.104	0.106	0.110	0.040	0.142	0.122	0.131	0.135	0.125	0.156	0.127	0.125	0.039	0.137	0.076	0.113	0.085	0.105	0.115	0.038
24:20:54	25.1	0.117	0.107	0.111	0.123	0.102	0.105	0.108	0.111	0.130	0.155	0.075	0.120	0.098	0.103	0.112	0.038	0.154	0.121	0.147	0.151	0.148	0.141	0.142	0.134	0.130	0.185	0.081	0.042	0.106	0.108	0.112	0.040	0.144	0.122	0.131	0.137	0.127	0.160	0.129	0.127	0.039	0.139	0.077	0.114	0.086	0.107	0.117	0.038
24:36:37	25.1	0.118	0.109	0.112	0.124	0.103	0.108	0.109	0.112	0.131	0.157	0.075	0.124	0.100	0.105	0.115	0.038	0.154	0.122	0.149	0.153	0.151	0.142	0.144	0.137	0.131	0.187	0.082	0.042	0.108	0.109	0.115	0.040	0.147	0.124	0.133	0.138	0.128	0.163	0.132	0.129	0.039	0.140	0.078	0.117	0.088	0.109	0.119	0.038
24:52:20	25.1	0.119	0.111	0.113	0.126	0.105	0.109	0.111	0.114	0.133	0.158	0.076	0.126	0.102	0.107	0.116	0.038	0.158	0.124	0.151	0.155	0.155	0.144	0.148	0.140	0.133	0.190	0.084	0.042	0.109	0.112	0.117	0.040	0.148	0.124	0.134	0.140	0.130	0.164	0.135	0.132	0.039	0.142	0.080	0.119	0.089	0.111	0.121	0.038
25:08:02	25.1	0.121	0.111	0.114	0.127	0.105	0.111	0.114	0.116	0.134	0.160	0.078	0.127	0.104	0.109	0.118	0.038	0.159	0.125	0.153	0.156	0.158	0.146	0.149	0.142	0.134	0.192	0.085	0.042	0.112	0.113	0.119	0.040	0.151	0.127	0.136	0.142	0.132	0.166	0.136	0.134	0.039	0.142	0.081	0.120	0.090	0.112	0.123	0.038
25:23:45	25.0	0.122	0.112	0.115	0.129	0.107	0.112	0.116	0.118	0.136	0.162	0.079	0.131	0.105	0.111	0.121	0.038	0.162	0.126	0.155	0.159	0.161	0.148	0.151	0.144	0.135	0.195	0.086	0.043	0.114	0.116	0.121	0.040	0.152	0.127	0.137	0.142	0.134	0.168	0.139	0.136	0.039	0.144	0.082	0.123	0.092	0.114	0.125	0.038
25:39:28	25.1	0.124	0.114	0.116	0.129	0.108	0.114	0.119	0.120	0.138	0.164	0.080	0.132	0.107	0.113	0.123	0.038	0.164	0.128	0.157	0.161	0.164	0.150	0.152	0.145	0.136	0.197	0.088	0.043	0.116	0.118	0.123	0.040	0.154	0.129	0.139	0.144	0.136	0.169	0.141	0.138	0.039	0.145	0.083	0.124	0.093	0.116	0.127	0.038
25:55:10	25.1	0.125	0.116	0.117	0.131	0.110	0.116	0.121	0.122	0.139	0.165	0.081	0.134	0.109	0.115	0.125	0.038	0.166	0.128	0.159	0.162	0.165	0.152	0.153	0.147	0.138	0.200	0.090	0.043	0.118	0.121	0.126	0.040	0.157	0.131	0.140	0.144	0.137	0.172	0.144	0.138	0.039	0.148	0.084	0.125	0.095	0.118	0.129	0.038
26:10:53	25.1	0.126	0.117	0.119	0.132	0.110	0.118	0.123	0.123	0.141	0.168	0.082	0.135	0.110	0.117	0.127	0.038	0.168	0.129	0.160	0.165	0.168	0.154	0.155	0.149	0.138	0.202	0.091	0.043	0.119	0.123	0.128	0.040	0.159	0.132	0.141	0.146	0.139	0.174	0.146	0.141	0.039	0.149	0.086	0.128	0.096	0.121	0.132	0.038
26:26:35	25.1	0.128	0.119	0.120	0.133	0.112	0.120	0.126	0.125	0.142	0.169	0.084	0.139	0.112	0.119	0.129	0.038	0.169	0.129	0.162	0.166	0.170	0.156	0.157	0.151	0.139	0.204	0.093	0.043	0.122	0.125	0.130	0.040	0.161	0.133	0.142	0.147	0.141	0.176	0.148	0.143	0.039	0.151	0.087	0.130	0.098	0.122	0.134	0.038
26:42:18	25.1	0.128	0.120	0.122	0.134	0.112	0.122	0.128	0.126	0.144	0.171	0.085	0.142	0.113	0.121	0.132	0.038	0.170	0.131	0.164	0.168	0.172	0.158	0.158	0.152	0.140	0.206	0.095	0.043	0.125	0.128	0.133	0.040	0.163	0.135	0.143	0.148	0.143	0.177	0.150	0.144	0.039	0.153	0.089	0.134	0.100	0.126	0.137	0.038
26:58:01	25.1	0.130	0.121	0.123	0.135	0.115	0.125	0.130	0.127	0.146	0.172	0.086	0.143	0.115	0.124	0.134	0.038	0.172	0.131	0.166	0.170	0.174	0.159	0.160	0.155	0.141	0.209	0.096	0.043	0.126	0.129	0.135	0.040	0.165	0.136	0.145	0.148	0.144	0.180	0.152	0.146	0.039	0.154	0.089	0.135	0.102	0.126	0.139	0.038
27:13:43	25.1	0.131	0.122	0.124	0.137	0.115	0.127	0.132	0.128	0.148	0.174	0.087	0.146	0.118	0.126	0.137	0.038	0.173	0.132	0.167	0.172	0.177	0.161	0.161	0.157	0.142	0.211	0.097	0.043	0.128	0.131	0.138	0.040	0.168	0.136	0.147	0.149	0.146	0.181	0.154	0.147	0.039	0.156	0.091	0.135	0.103	0.129	0.141	0.038
27:29:26	25.1	0.132	0.123	0.126	0.138	0.117	0.130	0.134	0.128	0.148	0.175	0.089	0.150	0.121	0.128	0.139	0.038	0.174	0.133	0.169	0.174	0.179	0.163	0.163	0.158	0.144	0.214	0.100	0.043	0.131	0.135	0.140	0.040	0.168	0.138	0.148	0.152	0.148	0.183	0.156	0.148	0.039	0.157	0.092	0.139	0.105	0.132	0.144	0.038
27:45:08	25.1	0.133	0.125	0.127	0.139	0.118	0.131	0.135	0.129	0.149	0.177	0.091	0.152	0.123	0.131	0.141	0.038	0.174	0.134	0.171	0.175	0.180	0.164	0.164	0.160	0.144	0.215	0.102	0.043	0.133	0.136	0.143	0.040	0.169	0.137	0.150	0.151	0.149	0.184	0.157	0.150	0.039	0.160	0.094	0.141	0.106	0.133	0.145	0.038
28:00:51	25.1	0.133	0.126	0.129	0.141	0.121	0.132	0.137	0.130	0.151	0.178	0.091	0.154	0.123	0.133	0.144	0.038	0.175	0.134	0.172	0.178	0.183	0.166	0.166	0.162	0.145	0.217	0.103	0.043	0.136	0.139	0.146	0.040	0.170	0.139	0.151	0.156	0.151	0.187	0.160	0.153	0.039	0.162	0.096	0.144	0.110	0.136	0.148	0.038
28:16:34	25.1	0.133	0.127	0.130	0.142	0.122	0.134	0.139	0.131	0.152	0.180	0.093	0.157	0.125	0.135	0.147	0.038	0.176	0.136	0.174	0.178	0.184	0.168	0.168	0.163	0.146	0.219	0.104	0.043	0.139	0.143	0.147	0.040	0.173	0.140	0.152	0.157	0.152	0.188	0.162	0.154	0.039	0.164	0.097	0.147	0.111	0.138	0.150	0.038
28:32:16	25.1	0.134	0.129	0.131	0.143	0.123	0.135	0.140	0.131	0.153	0.181	0.095	0.159	0.128	0.138	0.150	0.038	0.178	0.136	0.175	0.180	0.188	0.169	0.170	0.165	0.147	0.221	0.107	0.043	0.142	0.145	0.151	0.040	0.174	0.141	0.153	0.157	0.154	0.190	0.165	0.156	0.039	0.167	0.099	0.148	0.112	0.141	0.153	0.038
28:47:59	25.1	0.134	0.130	0.133	0.145	0.125	0.136	0.141	0.133	0.154	0.182	0.097	0.162	0.129	0.140	0.151	0.038	0.179	0.138	0.177	0.182	0.189	0.169	0.172	0.166	0.147	0.223	0.108	0.043	0.143	0.148	0.154	0.039	0.176	0.142	0.155	0.157	0.155	0.192	0.166	0.157	0.039	0.168	0.101	0.150	0.115	0.144	0.156	0.038
29:03:41	25.1	0.135	0.130	0.134	0.147	0.126	0.138	0.143	0.133	0.155	0.184	0.099	0.166	0.132	0.143	0.155	0.038	0.180	0.138	0.179	0.184	0.192	0.172	0.173	0.168	0.149	0.226	0.111	0.043	0.147	0.150	0.157	0.040	0.177	0.143	0.156	0.158	0.157	0.194	0.169	0.158	0.039	0.170	0.101	0.151	0.117	0.146	0.157	0.038
29:19:24	25.1	0.135	0.132	0.135	0.148	0.128	0.138	0.144	0.134	0.157	0.184	0.100	0.167	0.133	0.145	0.158	0.038	0.181	0.138	0.180	0.184	0.193	0.174	0.175	0.170	0.149	0.228	0.113	0.043	0.149	0.153	0.159	0.040	0.177	0.144	0.158	0.159	0.158	0.195	0.170	0.160	0.039	0.172	0.104	0.154	0.119	0.148	0.161	0.038
29:35:06	25.1	0.135	0.134	0.136	0.149	0.129	0.140	0.146	0.135	0.157	0.187	0.102	0.171	0.135	0.148	0.160	0.038	0.182	0.140	0.181	0.186	0.196	0.175	0.177	0.171	0.151	0.229	0.115	0.043	0.152	0.156	0.164	0.040	0.178	0.144	0.158	0.161	0.159	0.197	0.172	0.161	0.039	0.174	0.105	0.157	0.120	0.151	0.163	0.038
29:50:49	25.1	0.134	0.135	0.138	0.150	0.131	0.142	0.148	0.135	0.159	0.189	0.103	0.175	0.137	0.151	0.164	0.038	0.182	0.139	0.181	0.186	0.198	0.176	0.178	0.173	0.152	0.230	0.118	0.043	0.154	0.159	0.165	0.040	0.178	0.145	0.160	0.160	0.160	0.199	0.174	0.163	0.039	0.176	0.107	0.159	0.123	0.153	0.166	0.038
30:06:32	25.1	0.134	0.136	0.140	0.152	0.132	0.142	0.149	0.136	0.160	0.191	0.105	0.176	0.140	0.154	0.167	0.038	0.183	0.140	0.183	0.187	0.201	0.177	0.179	0.175	0.153	0.231	0.119	0.043	0.156	0.162	0.169	0.039	0.179	0.145	0.160	0.160	0.160	0.201	0.176	0.165	0.039	0.178	0.108	0.161	0.125	0.155	0.169	0.038
30:22:14	25.1	0.134	0.138	0.141	0.153	0.134	0.144	0.151	0.137	0.161	0.193	0.107	0.179	0.143	0.156	0.169	0.038	0.184	0.140	0.184	0.189	0.203	0.177	0.180	0.177	0.154	0.233	0.122	0.043	0.159	0.165	0.172	0.040	0.181	0.147	0.161	0.162	0.162	0.203	0.177	0.166	0.039	0.180	0.110	0.163	0.127	0.158	0.171	0.038
30:37:57	25.1	0.133	0.139	0.142	0.154	0.135	0.145	0.152	0.138	0.162	0.194	0.109	0.182	0.145	0.160	0.173	0.038	0.184	0.140	0.185	0.190	0.205	0.179	0.182	0.178	0.155	0.234	0.124	0.044	0.161	0.168	0.175	0.040	0.182	0.147	0.162	0.162	0.163	0.204	0.180	0.167	0.039	0.181	0.113	0.166	0.128	0.160	0.174	0.038
30:53:39	25.0	0.133	0.140	0.143	0.156	0.137	0.147	0.154	0.139	0.162	0.195	0.111	0.185	0.147	0.163	0.176	0.038	0.184	0.141	0.186	0.191	0.205	0.180	0.183	0.180	0.156	0.235	0.127	0.043	0.163	0.171	0.179	0.040	0.183	0.148	0.161	0.161	0.164	0.206	0.181	0.169	0.039	0.183	0.114	0.167	0.131	0.163	0.177	0.038
31:09:22	25.1	0.131	0.141	0.144	0.157	0.138	0.148	0.156	0.139	0.164	0.197	0.112	0.187	0.150	0.164	0.180	0.038	0.185	0.142	0.188	0.193	0.211	0.183	0.185	0.182	0.156	0.237	0.129	0.044	0.168	0.176	0.183	0.040	0.183	0.148	0.163	0.163	0.164	0.208	0.183	0.171	0.039	0.185	0.116	0.171	0.134	0.167	0.179	0.038
31:25:05	25.1	0.130	0.142	0.145	0.158	0.141	0.149	0.157	0.140	0.165	0.198	0.115	0.190	0.152	0.168	0.183	0.038	0.186	0.141	0.187	0.193	0.211	0.183	0.186	0.184	0.158	0.238	0.130	0.044	0.171	0.179	0.185	0.040	0.183	0.148	0.164	0.162	0.166	0.209	0.185	0.172	0.039	0.186	0.118	0.171	0.136	0.168	0.183	0.038
31:40:47	25.1	0.129	0.142	0.147	0.159	0.142	0.151	0.159	0.140	0.166	0.199	0.117	0.193	0.154	0.172	0.186	0.038	0.186	0.141	0.188	0.195	0.215	0.183	0.188	0.186	0.158	0.239	0.134	0.044	0.174	0.183	0.188	0.040	0.184	0.150	0.166	0.164	0.167	0.211	0.186	0.175	0.039	0.188	0.120	0.176	0.138	0.172	0.185	0.038
31:56:30	25.1	0.128	0.143	0.149	0.162	0.143	0.153	0.160	0.140	0.167	0.200	0.119	0.197	0.157	0.175	0.189	0.038	0.187	0.142	0.190	0.196	0.216	0.183	0.189	0.188	0.159	0.240	0.137	0.044	0.178	0.185	0.192	0.040	0.186	0.150	0.166	0.165	0.167	0.213	0.189	0.177	0.039	0.190	0.122	0.177	0.141	0.174	0.189	0.038
32:12:12	25.1	0.126	0.144	0.150	0.162	0.144	0.154	0.165	0.140	0.167	0.200	0.122	0.198	0.160	0.179	0.193	0.038	0.186	0.144	0.191	0.197	0.220	0.185	0.191	0.189	0.161	0.243	0.139	0.044	0.181	0.189	0.197	0.040	0.186	0.150	0.168	0.166	0.169	0.215	0.190	0.179	0.039	0.192	0.123	0.178	0.144	0.177	0.191	0.038
32:27:55	25.1	0.126	0.144	0.152	0.163	0.145	0.156	0.166	0.140	0.168	0.201	0.124	0.201	0.163	0.181	0.197	0.038	0.186	0.143	0.191	0.197	0.221	0.185	0.192	0.191	0.161	0.243	0.141	0.044	0.184	0.193	0.199	0.040	0.186	0.152	0.169	0.166	0.168	0.216	0.192	0.181	0.039	0.192	0.126	0.181	0.146	0.179	0.193	0.038
32:43:37	25.1	0.125	0.146	0.151	0.164	0.147	0.157	0.168	0.140	0.168	0.202	0.126	0.206	0.165	0.185	0.200	0.038	0.186	0.142	0.192	0.199	0.224	0.185	0.192	0.192	0.161	0.244	0.144	0.044	0.188	0.196	0.203	0.039	0.187	0.151	0.170	0.167	0.168	0.217	0.193	0.182	0.039	0.194	0.127	0.183	0.149	0.183	0.197	0.038
32:59:20	25.1	0.122	0.146	0.152	0.166	0.148	0.157	0.169	0.140	0.171	0.203	0.128	0.207	0.168	0.188	0.203	0.038	0.186	0.142	0.193	0.200	0.226	0.185	0.194	0.194	0.162	0.245	0.147	0.044	0.192	0.199	0.207	0.039	0.188	0.152	0.169	0.167	0.169	0.218	0.195	0.184	0.039	0.194	0.130	0.185	0.152	0.184	0.199	0.038
33:15:03	25.1	0.122	0.147	0.153	0.167	0.148	0.159	0.169	0.139	0.171	0.202	0.130	0.210	0.171	0.190	0.206	0.038	0.187	0.142	0.193	0.200	0.226	0.186	0.196	0.195	0.162	0.247	0.149	0.044	0.195	0.203	0.210	0.039	0.189	0.153	0.171	0.167	0.170	0.219	0.197	0.185	0.039	0.195	0.132	0.186	0.155	0.187	0.203	0.038
33:30:45	25.0	0.120	0.147	0.154	0.168	0.149	0.160	0.171	0.139	0.173	0.204	0.132	0.212	0.175	0.194	0.210	0.038	0.187	0.141	0.194	0.201	0.230	0.187	0.196	0.197	0.163	0.248	0.152	0.044	0.199	0.207	0.215	0.040	0.189	0.153	0.171	0.167	0.170	0.220	0.199	0.187	0.039	0.196	0.134	0.190	0.158	0.190	0.204	0.038
33:46:28	25.1	0.119	0.147	0.153	0.168	0.150	0.161	0.172	0.139	0.174	0.206	0.134	0.215	0.178	0.197	0.213	0.038	0.187	0.142	0.194	0.202	0.230	0.187	0.197	0.199	0.163	0.248	0.155	0.044	0.202	0.210	0.219	0.040	0.190	0.154	0.171	0.168	0.169	0.221	0.201	0.189	0.039	0.196	0.137	0.191	0.162	0.193	0.207	0.038
34:02:11	25.1	0.117	0.147	0.154	0.170	0.151	0.163	0.174	0.138	0.175	0.206	0.137	0.219	0.181	0.201	0.216	0.038	0.188	0.141	0.194	0.202	0.231	0.186	0.198	0.200	0.165	0.248	0.159	0.044	0.204	0.213	0.222	0.040	0.190	0.154	0.172	0.168	0.170	0.222	0.201	0.189	0.039	0.198	0.138	0.194	0.164	0.197	0.209	0.038
34:17:53	25.1	0.117	0.150	0.156	0.170	0.152	0.169	0.174	0.138	0.175	0.207	0.140	0.222	0.184	0.204	0.220	0.038	0.189	0.141	0.195	0.203	0.235	0.187	0.199	0.202	0.166	0.250	0.161	0.044	0.208	0.216	0.224	0.040	0.192	0.155	0.172	0.170	0.171	0.223	0.202	0.191	0.039	0.199	0.141	0.196	0.168	0.200	0.211	0.038
34:33:36	25.1	0.115	0.150	0.156	0.171	0.153	0.170	0.174	0.136	0.177	0.208	0.142	0.226	0.188	0.207	0.223	0.038	0.190	0.142	0.195	0.202	0.235	0.185	0.199	0.202	0.166	0.250	0.164	0.044	0.211	0.220	0.229	0.039	0.193	0.155	0.172	0.170	0.171	0.225	0.203	0.192	0.039	0.200	0.143	0.198	0.171	0.201	0.213	0.038
34:49:18	25.1	0.113	0.151	0.156	0.171	0.153	0.172	0.175	0.135	0.177	0.209	0.145	0.229	0.191	0.210	0.226	0.038	0.190	0.142	0.195	0.203	0.236	0.184	0.199	0.203	0.166	0.251	0.167	0.044	0.214	0.223	0.233	0.040	0.193	0.156	0.173	0.170	0.171	0.226	0.203	0.194	0.039	0.201	0.145	0.201	0.174	0.206	0.215	0.038
35:05:01	25.1	0.111	0.151	0.157	0.172	0.154	0.173	0.175	0.133	0.177	0.210	0.147	0.231	0.195	0.214	0.231	0.038	0.190	0.142	0.197	0.204	0.239	0.185	0.201	0.204	0.167	0.254	0.171	0.044	0.219	0.228	0.237	0.040	0.194	0.157	0.174	0.170	0.172	0.228	0.206	0.195	0.039	0.202	0.147	0.203	0.178	0.207	0.217	0.038
35:20:43	25.1	0.109	0.150	0.158	0.173	0.155	0.175	0.176	0.131	0.178	0.210	0.151	0.235	0.198	0.216	0.234	0.038	0.190	0.142	0.196	0.205	0.241	0.184	0.202	0.205	0.167	0.254	0.174	0.045	0.221	0.232	0.240	0.039	0.194	0.156	0.174	0.172	0.171	0.228	0.207	0.197	0.039	0.203	0.148	0.205	0.180	0.210	0.219	0.038
35:36:26	25.1	0.107	0.151	0.158	0.173	0.154	0.175	0.176	0.130	0.179	0.212	0.153	0.238	0.201	0.221	0.238	0.038	0.190	0.140	0.196	0.203	0.241	0.185	0.202	0.207	0.168	0.254	0.177	0.045	0.226	0.236	0.243	0.040	0.196	0.156	0.175	0.172	0.171	0.230	0.208	0.198	0.039	0.204	0.152	0.207	0.184	0.214	0.220	0.038
35:52:09	25.1	0.104	0.150	0.159	0.173	0.155	0.175	0.177	0.127	0.179	0.212	0.156	0.241	0.203	0.225	0.240	0.038	0.192	0.141	0.195	0.203	0.243	0.185	0.203	0.208	0.167	0.255	0.180	0.045	0.228	0.240	0.247	0.039	0.196	0.157	0.175	0.172	0.172	0.231	0.209	0.200	0.039	0.204	0.154	0.208	0.186	0.216	0.222	0.038
36:07:51	25.1	0.102	0.150	0.159	0.174	0.156	0.176	0.177	0.126	0.180	0.213	0.160	0.244	0.209	0.229	0.244	0.038	0.193	0.141	0.196	0.204	0.246	0.186	0.203	0.209	0.169	0.255	0.184	0.045	0.233	0.242	0.250	0.040	0.196	0.157	0.175	0.173	0.172	0.232	0.210	0.201	0.039	0.206	0.157	0.210	0.190	0.219	0.224	0.038
36:23:34	25.1	0.100	0.147	0.159	0.172	0.155	0.176	0.175	0.123	0.179	0.212	0.162	0.247	0.211	0.232	0.245	0.038	0.194	0.141	0.193	0.203	0.245	0.183	0.204	0.209	0.168	0.254	0.186	0.045	0.235	0.247	0.254	0.040	0.197	0.157	0.175	0.173	0.171	0.232	0.211	0.201	0.039	0.206	0.158	0.211	0.191	0.221	0.225	0.038
36:39:17	25.1	0.097	0.149	0.159	0.174	0.157	0.177	0.176	0.121	0.180	0.214	0.165	0.250	0.214	0.236	0.250	0.038	0.195	0.143	0.194	0.204	0.247	0.184	0.207	0.211	0.168	0.256	0.190	0.045	0.238	0.252	0.259	0.040	0.198	0.159	0.178	0.173	0.172	0.234	0.212	0.204	0.039	0.207	0.161	0.215	0.195	0.223	0.229	0.038
36:54:59	25.1	0.096	0.149	0.161	0.174	0.156	0.177	0.176	0.120	0.181	0.215	0.167	0.254	0.218	0.238	0.252	0.038	0.195	0.142	0.194	0.205	0.249	0.185	0.208	0.212	0.169	0.257	0.193	0.045	0.242	0.256	0.262	0.040	0.199	0.158	0.178	0.175	0.173	0.235	0.213	0.205	0.039	0.207	0.163	0.215	0.196	0.226	0.229	0.038
37:10:42	25.1	0.093	0.148	0.161	0.173	0.157	0.178	0.175	0.118	0.182	0.216	0.170	0.258	0.220	0.241	0.256	0.038	0.194	0.142	0.194	0.203	0.250	0.184	0.207	0.213	0.169	0.257	0.197	0.045	0.245	0.259	0.265	0.040	0.199	0.158	0.178	0.174	0.172	0.235	0.216	0.206	0.039	0.209	0.165	0.219	0.200	0.228	0.232	0.038
37:26:25	25.1	0.091	0.147	0.161	0.173	0.157	0.179	0.176	0.115	0.182	0.217	0.174	0.261	0.224	0.246	0.260	0.038	0.196	0.142	0.194	0.203	0.251	0.184	0.208	0.213	0.169	0.257	0.199	0.045	0.249	0.263	0.270	0.039	0.199	0.159	0.178	0.174	0.173	0.237	0.217	0.207	0.039	0.208	0.168	0.220	0.203	0.231	0.234	0.038
37:42:07	25.1	0.089	0.147	0.163	0.173	0.157	0.180	0.176	0.113	0.182	0.218	0.177	0.263	0.228	0.251	0.263	0.038	0.195	0.141	0.194	0.203	0.252	0.183	0.210	0.215	0.170	0.257	0.203	0.045	0.253	0.268	0.273	0.039	0.200	0.159	0.179	0.175	0.173	0.238	0.217	0.209	0.039	0.210	0.171	0.224	0.206	0.233	0.237	0.038
37:57:50	25.1	0.086	0.146	0.161	0.173	0.159	0.180	0.176	0.111	0.183	0.219	0.180	0.269	0.231	0.255	0.267	0.038	0.197	0.141	0.194	0.204	0.255	0.183	0.211	0.216	0.169	0.259	0.205	0.045	0.258	0.273	0.279	0.039	0.201	0.159	0.179	0.175	0.175	0.239	0.219	0.210	0.039	0.210	0.172	0.225	0.208	0.236	0.239	0.038
38:13:33	25.1	0.085	0.143	0.160	0.173	0.159	0.180	0.174	0.108	0.183	0.220	0.184	0.271	0.235	0.259	0.271	0.038	0.196	0.141	0.194	0.203	0.256	0.182	0.211	0.216	0.170	0.259	0.211	0.045	0.259	0.277	0.283	0.039	0.201	0.158	0.179	0.175	0.173	0.239	0.219	0.209	0.039	0.210	0.176	0.226	0.211	0.236	0.241	0.038
38:29:15	25.1	0.082	0.144	0.161	0.174	0.161	0.181	0.175	0.106	0.184	0.220	0.186	0.276	0.239	0.263	0.275	0.038	0.198	0.142	0.193	0.204	0.257	0.184	0.214	0.218	0.171	0.261	0.215	0.045	0.265	0.281	0.287	0.039	0.202	0.160	0.181	0.176	0.175	0.241	0.220	0.211	0.039	0.210	0.178	0.228	0.214	0.241	0.244	0.038
38:44:58	25.1	0.080	0.144	0.161	0.173	0.160	0.181	0.176	0.103	0.184	0.221	0.189	0.281	0.243	0.267	0.278	0.038	0.197	0.141	0.194	0.204	0.259	0.183	0.213	0.219	0.171	0.261	0.218	0.046	0.268	0.286	0.290	0.039	0.202	0.159	0.179	0.175	0.174	0.242	0.222	0.212	0.039	0.210	0.180	0.232	0.217	0.243	0.246	0.038
39:00:40	25.0	0.078	0.143	0.160	0.173	0.160	0.181	0.176	0.101	0.185	0.222	0.193	0.282	0.246	0.271	0.281	0.038	0.198	0.142	0.193	0.204	0.260	0.183	0.215	0.221	0.173	0.262	0.220	0.046	0.272	0.288	0.294	0.040	0.203	0.161	0.180	0.177	0.175	0.243	0.221	0.213	0.039	0.210	0.183	0.231	0.218	0.245	0.249	0.038
39:16:23	25.1	0.074	0.142	0.159	0.173	0.161	0.182	0.175	0.098	0.184	0.223	0.196	0.285	0.251	0.274	0.284	0.038	0.199	0.143	0.193	0.205	0.261	0.183	0.216	0.222	0.173	0.263	0.225	0.046	0.276	0.294	0.298	0.040	0.203	0.160	0.181	0.177	0.175	0.244	0.223	0.214	0.039	0.210	0.186	0.234	0.220	0.248	0.250	0.038
39:32:05	25.1	0.072	0.141	0.158	0.173	0.160	0.181	0.176	0.095	0.185	0.223	0.199	0.289	0.254	0.278	0.287	0.038	0.199	0.143	0.193	0.205	0.262	0.183	0.217	0.222	0.173	0.263	0.228	0.046	0.279	0.298	0.300	0.039	0.203	0.162	0.182	0.178	0.176	0.245	0.224	0.215	0.039	0.209	0.188	0.236	0.223	0.248	0.252	0.038
39:47:48	25.1	0.069	0.141	0.158	0.173	0.160	0.181	0.176	0.091	0.186	0.223	0.203	0.292	0.258	0.281	0.291	0.038	0.198	0.143	0.194	0.204	0.263	0.182	0.218	0.222	0.173	0.263	0.231	0.046	0.283	0.302	0.304	0.040	0.204	0.162	0.183	0.178	0.176	0.245	0.224	0.215	0.039	0.209	0.191	0.238	0.225	0.252	0.253	0.038
40:03:31	25.0	0.067	0.141	0.157	0.173	0.159	0.181	0.176	0.087	0.187	0.224	0.205	0.296	0.262	0.286	0.292	0.038	0.199	0.143	0.194	0.205	0.263	0.181	0.219	0.224	0.173	0.263	0.235	0.046	0.286	0.305	0.307	0.039	0.204	0.164	0.183	0.177	0.177	0.246	0.225	0.216	0.039	0.209	0.193	0.239	0.226	0.252	0.255	0.038
40:19:13	25.1	0.064	0.140	0.157	0.173	0.159	0.180	0.176	0.085	0.186	0.223	0.209	0.298	0.265	0.288	0.296	0.038	0.200	0.144	0.194	0.205	0.265	0.182	0.220	0.224	0.173	0.263	0.238	0.046	0.290	0.311	0.310	0.039	0.204	0.163	0.184	0.178	0.177	0.247	0.226	0.217	0.039	0.209	0.196	0.241	0.229	0.255	0.256	0.038
40:34:56	25.1	0.061	0.139	0.156	0.173	0.159	0.180	0.176	0.081	0.187	0.225	0.213	0.302	0.269	0.291	0.297	0.038	0.201	0.144	0.194	0.205	0.266	0.182	0.220	0.225	0.174	0.264	0.242	0.046	0.293	0.315	0.315	0.040	0.204	0.164	0.184	0.177	0.177	0.249	0.227	0.218	0.039	0.209	0.197	0.241	0.230	0.258	0.258	0.038
40:50:39	25.1	0.059	0.138	0.156	0.173	0.158	0.180	0.176	0.079	0.187	0.226	0.215	0.304	0.272	0.295	0.300	0.038	0.200	0.145	0.194	0.205	0.266	0.181	0.221	0.226	0.174	0.264	0.246	0.047	0.297	0.318	0.316	0.040	0.205	0.165	0.184	0.178	0.176	0.249	0.227	0.218	0.039	0.209	0.200	0.244	0.233	0.258	0.259	0.038
41:06:21	25.1	0.056	0.138	0.154	0.173	0.158	0.180	0.175	0.075	0.187	0.227	0.220	0.306	0.275	0.299	0.304	0.038	0.201	0.144	0.194	0.204	0.267	0.181	0.221	0.227	0.175	0.263	0.250	0.047	0.299	0.320	0.319	0.039	0.205	0.165	0.185	0.178	0.176	0.249	0.227	0.219	0.039	0.209	0.203	0.246	0.235	0.261	0.260	0.038
41:22:04	25.1	0.054	0.135	0.153	0.171	0.156	0.179	0.173	0.072	0.187	0.225	0.221	0.309	0.278	0.301	0.304	0.038	0.201	0.143	0.192	0.203	0.267	0.179	0.221	0.226	0.174	0.263	0.254	0.047	0.301	0.324	0.321	0.039	0.204	0.164	0.184	0.178	0.175	0.249	0.229	0.218	0.039	0.207	0.205	0.248	0.236	0.261	0.260	0.038
41:37:47	25.0	0.052	0.136	0.153	0.172	0.156	0.179	0.174	0.069	0.189	0.227	0.225	0.313	0.280	0.305	0.308	0.038	0.202	0.144	0.194	0.204	0.269	0.180	0.223	0.228	0.175	0.265	0.258	0.047	0.306	0.327	0.324	0.039	0.204	0.165	0.186	0.178	0.177	0.251	0.229	0.220	0.039	0.208	0.207	0.250	0.240	0.264	0.262	0.038
41:53:29	25.0	0.049	0.135	0.153	0.171	0.156	0.179	0.174	0.066	0.189	0.229	0.229	0.317	0.284	0.309	0.311	0.038	0.202	0.143	0.194	0.205	0.270	0.180	0.223	0.229	0.176	0.267	0.259	0.047	0.311	0.333	0.329	0.039	0.204	0.166	0.186	0.179	0.177	0.253	0.230	0.221	0.039	0.206	0.209	0.250	0.240	0.267	0.264	0.038
42:09:12	25.1	0.048	0.135	0.152	0.171	0.156	0.179	0.173	0.063	0.190	0.229	0.233	0.318	0.286	0.312	0.313	0.038	0.203	0.143	0.194	0.205	0.271	0.180	0.224	0.229	0.175	0.266	0.263	0.047	0.313	0.334	0.331	0.039	0.205	0.166	0.185	0.180	0.178	0.254	0.230	0.221	0.039	0.206	0.211	0.252	0.244	0.268	0.265	0.038
42:24:55	25.1	0.045	0.131	0.151	0.169	0.153	0.178	0.171	0.060	0.190	0.229	0.236	0.319	0.289	0.314	0.314	0.038	0.203	0.142	0.193	0.204	0.271	0.179	0.223	0.229	0.175	0.266	0.266	0.047	0.315	0.339	0.333	0.040	0.204	0.166	0.185	0.179	0.175	0.253	0.229	0.220	0.039	0.204	0.213	0.253	0.244	0.268	0.264	0.038
42:40:37	25.0	0.043	0.131	0.151	0.168	0.153	0.177	0.172	0.057	0.190	0.229	0.239	0.322	0.291	0.318	0.316	0.038	0.203	0.143	0.193	0.204	0.273	0.179	0.224	0.229	0.175	0.266	0.271	0.047	0.318	0.342	0.337	0.039	0.204	0.166	0.188	0.179	0.176	0.254	0.229	0.222	0.039	0.203	0.214	0.254	0.247	0.270	0.266	0.038
42:56:20	25.1	0.042	0.130	0.149	0.169	0.152	0.176	0.171	0.053	0.190	0.230	0.242	0.325	0.296	0.321	0.317	0.038	0.204	0.143	0.192	0.204	0.272	0.178	0.224	0.229	0.176	0.268	0.273	0.048	0.322	0.347	0.340	0.039	0.204	0.166	0.186	0.180	0.176	0.255	0.231	0.222	0.039	0.203	0.217	0.256	0.248	0.273	0.266	0.038
43:12:03	25.1	0.041	0.130	0.149	0.167	0.151	0.175	0.170	0.051	0.191	0.231	0.244	0.329	0.298	0.325	0.322	0.038	0.203	0.144	0.192	0.203	0.272	0.178	0.224	0.230	0.176	0.267	0.276	0.048	0.324	0.350	0.342	0.039	0.203	0.167	0.186	0.180	0.176	0.255	0.231	0.224	0.039	0.203	0.218	0.258	0.250	0.272	0.269	0.038
43:27:46	25.1	0.041	0.128	0.148	0.167	0.150	0.175	0.169	0.048	0.191	0.231	0.249	0.331	0.302	0.327	0.323	0.038	0.203	0.144	0.192	0.203	0.274	0.178	0.224	0.231	0.176	0.268	0.280	0.048	0.328	0.353	0.344	0.039	0.204	0.168	0.186	0.180	0.177	0.256	0.232	0.224	0.039	0.202	0.220	0.260	0.253	0.275	0.268	0.038
43:43:28	25.1	0.040	0.127	0.147	0.166	0.150	0.174	0.168	0.045	0.192	0.232	0.252	0.332	0.305	0.331	0.324	0.038	0.204	0.144	0.191	0.203	0.274	0.178	0.225	0.231	0.176	0.269	0.282	0.048	0.330	0.356	0.348	0.039	0.205	0.169	0.186	0.180	0.178	0.257	0.233	0.224	0.039	0.201	0.221	0.261	0.254	0.277	0.268	0.038
43:59:11	25.1	0.040	0.127	0.147	0.166	0.149	0.174	0.167	0.044	0.192	0.232	0.255	0.336	0.308	0.332	0.328	0.038	0.204	0.144	0.191	0.204	0.276	0.178	0.225	0.231	0.176	0.269	0.284	0.048	0.335	0.360	0.349	0.039	0.205	0.168	0.187	0.180	0.175	0.258	0.233	0.225	0.039	0.201	0.223	0.262	0.260	0.278	0.270	0.038
44:14:54	25.1	0.040	0.125	0.146	0.165	0.149	0.173	0.168	0.043	0.198	0.233	0.257	0.339	0.312	0.336	0.329	0.038	0.205	0.144	0.192	0.203	0.277	0.177	0.225	0.232	0.177	0.269	0.288	0.048	0.338	0.363	0.354	0.039	0.206	0.168	0.186	0.179	0.175	0.258	0.233	0.224	0.039	0.201	0.224	0.264	0.262	0.281	0.270	0.038
44:30:36	25.0	0.040	0.125	0.145	0.165	0.148	0.173	0.166	0.042	0.202	0.233	0.262	0.342	0.317	0.338	0.333	0.038	0.206	0.145	0.191	0.205	0.276	0.177	0.226	0.232	0.177	0.270	0.290	0.048	0.341	0.366	0.354	0.039	0.206	0.168	0.188	0.180	0.176	0.259	0.234	0.225	0.039	0.200	0.226	0.265	0.263	0.281	0.271	0.038
44:46:19	25.1	0.040	0.124	0.145	0.163	0.148	0.172	0.165	0.042	0.201	0.234	0.264	0.343	0.320	0.341	0.333	0.038	0.206	0.145	0.191	0.204	0.278	0.178	0.226	0.233	0.178	0.269	0.294	0.049	0.343	0.371	0.359	0.039	0.207	0.170	0.187	0.180	0.176	0.260	0.234	0.225	0.039	0.200	0.227	0.265	0.265	0.281	0.274	0.038
45:02:02	25.1	0.040	0.123	0.144	0.163	0.147	0.171	0.164	0.042	0.200	0.235	0.266	0.344	0.321	0.344	0.335	0.038	0.207	0.145	0.191	0.205	0.279	0.177	0.226	0.233	0.178	0.270	0.296	0.048	0.347	0.373	0.362	0.039	0.207	0.170	0.187	0.180	0.176	0.261	0.234	0.225	0.038	0.199	0.228	0.266	0.267	0.284	0.273	0.038
45:17:45	25.1	0.040	0.125	0.143	0.164	0.148	0.172	0.164	0.042	0.200	0.235	0.270	0.351	0.327	0.349	0.340	0.038	0.207	0.146	0.192	0.205	0.280	0.178	0.227	0.234	0.179	0.272	0.299	0.049	0.351	0.375	0.365	0.039	0.209	0.171	0.188	0.180	0.177	0.263	0.235	0.226	0.039	0.200	0.230	0.269	0.268	0.286	0.273	0.038
45:33:27	25.1	0.040	0.123	0.142	0.162	0.146	0.170	0.162	0.042	0.199	0.237	0.271	0.352	0.329	0.349	0.339	0.038	0.207	0.145	0.190	0.204	0.280	0.177	0.226	0.234	0.178	0.271	0.303	0.049	0.353	0.380	0.367	0.039	0.215	0.170	0.188	0.180	0.176	0.262	0.235	0.225	0.038	0.200	0.230	0.269	0.269	0.286	0.274	0.038
45:49:10	25.1	0.040	0.122	0.141	0.162	0.148	0.170	0.161	0.041	0.199	0.238	0.274	0.356	0.331	0.354	0.345	0.038	0.208	0.146	0.193	0.206	0.282	0.179	0.228	0.235	0.179	0.273	0.303	0.049	0.357	0.383	0.372	0.039	0.216	0.172	0.189	0.181	0.178	0.264	0.236	0.226	0.038	0.200	0.233	0.271	0.271	0.287	0.273	0.038
46:04:53	25.1	0.040	0.121	0.140	0.161	0.145	0.167	0.160	0.042	0.198	0.238	0.276	0.358	0.335	0.354	0.344	0.038	0.209	0.146	0.191	0.206	0.282	0.178	0.228	0.236	0.179	0.272	0.309	0.049	0.360	0.386	0.373	0.039	0.216	0.171	0.189	0.180	0.177	0.264	0.236	0.224	0.038	0.198	0.234	0.272	0.271	0.287	0.273	0.038
46:20:36	25.1	0.040	0.121	0.140	0.160	0.144	0.167	0.159	0.041	0.197	0.239	0.279	0.358	0.338	0.357	0.347	0.038	0.209	0.148	0.191	0.204	0.282	0.176	0.229	0.236	0.179	0.273	0.311	0.049	0.362	0.387	0.376	0.039	0.216	0.172	0.189	0.182	0.177	0.265	0.238	0.224	0.038	0.198	0.237	0.270	0.272	0.287	0.273	0.038
46:36:18	25.1	0.040	0.121	0.139	0.161	0.146	0.167	0.159	0.041	0.197	0.240	0.282	0.362	0.341	0.362	0.350	0.038	0.211	0.148	0.192	0.205	0.282	0.176	0.230	0.239	0.179	0.274	0.313	0.050	0.365	0.391	0.379	0.039	0.217	0.173	0.191	0.181	0.179	0.267	0.239	0.226	0.038	0.198	0.237	0.273	0.274	0.290	0.274	0.038
46:52:01	25.1	0.039	0.119	0.138	0.158	0.143	0.166	0.157	0.041	0.196	0.239	0.283	0.364	0.342	0.362	0.351	0.038	0.210	0.148	0.191	0.205	0.283	0.174	0.229	0.238	0.179	0.273	0.316	0.050	0.369	0.394	0.382	0.039	0.214	0.174	0.190	0.181	0.177	0.266	0.238	0.224	0.038	0.196	0.236	0.274	0.274	0.291	0.273	0.038
47:07:44	25.1	0.039	0.119	0.137	0.159	0.144	0.165	0.155	0.041	0.196	0.241	0.287	0.367	0.347	0.365	0.355	0.038	0.212	0.149	0.192	0.204	0.285	0.177	0.231	0.240	0.180	0.275	0.321	0.050	0.372	0.397	0.384	0.039	0.217	0.174	0.191	0.181	0.179	0.268	0.240	0.226	0.038	0.197	0.239	0.275	0.276	0.291	0.274	0.038
47:23:27	25.1	0.039	0.117	0.136	0.158	0.142	0.163	0.153	0.041	0.195	0.240	0.288	0.368	0.349	0.366	0.355	0.038	0.211	0.148	0.189	0.204	0.285	0.174	0.230	0.240	0.180	0.274	0.322	0.050	0.373	0.400	0.385	0.039	0.215	0.175	0.191	0.179	0.177	0.268	0.239	0.224	0.038	0.194	0.238	0.275	0.275	0.292	0.272	0.038
47:39:09	25.1	0.039	0.117	0.136	0.158	0.142	0.163	0.151	0.041	0.194	0.242	0.292	0.369	0.353	0.371	0.357	0.038	0.213	0.149	0.190	0.205	0.285	0.177	0.232	0.240	0.181	0.276	0.324	0.050	0.376	0.403	0.390	0.039	0.215	0.175	0.192	0.182	0.179	0.270	0.241	0.225	0.038	0.194	0.240	0.277	0.278	0.294	0.272	0.037
47:54:52	25.1	0.039	0.117	0.136	0.157	0.142	0.161	0.149	0.041	0.195	0.242	0.294	0.373	0.356	0.373	0.360	0.038	0.212	0.149	0.190	0.204	0.286	0.175	0.232	0.242	0.183	0.276	0.328	0.051	0.379	0.407	0.392	0.039	0.215	0.177	0.192	0.182	0.180	0.271	0.241	0.225	0.038	0.193	0.241	0.279	0.278	0.293	0.271	0.037
48:10:35	25.1	0.039	0.116	0.135	0.156	0.141	0.160	0.147	0.041	0.194	0.243	0.297	0.375	0.360	0.375	0.361	0.038	0.213	0.150	0.190	0.204	0.287	0.176	0.233	0.243	0.182	0.278	0.331	0.050	0.382	0.407	0.395	0.039	0.214	0.179	0.192	0.182	0.179	0.271	0.241	0.224	0.038	0.192	0.242	0.279	0.280	0.295	0.272	0.037
48:26:17	25.1	0.039	0.115	0.134	0.155	0.140	0.159	0.145	0.041	0.193	0.242	0.299	0.377	0.361	0.378	0.362	0.038	0.213	0.151	0.190	0.205	0.287	0.176	0.234	0.243	0.184	0.278	0.334	0.051	0.385	0.411	0.396	0.039	0.214	0.180	0.193	0.182	0.180	0.272	0.242	0.224	0.038	0.191	0.242	0.281	0.279	0.295	0.271	0.037
48:42:00	25.1	0.038	0.113	0.133	0.155	0.140	0.158	0.144	0.041	0.193	0.243	0.302	0.380	0.365	0.381	0.364	0.038	0.213	0.151	0.190	0.204	0.288	0.176	0.234	0.244	0.183	0.278	0.335	0.051	0.386	0.413	0.399	0.039	0.213	0.182	0.194	0.183	0.179	0.272	0.242	0.224	0.038	0.190	0.244	0.279	0.280	0.296	0.269	0.037
48:57:43	25.1	0.038	0.112	0.133	0.153	0.139	0.157	0.142	0.040	0.193	0.242	0.302	0.381	0.366	0.382	0.365	0.038	0.214	0.150	0.190	0.205	0.288	0.175	0.233	0.243	0.183	0.279	0.339	0.051	0.388	0.417	0.401	0.039	0.212	0.182	0.193	0.182	0.179	0.273	0.242	0.224	0.038	0.189	0.243	0.280	0.281	0.295	0.269	0.037
49:13:25	25.1	0.038	0.110	0.133	0.153	0.138	0.157	0.139	0.040	0.193	0.244	0.306	0.384	0.368	0.386	0.367	0.038	0.214	0.152	0.190	0.204	0.287	0.175	0.234	0.245	0.184	0.280	0.341	0.051	0.390	0.418	0.402	0.039	0.211	0.183	0.193	0.183	0.179	0.274	0.242	0.224	0.038	0.188	0.245	0.280	0.281	0.295	0.267	0.037
49:29:07	25.1	0.038	0.109	0.132	0.151	0.137	0.156	0.137	0.040	0.193	0.244	0.307	0.385	0.371	0.385	0.368	0.038	0.215	0.151	0.189	0.204	0.289	0.175	0.234	0.246	0.184	0.279	0.343	0.051	0.392	0.421	0.404	0.039	0.210	0.183	0.194	0.182	0.180	0.274	0.242	0.223	0.038	0.187	0.244	0.279	0.281	0.296	0.267	0.037
49:44:50	25.1	0.038	0.108	0.132	0.151	0.136	0.156	0.134	0.040	0.192	0.244	0.309	0.385	0.372	0.389	0.369	0.038	0.216	0.151	0.189	0.205	0.290	0.176	0.235	0.246	0.185	0.280	0.345	0.051	0.394	0.423	0.406	0.039	0.208	0.185	0.195	0.183	0.181	0.274	0.243	0.223	0.038	0.186	0.245	0.280	0.280	0.296	0.265	0.037
50:00:33	25.1	0.038	0.106	0.131	0.149	0.135	0.153	0.132	0.040	0.190	0.243	0.311	0.387	0.373	0.389	0.370	0.038	0.215	0.151	0.187	0.204	0.288	0.174	0.234	0.246	0.185	0.280	0.349	0.052	0.396	0.425	0.406	0.039	0.207	0.184	0.194	0.181	0.179	0.274	0.242	0.220	0.038	0.184	0.244	0.279	0.280	0.295	0.264	0.037
50:16:16	25.1	0.038	0.104	0.131	0.149	0.134	0.153	0.129	0.040	0.190	0.245	0.312	0.388	0.377	0.393	0.371	0.038	0.216	0.152	0.188	0.206	0.289	0.175	0.235	0.247	0.185	0.281	0.350	0.052	0.399	0.426	0.410	0.039	0.207	0.184	0.196	0.183	0.181	0.275	0.243	0.222	0.038	0.185	0.245	0.283	0.281	0.296	0.264	0.037
50:31:58	25.1	0.038	0.103	0.130	0.149	0.133	0.152	0.127	0.039	0.190	0.245	0.317	0.392	0.378	0.396	0.374	0.038	0.216	0.153	0.188	0.205	0.289	0.176	0.237	0.248	0.186	0.280	0.352	0.052	0.400	0.430	0.411	0.039	0.207	0.186	0.197	0.183	0.181	0.276	0.244	0.222	0.038	0.184	0.246	0.278	0.281	0.294	0.263	0.037

Results
	1	2	3	4	5	6	7	8
A	-0.197	-0.216	0.140	0.166	-0.204	0.395	0.280	-0.305	Max V [600]
	1.000	1.000	1.000	1.000	1.000	1.000	1.000	1.000	R-Squared [600]
	39:08:32	38:05:42	27:21:35	23:10:13	45:57:02	34:10:02	32:04:21	39:39:57	t at Max V [600]
	41:56:05	46:05:03	17:35:03	16:09:20	?????	28:50:58	25:02:14	42:24:19	Lagtime [600]
B	0.433	0.261	0.299	0.592	0.382	0.471	0.369	-0.013	Max V [600]
	1.000	1.000	1.000	1.000	1.000	1.000	1.000	1.000	R-Squared [600]
	44:07:03	0:07:52	50:24:07	0:07:52	45:09:54	0:07:52	45:41:19	1:26:25	t at Max V [600]
	38:13:53	0:00:00	35:27:03	0:00:00	32:55:40	0:00:00	32:09:44	1:10:42	Lagtime [600]
C	0.274	0.274	-0.407	0.172	0.363	0.375	0.210	0.204	Max V [600]
	1.000	1.000	1.000	1.000	1.000	1.000	1.000	1.000	R-Squared [600]
	0:07:52	0:07:52	0:07:52	19:30:17	31:01:31	0:07:52	24:44:29	46:28:27	t at Max V [600]
	0:00:00	0:00:00	0:00:00	12:44:07	23:16:46	0:00:00	16:44:38	30:53:19	Lagtime [600]
D	0.216	0.464	0.324	0.140	0.376	0.554	0.496	-0.013	Max V [600]
	1.000	1.000	1.000	1.000	1.000	1.000	1.000	1.000	R-Squared [600]
	0:07:52	0:07:52	45:57:02	18:43:10	38:21:24	0:07:52	0:07:52	17:56:02	t at Max V [600]
	0:00:00	0:00:00	32:15:36	18:36:01	28:52:36	0:00:00	0:00:00	17:48:11	Lagtime [600]
E	0.363	0.172	0.204	0.394	0.255	0.223	0.331	0.248	Max V [600]
	1.000	1.000	1.000	1.000	1.000	1.000	1.000	1.000	R-Squared [600]
	0:07:52	45:41:19	0:07:52	0:07:52	0:07:52	23:41:38	0:07:52	0:07:52	t at Max V [600]
	0:00:00	33:07:47	0:00:00	0:00:00	0:00:00	15:49:58	0:00:00	0:00:00	Lagtime [600]
F	0.083	-0.827	-0.350	0.394	0.369	-2.742	0.274	0.013	Max V [600]
	1.000	1.000	1.000	1.000	1.000	1.000	1.000	1.000	R-Squared [600]
	0:39:17	0:07:52	0:07:52	0:07:52	43:51:20	0:07:52	33:07:12	11:39:02	t at Max V [600]
	0:32:38	0:00:00	0:00:00	0:00:00	34:20:39	0:00:00	23:34:38	12:02:36	Lagtime [600]

